% Version 1.00
%
% Ref Impedances: Z01: 50, Z02: 50
% 
%freq[Hz];db:Trc1_S11;ang:Trc1_S11;
1.000000000000000E+005,-1.277238162617201E+000,1.074292508353197E+002,
2.226950354609929E+006,-1.629592720063127E+000,1.026069649482737E+002,
4.353900709219858E+006,-1.789285061563727E+000,9.666356290829795E+001,
6.480851063829787E+006,-1.915076115095578E+000,9.096986152956845E+001,
8.607801418439716E+006,-2.463226784089750E+000,8.796988127790141E+001,
1.073475177304965E+007,-2.269243544060857E+000,8.906841528581465E+001,
1.286170212765957E+007,-2.162318553256879E+000,8.306545889792682E+001,
1.498865248226950E+007,-2.246822335987167E+000,7.917345649676561E+001,
1.711560283687943E+007,-2.342775457380177E+000,7.526410520863304E+001,
1.924255319148936E+007,-2.542843408915009E+000,7.091818552180777E+001,
2.136950354609929E+007,-2.823829897383035E+000,7.104393986451609E+001,
2.349645390070922E+007,-2.746193674918784E+000,6.733288672353170E+001,
2.562340425531915E+007,-2.840202829166845E+000,6.418241571410546E+001,
2.775035460992908E+007,-3.034418982659048E+000,6.145140181176897E+001,
2.987730496453901E+007,-3.174401650118041E+000,5.896464515340453E+001,
3.200425531914894E+007,-3.355185178377734E+000,5.609819655877313E+001,
3.413120567375886E+007,-3.528290710341240E+000,5.368777179343412E+001,
3.625815602836879E+007,-4.393424167075204E+000,5.248339437879324E+001,
3.838510638297872E+007,-3.809389887309143E+000,4.995718786861781E+001,
4.051205673758865E+007,-3.996063921938085E+000,4.664796394753729E+001,
4.263900709219858E+007,-4.145544171176560E+000,4.502043678555515E+001,
4.476595744680851E+007,-4.558173021418201E+000,4.294920001400215E+001,
4.689290780141844E+007,-4.608868473049197E+000,3.914684280673428E+001,
4.901985815602837E+007,-4.882197867675131E+000,3.734974743610642E+001,
5.114680851063830E+007,-5.232795235739035E+000,3.461115139408563E+001,
5.327375886524823E+007,-5.269299973017172E+000,3.413457861301851E+001,
5.540070921985816E+007,-5.397226970192605E+000,2.939447052273821E+001,
5.752765957446808E+007,-5.570887553547061E+000,2.733983415515296E+001,
5.965460992907801E+007,-5.828463881732673E+000,2.316288472163386E+001,
6.178156028368794E+007,-6.247460989246223E+000,1.739982688035441E+001,
6.390851063829787E+007,-6.763991427767557E+000,1.512022233745227E+001,
6.603546099290780E+007,-7.053469595363513E+000,1.246524008282320E+001,
6.816241134751773E+007,-7.653457508915312E+000,8.199898031636343E+000,
7.028936170212767E+007,-8.203631958399239E+000,1.553370937363477E+000,
7.241631205673759E+007,-8.883323391687762E+000,-1.435240792158947E+000,
7.454326241134751E+007,-1.017493018500974E+001,-9.628303230708591E+000,
7.667021276595745E+007,-1.185314730220621E+001,-1.402879082570619E+001,
7.879716312056738E+007,-1.382791267188178E+001,-2.311164983848036E+001,
8.092411347517730E+007,-1.698620569283282E+001,-2.723469236765574E+001,
8.305106382978723E+007,-2.280748160823226E+001,-4.483456462919444E+001,
8.517801418439716E+007,-4.416892875267443E+001,-6.612361446148259E+001,
8.730496453900710E+007,-2.242169087301310E+001,1.189768111909218E+002,
8.943191489361702E+007,-1.701561927052219E+001,1.110907495199082E+002,
9.155886524822694E+007,-1.443483182879366E+001,9.976570249081939E+001,
9.368581560283688E+007,-1.307524770504151E+001,8.969031317407844E+001,
9.581276595744681E+007,-1.192501870300688E+001,8.498605632633867E+001,
9.793971631205674E+007,-1.166836086357777E+001,8.214220530876061E+001,
1.000666666666667E+008,-1.148953938507351E+001,7.488238410921981E+001,
1.021936170212766E+008,-1.100920338507771E+001,7.519142432026523E+001,
1.043205673758865E+008,-1.099873564160737E+001,7.400940372695492E+001,
1.064475177304965E+008,-1.073113975813616E+001,7.146840233259076E+001,
1.085744680851064E+008,-1.042882523954954E+001,6.661505090931405E+001,
1.107014184397163E+008,-1.033426980915741E+001,6.628853807668139E+001,
1.128283687943263E+008,-1.033429494123445E+001,6.579421545611911E+001,
1.149553191489362E+008,-1.044259936137557E+001,6.092011870450516E+001,
1.170822695035461E+008,-1.044706028204717E+001,5.958057214751295E+001,
1.192092198581560E+008,-1.082015201264273E+001,6.025454486471409E+001,
1.213361702127660E+008,-1.110568702391798E+001,5.948038015177399E+001,
1.234631205673759E+008,-1.112410457816799E+001,6.040073648537214E+001,
1.255900709219858E+008,-1.098712086973553E+001,6.067683440713813E+001,
1.277170212765957E+008,-1.144162162794802E+001,6.106466700613273E+001,
1.298439716312057E+008,-1.131262555974646E+001,5.854079978861869E+001,
1.319709219858156E+008,-1.065233959536970E+001,5.730665452184892E+001,
1.340978723404255E+008,-1.078867304221031E+001,5.617059799274819E+001,
1.362248226950355E+008,-1.078513941823186E+001,5.350862075441197E+001,
1.383517730496454E+008,-1.023813632745451E+001,5.005765448386423E+001,
1.404787234042553E+008,-1.001051458608987E+001,4.619848176396547E+001,
1.426056737588652E+008,-1.015085781539285E+001,4.160046474465889E+001,
1.447326241134752E+008,-9.997989429315439E+000,3.412727492450568E+001,
1.468595744680851E+008,-9.654662101964526E+000,2.829085215347870E+001,
1.489865248226950E+008,-9.924726653631081E+000,2.353934275746136E+001,
1.511134751773050E+008,-9.646903216558094E+000,1.503374689242072E+001,
1.532404255319149E+008,-9.551828137924209E+000,9.855806030116218E+000,
1.553673758865248E+008,-9.468240480548582E+000,3.958400984169870E+000,
1.574943262411348E+008,-9.406783927403138E+000,-5.473162189107473E+000,
1.596212765957447E+008,-8.960711222619821E+000,-1.466330130275086E+001,
1.617482269503546E+008,-8.837692137655019E+000,-2.142368931699020E+001,
1.638751773049645E+008,-8.825878395226567E+000,-3.319549097585715E+001,
1.660021276595745E+008,-8.384571218034198E+000,-4.311289975188244E+001,
1.681290780141844E+008,-8.184583305977141E+000,-4.869693361444772E+001,
1.702560283687943E+008,-8.074064302718599E+000,-5.836526649979452E+001,
1.723829787234043E+008,-7.754126515187445E+000,-6.728927308104407E+001,
1.745099290780142E+008,-7.454894178235037E+000,-7.224581577214597E+001,
1.766368794326241E+008,-7.406671587276815E+000,-8.062402248428002E+001,
1.787638297872340E+008,-7.249429477371542E+000,-8.979749055952810E+001,
1.808907801418440E+008,-7.020481798460818E+000,-9.593641949534663E+001,
1.830177304964539E+008,-7.212637022076359E+000,-1.008002298434623E+002,
1.851446808510638E+008,-7.253130237348073E+000,-1.097243688743580E+002,
1.872716312056738E+008,-7.212008569115259E+000,-1.135272791087304E+002,
1.893985815602837E+008,-7.268960759241536E+000,-1.167893279545940E+002,
1.915255319148936E+008,-7.504422788867256E+000,-1.224262374811000E+002,
1.936524822695035E+008,-7.454136220499992E+000,-1.259828739459567E+002,
1.957794326241135E+008,-7.496899083405275E+000,-1.275878939859199E+002,
1.979063829787234E+008,-7.780903316274850E+000,-1.313616966894563E+002,
2.000333333333333E+008,-7.920410298548941E+000,-1.357693213243372E+002,
2.021602836879433E+008,-7.942064794754783E+000,-1.348004027572257E+002,
2.042872340425532E+008,-8.154044261382754E+000,-1.356706976491136E+002,
2.064141843971631E+008,-8.288860936862843E+000,-1.371891116537734E+002,
2.085411347517731E+008,-7.991897640647744E+000,-1.369677808274048E+002,
2.106680851063830E+008,-7.896111371444372E+000,-1.374328088469703E+002,
2.127950354609929E+008,-7.902106258867856E+000,-1.433374602675091E+002,
2.149219858156028E+008,-8.030568379961423E+000,-1.462098343400600E+002,
2.170489361702128E+008,-8.125714910906650E+000,-1.471292031150264E+002,
2.191758865248227E+008,-8.453186438190068E+000,-1.497164950538782E+002,
2.213028368794326E+008,-8.402523455268739E+000,-1.537236365493039E+002,
2.234297872340426E+008,-8.295791452624957E+000,-1.561046152318548E+002,
2.255567375886525E+008,-8.649474210772260E+000,-1.596552379858068E+002,
2.276836879432624E+008,-8.849800394559253E+000,-1.661594200660127E+002,
2.298106382978723E+008,-9.153382184534088E+000,-1.709712997352003E+002,
2.319375886524823E+008,-9.861272656612050E+000,-1.742272346808259E+002,
2.340645390070922E+008,-1.067137093724441E+001,-1.795382629776233E+002,
2.361914893617021E+008,-1.112298855605296E+001,1.755969186041182E+002,
2.383184397163121E+008,-1.153890854098613E+001,1.725738945983048E+002,
2.404453900709220E+008,-1.233962359672468E+001,1.663969609687572E+002,
2.425723404255319E+008,-1.316672136414735E+001,1.572225173288447E+002,
2.446992907801418E+008,-1.409830621448727E+001,1.545359934164021E+002,
2.468262411347518E+008,-1.603906620513804E+001,1.464531447241345E+002,
2.489531914893617E+008,-1.751577536682710E+001,1.366171837050517E+002,
2.510801418439716E+008,-1.878202279772978E+001,1.280704571536166E+002,
2.532070921985816E+008,-2.336405195432668E+001,1.145028815605491E+002,
2.553340425531915E+008,-2.684753097238525E+001,7.249071083259452E+001,
2.574609929078014E+008,-2.680748008170456E+001,4.470460836034410E+001,
2.595879432624114E+008,-2.833624175277880E+001,-1.158832902304566E-001,
2.617148936170213E+008,-2.271571439908124E+001,-2.250671633686473E+001,
2.638418439716312E+008,-2.122103269124660E+001,-2.189918154457519E+001,
2.659687943262411E+008,-2.110096568213479E+001,-4.958618609698201E+001,
2.680957446808510E+008,-1.916171818584553E+001,-6.075793037501362E+001,
2.702226950354610E+008,-1.892198082274250E+001,-6.240053991757563E+001,
2.723496453900709E+008,-1.976590530843981E+001,-7.394061786670245E+001,
2.744765957446808E+008,-1.918351862642091E+001,-8.312375808074367E+001,
2.766035460992908E+008,-1.913974283035027E+001,-8.375204901761873E+001,
2.787304964539007E+008,-1.915631617966006E+001,-8.615452124700273E+001,
2.808574468085107E+008,-1.968985879508248E+001,-9.889875970798914E+001,
2.829843971631206E+008,-1.966427306153036E+001,-9.938046825988829E+001,
2.851113475177305E+008,-2.103540407252008E+001,-9.847105347499016E+001,
2.872382978723404E+008,-2.322385975184453E+001,-1.180640464925406E+002,
2.893652482269504E+008,-2.471627559257482E+001,-1.204818772727937E+002,
2.914921985815603E+008,-2.748115006074528E+001,-1.079370003405757E+002,
2.936191489361702E+008,-2.796014441357630E+001,-9.874453205699122E+001,
2.957460992907801E+008,-3.164381246201770E+001,-1.219836931987427E+002,
2.978730496453900E+008,-2.976640921913904E+001,-9.524625490662768E+001,
3.000000000000000E+008,-3.660814297236569E+001,-9.503674383161655E+001,
