% Version 1.00
%
% Ref Impedances: Z01: 50, Z02: 50
% 
%freq[Hz];db:Trc1_S11;ang:Trc1_S11;
1.000000000000000E+005,-1.274992141799162E+000,1.074380121395199E+002,
2.174273858921162E+006,-1.606679561269752E+000,1.086997121788987E+002,
4.248547717842324E+006,-1.774125052402260E+000,1.083838170776845E+002,
6.322821576763486E+006,-1.910220535995610E+000,1.084328050147520E+002,
8.397095435684647E+006,-2.468640685348337E+000,1.111374887423007E+002,
1.047136929460581E+007,-2.464165393423865E+000,1.189137557273834E+002,
1.254564315352697E+007,-2.080666327054884E+000,1.183694071240182E+002,
1.461991701244813E+007,-2.115690508046251E+000,1.205313972066367E+002,
1.669419087136930E+007,-2.137025892948696E+000,1.230731034508554E+002,
1.876846473029046E+007,-2.224046935976672E+000,1.252195454222824E+002,
2.084273858921162E+007,-2.548979774527690E+000,1.304180418195546E+002,
2.291701244813278E+007,-2.264719560115237E+000,1.342940738398416E+002,
2.499128630705394E+007,-2.279877367469108E+000,1.380364472554270E+002,
2.706556016597511E+007,-2.376594157640061E+000,1.421107906813398E+002,
2.913983402489626E+007,-2.456662038256957E+000,1.466066903621492E+002,
3.121410788381743E+007,-2.575148313164783E+000,1.512880497565153E+002,
3.328838174273859E+007,-2.749217158728978E+000,1.564181816610251E+002,
3.536265560165975E+007,-2.945785850379115E+000,1.615959706545415E+002,
3.743692946058092E+007,-3.192112042729687E+000,1.689599797283909E+002,
3.951120331950208E+007,-3.422517135558232E+000,1.754524972155568E+002,
4.158547717842324E+007,-3.659901092492822E+000,-1.777018727582431E+002,
4.365975103734440E+007,-3.958140169837098E+000,-1.710700309568907E+002,
4.573402489626556E+007,-4.411629844976905E+000,-1.606968826395919E+002,
4.780829875518672E+007,-4.727416287900466E+000,-1.532119639822247E+002,
4.988257261410788E+007,-5.200294778256021E+000,-1.428556161259177E+002,
5.195684647302905E+007,-5.238353147027944E+000,-1.310793977082554E+002,
5.403112033195021E+007,-5.483927968301721E+000,-1.224160231728307E+002,
5.610539419087137E+007,-5.415543181657458E+000,-1.138253975393328E+002,
5.817966804979253E+007,-5.541505116067550E+000,-1.046832233500141E+002,
6.025394190871369E+007,-5.665893014070821E+000,-9.721593316299877E+001,
6.232821576763485E+007,-6.066230079890657E+000,-9.414475738530481E+001,
6.440248962655602E+007,-6.324559791605140E+000,-8.450054239757277E+001,
6.647676348547718E+007,-6.623886343532861E+000,-7.644836937834577E+001,
6.855103734439834E+007,-7.167869567128122E+000,-7.184140432606800E+001,
7.062531120331951E+007,-7.659172866983885E+000,-6.780473298331916E+001,
7.269958506224066E+007,-8.512534590004986E+000,-6.068521585566509E+001,
7.477385892116183E+007,-9.758987108324993E+000,-5.913631540243698E+001,
7.684813278008299E+007,-1.148029173795427E+001,-5.390154788586543E+001,
7.892240663900416E+007,-1.350740457590218E+001,-5.224180794027973E+001,
8.099668049792531E+007,-1.685965609916540E+001,-4.591121740384774E+001,
8.307095435684648E+007,-2.267524889585117E+001,-5.129402892635672E+001,
8.514522821576764E+007,-4.562953150697420E+001,-7.907508575750333E+000,
8.721950207468879E+007,-2.191265931981202E+001,1.248111620455423E+002,
8.929377593360996E+007,-1.656777322819245E+001,1.280664347527832E+002,
9.136804979253112E+007,-1.409380849532185E+001,1.266336397240841E+002,
9.344232365145229E+007,-1.293564153090633E+001,1.251598333573068E+002,
9.551659751037344E+007,-1.214373443517347E+001,1.306094561868678E+002,
9.759087136929461E+007,-1.189009765489096E+001,1.390404696813500E+002,
9.966514522821577E+007,-1.215921173769389E+001,1.434410431556482E+002,
1.017394190871369E+008,-1.158590936065505E+001,1.536234785233116E+002,
1.038136929460581E+008,-1.129782861187828E+001,1.649262587711046E+002,
1.058879668049793E+008,-1.085021305840338E+001,1.737030634358281E+002,
1.079622406639004E+008,-1.024764216636516E+001,1.788723199481127E+002,
1.100365145228216E+008,-9.617142993054168E+000,-1.731947151744182E+002,
1.121107883817428E+008,-9.138709363104077E+000,-1.654467456091425E+002,
1.141850622406639E+008,-9.078588984443282E+000,-1.592913426657732E+002,
1.162593360995851E+008,-8.541660097688986E+000,-1.541225250715312E+002,
1.183336099585062E+008,-8.161433594182926E+000,-1.466749779749268E+002,
1.204078838174274E+008,-8.108105613520682E+000,-1.439547110035117E+002,
1.224821576763486E+008,-8.124904031297763E+000,-1.397396644652507E+002,
1.245564315352697E+008,-8.215432662986199E+000,-1.359033577357219E+002,
1.266307053941909E+008,-8.596214217168306E+000,-1.290298441573160E+002,
1.287049792531120E+008,-8.989017410028414E+000,-1.258742399291464E+002,
1.307792531120332E+008,-8.978475428085559E+000,-1.211581101465736E+002,
1.328535269709544E+008,-9.061142993415453E+000,-1.148283992285971E+002,
1.349278008298755E+008,-9.844257607057884E+000,-1.112096467271083E+002,
1.370020746887967E+008,-1.022976438303838E+001,-1.044979442998754E+002,
1.390763485477178E+008,-1.035503544222359E+001,-9.759848985318401E+001,
1.411506224066390E+008,-1.079374354077833E+001,-8.817028334775716E+001,
1.432248962655602E+008,-1.120816514310778E+001,-8.166341372742258E+001,
1.452991701244813E+008,-1.094928328283611E+001,-7.437962962596275E+001,
1.473734439834025E+008,-1.036265721600952E+001,-6.611436599635424E+001,
1.494477178423237E+008,-1.048664439627220E+001,-6.257165746205395E+001,
1.515219917012448E+008,-1.003726074901134E+001,-5.900272508687812E+001,
1.535962655601660E+008,-9.811996325032053E+000,-5.370377870118507E+001,
1.556705394190871E+008,-9.650918375288955E+000,-4.909774759520589E+001,
1.577448132780083E+008,-9.394857623482052E+000,-4.855007756340151E+001,
1.598190871369295E+008,-8.823473230515559E+000,-4.761219331914328E+001,
1.618933609958506E+008,-8.660212735001739E+000,-4.571541711768161E+001,
1.639676348547718E+008,-8.651935015187901E+000,-4.879109328939547E+001,
1.660419087136930E+008,-8.284083979830514E+000,-4.972188770710513E+001,
1.681161825726141E+008,-8.221363736247895E+000,-4.650073831615358E+001,
1.701904564315353E+008,-8.250364822985597E+000,-4.704029153666782E+001,
1.722647302904564E+008,-8.092305162919244E+000,-4.697742397470694E+001,
1.743390041493776E+008,-7.898486943762933E+000,-4.280646309353330E+001,
1.764132780082988E+008,-8.027973183241929E+000,-4.143485906256922E+001,
1.784875518672199E+008,-8.040442078838941E+000,-4.099124643206961E+001,
1.805618257261411E+008,-7.906759562681296E+000,-3.739117142196137E+001,
1.826360995850622E+008,-8.022415616783537E+000,-3.055449979251308E+001,
1.847103734439834E+008,-8.047716335231334E+000,-2.913006993596883E+001,
1.867846473029046E+008,-7.849749283109986E+000,-2.437813103348576E+001,
1.888589211618257E+008,-7.690763275315508E+000,-1.780962895107053E+001,
1.909331950207469E+008,-7.720202460214376E+000,-1.250018840710900E+001,
1.930074688796681E+008,-7.455016867733261E+000,-9.554717507417523E+000,
1.950817427385892E+008,-7.255888075651081E+000,-3.053036199726328E+000,
1.971560165975104E+008,-7.230007103557029E+000,2.199121005047450E+000,
1.992302904564315E+008,-7.246042779604260E+000,3.652594213210365E+000,
2.013045643153527E+008,-7.128024594063671E+000,8.115463858578453E+000,
2.033788381742739E+008,-7.299188640242921E+000,1.392582617137510E+001,
2.054531120331950E+008,-7.513928856822006E+000,1.716819819324640E+001,
2.075273858921162E+008,-7.688183481089885E+000,1.995061197272647E+001,
2.096016597510374E+008,-8.030338351008263E+000,2.750129698454351E+001,
2.116759336099585E+008,-8.381227395677300E+000,3.204676733494632E+001,
2.137502074688797E+008,-8.778966340925873E+000,3.477355628786162E+001,
2.158244813278008E+008,-9.319709928568486E+000,4.307182733669713E+001,
2.178987551867220E+008,-9.858064768718061E+000,5.222758139355074E+001,
2.199730290456432E+008,-1.038785141347099E+001,5.776176699617113E+001,
2.220473029045643E+008,-1.052149741308995E+001,6.678818342760307E+001,
2.241215767634855E+008,-1.058915832133489E+001,7.852125211101492E+001,
2.261958506224066E+008,-1.087824670354801E+001,8.635273161930790E+001,
2.282701244813278E+008,-1.057033329721993E+001,9.220784474679148E+001,
2.303443983402490E+008,-1.044744135084543E+001,9.770194092507505E+001,
2.324186721991701E+008,-1.087924090200310E+001,1.029574960314751E+002,
2.344929460580913E+008,-1.136211643383800E+001,1.059812418982001E+002,
2.365672199170125E+008,-1.157270224075464E+001,1.101704232111583E+002,
2.386414937759336E+008,-1.192884876769873E+001,1.166416331907146E+002,
2.407157676348548E+008,-1.251424252212881E+001,1.196851595709831E+002,
2.427900414937759E+008,-1.306338280662203E+001,1.189404521367325E+002,
2.448643153526971E+008,-1.400845876137599E+001,1.245195802797379E+002,
2.469385892116183E+008,-1.585651117413844E+001,1.240570529792386E+002,
2.490128630705394E+008,-1.732500660358111E+001,1.239606910835025E+002,
2.510871369294606E+008,-1.873700010576435E+001,1.264904522926984E+002,
2.531614107883818E+008,-2.360996739964478E+001,1.283452669519874E+002,
2.552356846473029E+008,-2.975938362221253E+001,1.100902812040787E+002,
2.573099585062241E+008,-3.455130579619051E+001,1.079932004090772E+002,
2.593842323651452E+008,-3.825857390670539E+001,-8.185223357607582E+001,
2.614585062240664E+008,-2.923666471084719E+001,-3.116288437496067E+001,
2.635327800829876E+008,-3.038866303519924E+001,-1.625858523203560E+001,
2.656070539419087E+008,-2.770459895784011E+001,-6.207879312424574E+001,
2.676813278008299E+008,-2.584648791507328E+001,-5.121175796922240E+001,
2.697556016597511E+008,-2.954268166678780E+001,-3.690053675631119E+001,
2.718298755186722E+008,-3.468471401454369E+001,-5.843031693920734E+001,
2.739041493775933E+008,-3.487341604929326E+001,-3.870099224279646E+001,
2.759784232365145E+008,-3.424402156225040E+001,3.351508682357246E+001,
2.780526970954357E+008,-3.110017571460732E+001,6.295703237560019E+001,
2.801269709543569E+008,-3.025412438861737E+001,8.847481241318083E+001,
2.822012448132780E+008,-2.599920159805856E+001,7.965645400282219E+001,
2.842755186721992E+008,-2.356048190382913E+001,9.215949681727456E+001,
2.863497925311204E+008,-2.356417467123524E+001,1.074803626712603E+002,
2.884240663900415E+008,-2.232251319371384E+001,9.375494670547121E+001,
2.904983402489626E+008,-2.108795008213055E+001,8.711606077298995E+001,
2.925726141078838E+008,-2.198984629831960E+001,7.934551822077917E+001,
2.946468879668050E+008,-2.411838683721588E+001,7.590590127826329E+001,
2.967211618257262E+008,-2.314628832936240E+001,6.001833848425790E+001,
2.987954356846473E+008,-2.707796973823463E+001,5.259713664209984E+001,
3.008697095435685E+008,-2.704931234489783E+001,2.355659965663961E+001,
3.029439834024896E+008,-2.563737869353659E+001,1.608339806968392E+001,
3.050182572614108E+008,-2.520477332028180E+001,3.586971177186181E+000,
3.070925311203319E+008,-2.385769544801592E+001,-2.132282483658632E+001,
3.091668049792531E+008,-2.128425313398556E+001,-2.189378916575756E+001,
3.112410788381743E+008,-2.090053133113947E+001,-2.776494326469802E+001,
3.133153526970955E+008,-2.132614275835583E+001,-4.311709608070233E+001,
3.153896265560166E+008,-2.039889345570132E+001,-3.305894820283816E+001,
3.174639004149377E+008,-2.250036035002760E+001,-2.019659269479846E+001,
3.195381742738589E+008,-2.312401667170505E+001,-1.021309970371359E+001,
3.216124481327801E+008,-2.186805369479134E+001,-7.286265806533145E+000,
3.236867219917013E+008,-2.059135626871572E+001,1.959313587058127E+001,
3.257609958506224E+008,-2.188304128552712E+001,3.826935209950361E+001,
3.278352697095436E+008,-2.011395408947350E+001,5.084453496360063E+001,
3.299095435684648E+008,-1.718245816571551E+001,6.389760832389535E+001,
3.319838174273859E+008,-1.539106154085985E+001,7.837466049374194E+001,
3.340580912863070E+008,-1.438671952108647E+001,7.501594685311358E+001,
3.361323651452282E+008,-1.290875518450245E+001,7.733736756958652E+001,
3.382066390041494E+008,-1.213890986636426E+001,8.607017406319497E+001,
3.402809128630706E+008,-1.187823949328514E+001,9.082008432939468E+001,
3.423551867219917E+008,-1.149284195117427E+001,9.001741911645583E+001,
3.444294605809129E+008,-1.098654057206903E+001,9.634447076192294E+001,
3.465037344398341E+008,-1.110667512090711E+001,1.033863723396553E+002,
3.485780082987552E+008,-1.126377138778595E+001,1.034580782731299E+002,
3.506522821576763E+008,-1.119749861583694E+001,1.088502491502116E+002,
3.527265560165975E+008,-1.172695016202663E+001,1.190692539043091E+002,
3.548008298755187E+008,-1.265547063009413E+001,1.290073264050435E+002,
3.568751037344399E+008,-1.260814897400041E+001,1.375884442145538E+002,
3.589493775933610E+008,-1.199305242888594E+001,1.510233079682323E+002,
3.610236514522822E+008,-1.193809191270616E+001,1.645160397058301E+002,
3.630979253112033E+008,-1.181778018419476E+001,1.734872986405225E+002,
3.651721991701245E+008,-1.122998265748382E+001,-1.781521822335449E+002,
3.672464730290456E+008,-1.059648539101253E+001,-1.671834241077728E+002,
3.693207468879668E+008,-1.028948246214070E+001,-1.560980345265448E+002,
3.713950207468880E+008,-9.687330204774456E+000,-1.550360964379719E+002,
3.734692946058092E+008,-9.248701784086045E+000,-1.504758583122442E+002,
3.755435684647303E+008,-9.388008779836486E+000,-1.437288651635160E+002,
3.776178423236514E+008,-9.730599228463772E+000,-1.388997154262108E+002,
3.796921161825726E+008,-9.657143489866890E+000,-1.343114202404050E+002,
3.817663900414938E+008,-1.007483843923054E+001,-1.221053666287058E+002,
3.838406639004149E+008,-1.051816423111545E+001,-1.164267797663575E+002,
3.859149377593361E+008,-1.092895301853199E+001,-1.123512098206455E+002,
3.879892116182573E+008,-1.090560045075484E+001,-1.035489866864986E+002,
3.900634854771785E+008,-1.131612799011531E+001,-9.045299744803779E+001,
3.921377593360996E+008,-1.176038177907397E+001,-8.119776118532666E+001,
3.942120331950207E+008,-1.163494914931840E+001,-7.412393203403059E+001,
3.962863070539419E+008,-1.099707267459170E+001,-6.068073489024750E+001,
3.983605809128631E+008,-1.101431569258968E+001,-5.307193263110150E+001,
4.004348547717843E+008,-1.081424652542552E+001,-5.058379057661532E+001,
4.025091286307054E+008,-1.044918684333521E+001,-4.473588037255462E+001,
4.045834024896266E+008,-1.050987652920166E+001,-4.057870127468944E+001,
4.066576763485477E+008,-1.078141826936072E+001,-3.900097045451317E+001,
4.087319502074689E+008,-1.075894974254117E+001,-4.231038633457447E+001,
4.108062240663900E+008,-1.101526784786565E+001,-4.156794977525818E+001,
4.128804979253112E+008,-1.186434585919930E+001,-4.398860567618365E+001,
4.149547717842324E+008,-1.257632667613321E+001,-5.086336813608660E+001,
4.170290456431536E+008,-1.344426083601253E+001,-5.691108557778166E+001,
4.191033195020747E+008,-1.528161603699886E+001,-6.891949908197232E+001,
4.211775933609958E+008,-1.599328154135156E+001,-7.991332557630241E+001,
4.232518672199170E+008,-1.634146721399814E+001,-9.103138249366168E+001,
4.253261410788382E+008,-1.701934651644179E+001,-1.019627633386151E+002,
4.274004149377593E+008,-1.593476975414368E+001,-1.167527358585997E+002,
4.294746887966805E+008,-1.547860371196619E+001,-1.216095959692977E+002,
4.315489626556017E+008,-1.509950400167069E+001,-1.274407082512179E+002,
4.336232365145229E+008,-1.431461987599594E+001,-1.332902835090853E+002,
4.356975103734440E+008,-1.420327838117481E+001,-1.314943092072830E+002,
4.377717842323651E+008,-1.463750892178738E+001,-1.281859802021431E+002,
4.398460580912863E+008,-1.461227838815226E+001,-1.259773874461580E+002,
4.419203319502075E+008,-1.410476789270563E+001,-1.170179022226609E+002,
4.439946058091286E+008,-1.383183988832455E+001,-1.074223235752650E+002,
4.460688796680498E+008,-1.358872593632681E+001,-1.044204829196604E+002,
4.481431535269710E+008,-1.345380837503576E+001,-9.675842067297869E+001,
4.502174273858921E+008,-1.275241330038927E+001,-8.989096179229416E+001,
4.522917012448133E+008,-1.305294347113618E+001,-8.180752482772775E+001,
4.543659751037344E+008,-1.289367335730216E+001,-7.787291195742975E+001,
4.564402489626556E+008,-1.250436921512057E+001,-7.213261505077229E+001,
4.585145228215768E+008,-1.268962540520911E+001,-6.915499016274238E+001,
4.605887966804979E+008,-1.335924418850387E+001,-6.535321032566883E+001,
4.626630705394191E+008,-1.356050320562299E+001,-6.338130246752772E+001,
4.647373443983402E+008,-1.435985692467018E+001,-5.827564244485440E+001,
4.668116182572614E+008,-1.590409805851393E+001,-5.366638237373827E+001,
4.688858921161826E+008,-1.704362939303581E+001,-4.694412935924613E+001,
4.709601659751037E+008,-1.917758913981734E+001,-3.400391979852311E+001,
4.730344398340249E+008,-2.229767030951780E+001,-2.107586802901525E+001,
4.751087136929461E+008,-2.564469699179802E+001,8.141347869059489E+000,
4.771829875518673E+008,-2.570425874917415E+001,5.276397494534341E+001,
4.792572614107884E+008,-2.194005685121297E+001,8.844675330098239E+001,
4.813315352697095E+008,-1.965550361824269E+001,9.726904846318250E+001,
4.834058091286307E+008,-1.774990973255269E+001,1.010739706858177E+002,
4.854800829875519E+008,-1.655310844916529E+001,1.095957557732337E+002,
4.875543568464730E+008,-1.612609920535056E+001,1.155498973675790E+002,
4.896286307053942E+008,-1.591394739517168E+001,1.200804652150837E+002,
4.917029045643154E+008,-1.571197763688370E+001,1.249572348574960E+002,
4.937771784232366E+008,-1.634796143792949E+001,1.364733405122222E+002,
4.958514522821577E+008,-1.650216331655832E+001,1.452828653027480E+002,
4.979257261410788E+008,-1.735542683000269E+001,1.485119370733021E+002,
5.000000000000000E+008,-1.769617324596918E+001,1.691392235141509E+002,
