-0.010788
-0.005208
0.000516
0.006275
0.010922
0.012145
0.006743
-0.008745
-0.037180
-0.079994
-0.136566
-0.204026
-0.277526
-0.350957
-0.417933
-0.472841
-0.511724
-0.532838
-0.536820
-0.526478
-0.506299
-0.481779
-0.458674
-0.442227
-0.436431
-0.443350
-0.462588
-0.490990
-0.522701
-0.549692
-0.562792
-0.553145
-0.513904
-0.441810
-0.338291
-0.209735
-0.066757
0.077505
0.209731
0.318918
0.398438
0.447159
0.469346
0.473352
0.469373
0.466804
0.471796
0.485603
0.504149
0.518956
0.519312
0.495191
0.440277
0.354320
0.244146
0.122938
0.007803
-0.083914
-0.138684
-0.150192
-0.121136
-0.062858
0.007163
0.069361
0.106618
0.108092
0.071350
0.002322
-0.086799
-0.181019
-0.266361
-0.333011
-0.377079
-0.400656
-0.410332
-0.414710
-0.421606
-0.435636
-0.456749
-0.480007
-0.496626
-0.496036
-0.468486
-0.407591
-0.312247
-0.187417
-0.043586
0.105036
0.243154
0.357260
0.438036
0.481740
0.490244
0.469793
0.428810
0.375383
0.315091
0.249793
0.177721
0.094881
-0.002596
-0.115845
-0.241164
-0.369122
-0.485278
-0.572492
-0.614395
-0.599261
-0.523368
-0.393003
-0.224488
-0.042018
0.126431
0.254383
0.322268
0.321725
0.257751
0.148076
0.019763
-0.096301
-0.171812
-0.186900
-0.134076
-0.019386
0.139434
0.317277
0.487326
0.626689
0.720675
0.764868
0.764704
0.732919
0.685697
0.638526
0.602767
0.583597
0.579644
0.584205
0.587651
0.580375
0.555613
0.511492
0.451826
0.385446
0.324142
0.279637
0.260274
0.268260
0.298252
0.337842
0.370019
0.377201
0.345901
0.270862
0.157464
0.021626
-0.113034
-0.220219
-0.277009
-0.269422
-0.196019
-0.068564
0.090484
0.253019
0.391593
0.485393
0.524431
0.510993
0.458122
0.385609
0.314571
0.261967
0.236369
0.236001
0.249456
0.258892
0.244875
0.191661
0.091591
-0.052453
-0.227116
-0.411095
-0.579439
-0.708554
-0.780715
-0.787088
-0.728718
-0.615434
-0.463160
-0.290372
-0.114589
0.050400
0.196072
0.319320
0.421364
0.505764
0.576053
0.633562
0.675972
0.697052
0.687765
0.638679
0.543209
0.400936
0.220069
0.018182
-0.179337
-0.343135
-0.445425
-0.466041
-0.397579
-0.248227
-0.041412
0.187947
0.399923
0.557449
0.633860
0.618345
0.518043
0.356207
0.166823
-0.013111
-0.151798
-0.229417
-0.241806
-0.200232
-0.127413
-0.050922
0.004208
0.021711
-0.002467
-0.060285
-0.135057
-0.207083
-0.259699
-0.283954
-0.280596
-0.258896
-0.232860
-0.216146
-0.217356
-0.237176
-0.268177
-0.297221
-0.309576
-0.293392
-0.243144
-0.161084
-0.056436
0.057231
0.165531
0.256598
0.323412
0.364656
0.384179
0.389435
0.389468
0.392931
0.406476
0.433668
0.474452
0.525142
0.578924
0.626860
0.659354
0.667932
0.647055
0.595562
0.517315
0.420749
0.317274
0.218830
0.135160
0.071523
0.027504
-0.002730
-0.028702
-0.060839
-0.107284
-0.171095
-0.248556
-0.329116
-0.397118
-0.435073
-0.427824
-0.366641
-0.252223
-0.095733
0.082557
0.256873
0.401075
0.494162
0.524839
0.494007
0.414524
0.308244
0.201031
0.116978
0.073217
0.076548
0.122591
0.197467
0.281393
0.353160
0.394373
0.392616
0.343074
0.248670
0.119057
-0.031060
-0.183899
-0.320673
-0.423708
-0.478569
-0.476066
-0.413820
-0.297049
-0.138266
0.044181
0.228503
0.392357
0.515717
0.583250
0.585962
0.522010
0.396801
0.222496
0.017026
-0.197355
-0.396041
-0.554609
-0.651857
-0.673053
-0.612888
-0.477426
-0.284386
-0.061333
0.158173
0.339886
0.454622
0.483240
0.419802
0.272292
0.060821
-0.186158
-0.436743
-0.660536
-0.832732
-0.936722
-0.965007
-0.918608
-0.805456
-0.638323
-0.432845
-0.205955
0.025173
0.243804
0.434193
0.582267
0.676613
0.709761
0.679572
0.590409
0.453639
0.287078
0.113104
-0.044469
-0.164345
-0.231690
-0.241098
-0.197692
-0.115908
-0.016146
0.079948
0.154344
0.196443
0.204935
0.187419
0.158068
0.134088
0.131877
0.163663
0.235130
0.344258
0.481360
0.630220
0.770168
0.878954
0.936161
0.926818
0.844661
0.694411
0.492408
0.265107
0.045323
-0.133378
-0.243198
-0.268159
-0.208182
-0.079977
0.085818
0.250873
0.377483
0.437021
0.416413
0.320950
0.172643
0.004488
-0.147914
-0.255198
-0.301242
-0.286550
-0.227228
-0.149936
-0.084321
-0.054975
-0.075049
-0.143065
-0.243577
-0.351307
-0.437580
-0.477418
-0.455641
-0.370613
-0.234904
-0.072796
0.084750
0.206503
0.267325
0.253124
0.163401
0.011003
-0.180667
-0.382208
-0.563535
-0.698912
-0.770924
-0.772831
-0.709099
-0.594065
-0.448969
-0.297763
-0.162403
-0.058516
0.007582
0.039716
0.050162
0.055706
0.072380
0.110253
0.169760
0.240703
0.304365
0.338308
0.322665
0.246243
0.110769
-0.067965
-0.262484
-0.439055
-0.564854
-0.615149
-0.578752
-0.460465
-0.279988
-0.067650
0.141955
0.316877
0.433673
0.481022
0.460510
0.384754
0.273667
0.149963
0.034973
-0.054500
-0.107998
-0.122005
-0.099609
-0.049517
0.015421
0.080124
0.129564
0.151228
0.137384
0.086652
0.004464
-0.097812
-0.204955
-0.300766
-0.371120
-0.406591
-0.404106
-0.367323
-0.305612
-0.231833
-0.159312
-0.098702
-0.055503
-0.028924
-0.012461
0.003936
0.030719
0.075577
0.141175
0.224457
0.317605
0.410223
0.491932
0.554517
0.593010
0.605561
0.592400
0.554530
0.492789
0.407716
0.300258
0.172951
0.031002
-0.117304
-0.261234
-0.389222
-0.491093
-0.560270
-0.595280
-0.600110
-0.583250
-0.555656
-0.528165
-0.509029
-0.502210
-0.506813
-0.517758
-0.527380
-0.527463
-0.511122
-0.474093
-0.415295
-0.336755
-0.243198
-0.141561
-0.040531
0.050023
0.119911
0.159949
0.163658
0.128970
0.059421
-0.035658
-0.142234
-0.243858
-0.324720
-0.372822
-0.382562
-0.356113
-0.303216
-0.239325
-0.182416
-0.149068
-0.150734
-0.191092
-0.265228
-0.360910
-0.461678
-0.550921
-0.615783
-0.649810
-0.653608
-0.633436
-0.598275
-0.556406
-0.512633
-0.467005
-0.415403
-0.351697
-0.270724
-0.171092
-0.056915
0.062051
0.171950
0.257653
0.306189
0.309926
0.268758
0.190721
0.090825
-0.011746
-0.097506
-0.150780
-0.163111
-0.135133
-0.076473
-0.003687
0.063249
0.105080
0.107110
0.061996
-0.028953
-0.156059
-0.302934
-0.449121
-0.573284
-0.656464
-0.684970
-0.652514
-0.561263
-0.421645
-0.250931
-0.070784
0.095844
0.228046
0.310040
0.333587
0.299330
0.216766
0.102700
-0.021684
-0.134662
-0.217912
-0.259639
-0.256077
-0.211061
-0.133907
-0.036397
0.070116
0.176587
0.276740
0.366256
0.441325
0.497415
0.528938
0.530117
0.496824
0.428778
0.331273
0.215722
0.098625
-0.000979
-0.065069
-0.080423
-0.041711
0.046856
0.171803
0.312663
0.445869
0.549515
0.607982
0.615372
0.576888
0.507706
0.429489
0.365240
0.333669
0.344424
0.395352
0.472509
0.552973
0.609845
0.618324
0.561485
0.434471
0.246183
0.018104
-0.219472
-0.432982
-0.591738
-0.673414
-0.667865
-0.578644
-0.422139
-0.224660
-0.018123
0.164942
0.296285
0.356117
0.335966
0.239811
0.083215
-0.109450
-0.309285
-0.487835
-0.621756
-0.696203
-0.706246
-0.656170
-0.556989
-0.423021
-0.268480
-0.104993
0.059411
0.219787
0.372632
0.513835
0.637044
0.733123
0.791021
0.799946
0.752303
0.646568
0.489182
0.294758
0.084270
-0.118502
-0.291541
-0.419042
-0.494592
-0.522207
-0.514904
-0.491117
-0.469867
-0.465910
-0.486044
-0.527471
-0.578539
-0.621590
-0.637194
-0.608729
-0.526329
-0.389375
-0.207105
0.002693
0.216552
0.409180
0.557526
0.644380
0.660913
0.607840
0.495114
0.340261
0.165634
-0.005066
-0.150546
-0.255417
-0.312817
-0.325566
-0.305430
-0.270425
-0.240605
-0.233247
-0.258586
-0.317249
-0.400056
-0.490241
-0.567482
-0.612649
-0.612068
-0.560338
-0.461168
-0.326278
-0.172812
-0.020014
0.114108
0.215477
0.275645
0.292333
0.268945
0.213306
0.136011
0.048741
-0.037124
-0.111474
-0.166007
-0.194511
-0.193049
-0.160190
-0.097252
-0.008426
0.099384
0.217137
0.334574
0.441331
0.527995
0.586903
0.612630
0.602245
0.555512
0.475181
0.367364
0.241812
0.111733
-0.007214
-0.098933
-0.149762
-0.151660
-0.104885
-0.019259
0.086610
0.188347
0.260615
0.282742
0.243853
0.146173
0.005523
-0.151386
-0.292454
-0.387355
-0.414719
-0.367590
-0.255749
-0.104228
0.051752
0.174314
0.231230
0.203154
0.088157
-0.097393
-0.321761
-0.543926
-0.721487
-0.818731
-0.813265
-0.699947
-0.491523
-0.216023
0.088401
0.380109
0.620819
0.781498
0.846401
0.814726
0.699814
0.526158
0.324891
0.128528
-0.034101
-0.141931
-0.184146
-0.160759
-0.081362
0.037554
0.176056
0.314259
0.435184
0.526527
0.581241
0.597102
0.575707
0.521373
0.440329
0.340324
0.230527
0.121350
0.023843
-0.051546
-0.096734
-0.107849
-0.086509
-0.039967
0.020174
0.080511
0.129058
0.158250
0.166869
0.160275
0.148818
0.144807
0.158844
0.196485
0.256158
0.328849
0.399696
0.451070
0.466426
0.434016
0.349610
0.217620
0.050422
-0.133917
-0.314916
-0.473154
-0.593131
-0.664920
-0.684432
-0.652526
-0.573563
-0.454111
-0.302347
-0.128283
0.055515
0.233421
0.387199
0.497876
0.548962
0.530311
0.441537
0.293789
0.109099
-0.082892
-0.250188
-0.364474
-0.406464
-0.369293
-0.259283
-0.094096
0.101011
0.297803
0.469453
0.593964
0.656265
0.649114
0.573104
0.436144
0.252566
0.041839
-0.173246
-0.369034
-0.523972
-0.621690
-0.653601
-0.620379
-0.531856
-0.405233
-0.261923
-0.123683
-0.008871
0.070382
0.109560
0.111529
0.084849
0.041104
-0.008132
-0.054059
-0.092547
-0.124787
-0.156494
-0.195811
-0.250338
-0.324024
-0.414782
-0.513609
-0.605659
-0.673187
-0.699695
-0.674199
-0.594418
-0.467940
-0.310999
-0.145185
0.006972
0.126346
0.200353
0.224279
0.200755
0.137933
0.047200
-0.058826
-0.167575
-0.267118
-0.346419
-0.395703
-0.407242
-0.376508
-0.303383
-0.192926
-0.055331
0.095090
0.241723
0.367906
0.459166
0.505072
0.500466
0.445984
0.347867
0.217102
0.067954
-0.084011
-0.224198
-0.341226
-0.428701
-0.486048
-0.518083
-0.533252
-0.540865
-0.547993
-0.556935
-0.564062
-0.560549
-0.534927
-0.476809
-0.380733
-0.248957
-0.092346
0.070954
0.218732
0.328936
0.383839
0.373198
0.295797
0.159291
-0.021380
-0.226483
-0.434347
-0.624131
-0.778180
-0.883763
-0.934088
-0.928521
-0.872072
-0.774259
-0.647621
-0.506158
-0.363981
-0.234327
-0.128907
-0.057412
-0.026923
-0.041044
-0.098817
-0.193722
-0.313286
-0.439804
-0.552439
-0.630548
-0.657595
-0.624700
-0.532826
-0.392913
-0.223777
-0.048247
0.111546
0.238563
0.323911
0.367914
0.379082
0.371389
0.360598
0.360499
0.379825
0.420351
0.476411
0.535800
0.581876
0.596576
0.563929
0.473575
0.323693
0.122699
-0.110757
-0.349764
-0.562888
-0.719127
-0.793163
-0.769906
-0.647426
-0.437694
-0.165018
0.137494
0.432732
0.684758
0.863518
0.948419
0.930437
0.812659
0.609420
0.344293
0.047218
-0.248886
-0.511725
-0.713107
-0.831982
-0.856749
-0.786627
-0.631941
-0.413254
-0.159323
0.096084
0.318350
0.476778
0.549381
0.526814
0.414572
0.232680
0.012619
-0.208189
-0.393276
-0.513961
-0.554527
-0.514552
-0.407891
-0.258671
-0.095396
0.055304
0.173819
0.250518
0.286134
0.289914
0.276321
0.261312
0.259041
0.279512
0.327286
0.401096
0.494113
0.594677
0.687490
0.755320
0.781289
0.751592
0.658297
0.501648
0.291260
0.045732
-0.209437
-0.445360
-0.634075
-0.752817
-0.787452
-0.734477
-0.601303
-0.404892
-0.169095
0.078815
0.311839
0.506654
0.646292
0.721792
0.732707
0.686479
0.596887
0.481848
0.360957
0.253082
0.174262
0.136015
0.144084
0.197610
0.288803
0.403297
0.521448
0.620742
0.679263
0.679757
0.613460
0.482657
0.301084
0.091735
-0.117623
-0.300255
-0.436070
-0.515556
-0.540939
-0.524306
-0.483314
-0.435831
-0.395133
-0.367031
-0.349609
-0.335399
-0.315015
-0.280900
-0.229905
-0.163963
-0.088839
-0.011692
0.061490
0.127512
0.186057
0.238308
0.284781
0.323408
0.348799
0.353181
0.328818
0.271124
0.181370
0.067917
-0.054601
-0.168082
-0.255029
-0.302713
-0.306239
-0.269585
-0.204347
-0.126568
-0.052612
0.004704
0.038613
0.048911
0.040512
0.020690
-0.003944
-0.029658
-0.056298
-0.086345
-0.122813
-0.166913
-0.216470
-0.265808
-0.307221
-0.333522
-0.340746
-0.329926
-0.307237
-0.282344
-0.265473
-0.264208
-0.281144
-0.313239
-0.353112
-0.391839
-0.422234
-0.441384
-0.451474
-0.458498
-0.469253
-0.487657
-0.511765
-0.532677
-0.535985
-0.505537
-0.428499
-0.300202
-0.127184
0.072661
0.273142
0.445351
0.564359
0.615197
0.596471
0.520557
0.410262
0.292818
0.192836
0.126153
0.096309
0.094609
0.103754
0.103929
0.079527
0.024466
-0.055508
-0.144230
-0.219759
-0.260812
-0.253011
-0.193055
-0.089654
0.038959
0.170038
0.282284
0.361008
0.401133
0.407435
0.392265
0.371633
0.360866
0.370888
0.405873
0.462515
0.530821
0.596079
0.641641
0.652115
0.616603
0.531521
0.402458
0.244518
0.080714
-0.061626
-0.156025
-0.182620
-0.133243
-0.014467
0.152357
0.334402
0.493506
0.593899
0.609785
0.531005
0.365440
0.137529
-0.116763
-0.357377
-0.548294
-0.664520
-0.696435
-0.650649
-0.547388
-0.415204
-0.284375
-0.180559
-0.120109
-0.107947
-0.138264
-0.197592
-0.269262
-0.337999
-0.393431
-0.431718
-0.455053
-0.469454
-0.481732
-0.496730
-0.515738
-0.536514
-0.554766
-0.566399
-0.569627
-0.566093
-0.560575
-0.559357
-0.567834
-0.588159
-0.617704
-0.648816
-0.669947
-0.667862
-0.630381
-0.549072
-0.421366
-0.251731
-0.051719
0.161188
0.365832
0.540511
0.666585
0.731963
0.733759
0.679421
0.585829
0.476267
0.375692
0.305258
0.277368
0.292589
0.339372
0.396870
0.440304
0.447588
0.405500
0.313700
0.185416
0.044482
-0.080584
-0.163933
-0.189170
-0.153733
-0.069644
0.039545
0.144726
0.218475
0.241595
0.207298
0.122054
0.003075
-0.126711
-0.244774
-0.334524
-0.388896
-0.411144
-0.412775
-0.409293
-0.414995
-0.438267
-0.478719
-0.526932
-0.566899
-0.580473
-0.552556
-0.475579
-0.352027
-0.194337
-0.022244
0.141646
0.276837
0.369186
0.413404
0.413326
0.380092
0.328819
0.274671
0.229249
0.198076
0.179672
0.166360
0.146625
0.108519
0.043394
-0.050864
-0.167916
-0.292992
-0.405104
-0.481218
-0.501611
-0.455199
-0.343423
-0.181512
0.003547
0.178136
0.309203
0.371858
0.355487
0.266751
0.128622
-0.024473
-0.154273
-0.227255
-0.222069
-0.134036
0.024307
0.226653
0.439348
0.629129
0.770243
0.849282
0.866764
0.835322
0.775224
0.708520
0.653344
0.619775
0.608150
0.610112
0.611950
0.599274
0.561718
0.496413
0.409279
0.313774
0.227409
0.166934
0.143470
0.158939
0.204784
0.263451
0.312346
0.329388
0.298803
0.215742
0.088521
-0.062174
-0.207096
-0.314527
-0.357343
-0.319455
-0.200068
-0.014661
0.207677
0.430059
0.615477
0.734591
0.771829
0.728377
0.621375
0.479476
0.335836
0.220160
0.151724
0.135044
0.159262
0.201380
0.232518
0.225585
0.162444
0.038773
-0.134526
-0.333605
-0.526980
-0.682454
-0.773964
-0.786745
-0.719728
-0.584825
-0.403496
-0.201615
-0.003932
0.170585
0.311544
0.417585
0.494577
0.552157
0.599570
0.641929
0.677888
0.699406
0.693731
0.647191
0.549866
0.399917
0.206352
-0.010692
-0.222497
-0.396777
-0.504159
-0.524662
-0.452641
-0.298938
-0.089601
0.138692
0.345612
0.495110
0.562627
0.540012
0.437049
0.279168
0.101761
-0.057725
-0.168122
-0.211382
-0.186233
-0.107741
-0.002878
0.096763
0.163179
0.178925
0.140984
0.060579
-0.040905
-0.138613
-0.211481
-0.247956
-0.248543
-0.224572
-0.193738
-0.173909
-0.177178
-0.205932
-0.252079
-0.299520
-0.329000
-0.323813
-0.274654
-0.182238
-0.057099
0.083244
0.218752
0.331673
0.410395
0.451489
0.459661
0.445878
0.424328
0.409014
0.410708
0.434829
0.480524
0.541021
0.605109
0.659446
0.691269
0.691005
0.654296
0.582978
0.484773
0.371692
0.257448
0.154463
0.071162
0.010237
-0.031673
-0.062778
-0.093686
-0.134276
-0.190624
-0.262706
-0.343458
-0.419494
-0.473493
-0.487876
-0.449087
-0.351529
-0.200150
-0.010865
0.191571
0.377999
0.520702
0.599342
0.605506
0.544673
0.435031
0.303368
0.179027
0.087411
0.044635
0.054571
0.108878
0.189798
0.274813
0.341843
0.373694
0.360834
0.302164
0.204072
0.078426
-0.059757
-0.194394
-0.309981
-0.392852
-0.432259
-0.421426
-0.358520
-0.247369
-0.097628
0.075789
0.254059
0.416441
0.542649
0.615290
0.622108
0.557798
0.425204
0.235713
0.008680
-0.230269
-0.452048
-0.627880
-0.733559
-0.753566
-0.684224
-0.535152
-0.328485
-0.095803
0.126828
0.304786
0.410654
0.428645
0.356836
0.206880
0.001377
-0.230403
-0.457504
-0.651997
-0.792612
-0.866767
-0.870889
-0.809243
-0.691788
-0.531727
-0.343354
-0.140625
0.063431
0.256623
0.427254
0.563974
0.656219
0.695365
0.676464
0.600116
0.473876
0.312574
0.137104
-0.028395
-0.160590
-0.241408
-0.261795
-0.223721
-0.139754
-0.030157
0.081799
0.175124
0.235644
0.258703
0.249507
0.221243
0.191633
0.178808
0.197401
0.255533
0.353062
0.481273
0.623951
0.759677
0.865100
0.918788
0.905146
0.817805
0.661805
0.453989
0.221253
-0.003370
-0.186324
-0.299897
-0.328072
-0.270449
-0.143111
0.024093
0.193537
0.327880
0.398359
0.391260
0.310857
0.177977
0.024464
-0.115065
-0.212025
-0.250888
-0.232597
-0.173493
-0.100183
-0.041829
-0.022044
-0.052539
-0.130147
-0.237811
-0.349126
-0.435123
-0.471536
-0.444801
-0.355430
-0.218083
-0.058448
0.092256
0.203844
0.253314
0.229248
0.133654
-0.018953
-0.204774
-0.395375
-0.562716
-0.683646
-0.743222
-0.736517
-0.668813
-0.554230
-0.412963
-0.267476
-0.138215
-0.039642
0.022526
0.052091
0.060799
0.064646
0.078899
0.113141
0.167744
0.232867
0.290444
0.318776
0.298614
0.219100
0.081964
-0.097283
-0.291604
-0.467711
-0.593126
-0.643315
-0.607143
-0.489343
-0.309424
-0.097380
0.112699
0.289510
0.410303
0.464304
0.453271
0.389431
0.291660
0.181073
0.077104
-0.005239
-0.056749
-0.074257
-0.060149
-0.021505
0.030993
0.084453
0.125526
0.142495
0.127410
0.077823
-0.002383
-0.103366
-0.210935
-0.309130
-0.383222
-0.422539
-0.422496
-0.385403
-0.319815
-0.238523
-0.155569
-0.082960
-0.027898
0.008714
0.032042
0.051408
0.077248
0.117867
0.176986
0.252772
0.338553
0.424815
0.501708
0.561185
0.598119
0.610238
0.597158
0.559158
0.496337
0.408615
0.296566
0.162711
0.012654
-0.144572
-0.297260
-0.432832
-0.540249
-0.612331
-0.647330
-0.649252
-0.626839
-0.591440
-0.554339
-0.524246
-0.505575
-0.497915
-0.496744
-0.495059
-0.485393
-0.461616
-0.420110
-0.360183
-0.283885
-0.195552
-0.101355
-0.008957
0.072853
0.134806
0.168280
0.166887
0.128197
0.055104
-0.043731
-0.154688
-0.261269
-0.347090
-0.399161
-0.410703
-0.382847
-0.324732
-0.251867
-0.183003
-0.136119
-0.124414
-0.153324
-0.219362
-0.311152
-0.412424
-0.506122
-0.578447
-0.621697
-0.635126
-0.623729
-0.595502
-0.558145
-0.516352
-0.470512
-0.417186
-0.351095
-0.267914
-0.166912
-0.052615
0.065079
0.172384
0.254386
0.298401
0.297135
0.250858
0.168035
0.064145
-0.041135
-0.127848
-0.179924
-0.188661
-0.154673
-0.087846
-0.005307
0.072104
0.124043
0.134623
0.095392
0.006840
-0.121678
-0.273445
-0.427013
-0.559525
-0.650279
-0.684023
-0.653494
-0.560763
-0.417112
-0.241441
-0.057420
0.110146
0.239167
0.313742
0.326692
0.280722
0.187923
0.067592
-0.057330
-0.164534
-0.236420
-0.263023
-0.243082
-0.183040
-0.094406
0.009653
0.117387
0.220312
0.313458
0.394225
0.460595
0.509578
0.536654
0.536509
0.504849
0.440663
0.348112
0.237284
0.123410
0.024550
-0.041804
-0.062424
-0.031469
0.047768
0.162974
0.294907
0.421106
0.520489
0.577852
0.587243
0.553357
0.490510
0.419300
0.361650
0.335351
0.349437
0.401536
0.477899
0.556173
0.610294
0.616396
0.558408
0.432065
0.246484
0.022951
-0.208783
-0.415913
-0.568562
-0.645141
-0.636083
-0.545354
-0.389593
-0.195205
0.005993
0.181805
0.304592
0.355410
0.326775
0.223624
0.062280
-0.132469
-0.331704
-0.507320
-0.636583
-0.705350
-0.709337
-0.653295
-0.548499
-0.409373
-0.250195
-0.082737
0.084705
0.246831
0.399815
0.539392
0.659331
0.750899
0.803666
0.807542
0.755573
0.646686
0.487510
0.292556
0.082463
-0.119481
-0.291778
-0.419040
-0.495051
-0.523766
-0.517908
-0.495518
-0.475300
-0.471921
-0.492398
-0.534416
-0.586888
-0.632569
-0.652038
-0.628152
-0.550007
-0.415641
-0.232988
-0.018979
0.203015
0.406892
0.568009
0.667114
0.693375
0.646021
0.534378
0.376330
0.195436
0.017115
-0.135563
-0.245804
-0.306034
-0.319162
-0.297738
-0.260982
-0.230226
-0.223763
-0.252345
-0.316501
-0.406334
-0.503854
-0.587212
-0.635726
-0.634472
-0.577405
-0.468418
-0.320304
-0.152044
0.014837
0.160017
0.267512
0.327713
0.338140
0.302981
0.231698
0.137106
0.033339
-0.065956
-0.148949
-0.206453
-0.232313
-0.223532
-0.180264
-0.105738
-0.006050
0.110291
0.233135
0.351733
0.455879
0.536905
0.588347
0.606216
0.589001
0.537621
0.455520
0.348942
0.227216
0.102687
-0.010106
-0.096225
-0.142999
-0.143033
-0.096766
-0.013697
0.088366
0.186177
0.255651
0.277225
0.240724
0.148474
0.015698
-0.132130
-0.264590
-0.353164
-0.378056
-0.333314
-0.228934
-0.089291
0.051846
0.158637
0.201185
0.162396
0.042148
-0.142155
-0.358741
-0.567588
-0.728181
-0.807260
-0.785024
-0.658652
-0.442600
-0.165792
0.133602
0.414728
0.640747
0.784524
0.832437
0.785791
0.659759
0.480169
0.278797
0.088037
-0.064150
-0.158171
-0.185083
-0.146925
-0.055228
0.071906
0.213467
0.349190
0.462477
0.542126
0.582742
0.584051
0.549601
0.485378
0.398774
0.298058
0.192224
0.090860
0.003686
-0.060472
-0.095169
-0.097904
-0.071176
-0.022500
0.036882
0.094429
0.139312
0.165164
0.171752
0.165026
0.155439
0.154936
0.173383
0.215406
0.278480
0.352811
0.423070
0.471566
0.482109
0.443634
0.352785
0.214880
0.043085
-0.143967
-0.325529
-0.482269
-0.599150
-0.667060
-0.682988
-0.648959
-0.570355
-0.454357
-0.309113
-0.143836
0.030423
0.200019
0.348752
0.459266
0.515860
0.508139
0.434445
0.303880
0.136027
-0.041885
-0.199849
-0.310839
-0.356007
-0.328079
-0.232204
-0.084294
0.092504
0.272147
0.429827
0.545132
0.603968
0.599333
0.531301
0.406547
0.237608
0.041844
-0.160062
-0.346220
-0.496204
-0.593979
-0.630495
-0.605308
-0.526714
-0.410224
-0.275645
-0.143405
-0.030957
0.049950
0.094598
0.105059
0.088597
0.055166
0.014635
-0.025686
-0.062671
-0.097826
-0.136401
-0.185335
-0.250468
-0.333753
-0.431272
-0.532766
-0.623028
-0.684962
-0.703599
-0.670008
-0.583975
-0.454659
-0.298968
-0.138107
0.006745
0.118449
0.186576
0.208211
0.187003
0.131098
0.050841
-0.042992
-0.140079
-0.230691
-0.305542
-0.355880
-0.374145
-0.355140
-0.297378
-0.204075
-0.083369
0.052417
0.188357
0.309006
0.400525
0.452492
0.459119
0.419813
0.339078
0.225827
0.092170
-0.048237
-0.182153
-0.298759
-0.391354
-0.458288
-0.502764
-0.531393
-0.551721
-0.569361
-0.585567
-0.596119
-0.592013
-0.561972
-0.496135
-0.389886
-0.246644
-0.078695
0.094271
0.248585
0.361108
0.413674
0.396418
0.309334
0.161914
-0.028818
-0.241284
-0.452646
-0.641840
-0.791926
-0.891578
-0.935654
-0.924972
-0.865443
-0.766806
-0.641216
-0.501912
-0.362152
-0.234456
-0.130095
-0.058617
-0.027199
-0.039697
-0.095478
-0.188383
-0.306319
-0.431966
-0.544858
-0.624641
-0.654892
-0.626579
-0.540201
-0.405937
-0.241654
-0.069205
0.090087
0.219635
0.310509
0.362456
0.382952
0.384655
0.381993
0.387664
0.409747
0.449880
0.502712
0.556671
0.595887
0.603059
0.562889
0.465603
0.309923
0.104827
-0.130459
-0.368517
-0.577657
-0.727068
-0.792218
-0.759381
-0.628358
-0.412845
-0.138424
0.161333
0.449822
0.692500
0.861266
0.937593
0.914158
0.795015
0.594532
0.335401
0.046002
-0.242601
-0.499820
-0.698632
-0.818383
-0.847067
-0.782868
-0.634752
-0.421935
-0.172135
0.081442
0.304203
0.465021
0.541165
0.522450
0.413621
0.234194
0.015435
-0.205170
-0.390916
-0.512813
-0.554864
-0.516437
-0.411241
-0.263270
-0.100868
0.049560
0.168657
0.247011
0.285463
0.293180
0.284333
0.274383
0.276860
0.301123
0.351198
0.425506
0.517171
0.614747
0.703319
0.766124
0.786747
0.751818
0.653807
0.493340
0.280388
0.033851
-0.220582
-0.453996
-0.638598
-0.751994
-0.780609
-0.721642
-0.583289
-0.383280
-0.146100
0.100618
0.329892
0.518848
0.651337
0.719456
0.723840
0.672832
0.580774
0.465741
0.347100
0.243189
0.169321
0.136221
0.148869
0.205768
0.298698
0.413137
0.529589
0.625992
0.681098
0.678398
0.609754
0.477800
0.296241
0.087680
-0.120740
-0.302930
-0.439250
-0.520276
-0.547907
-0.533545
-0.493955
-0.446129
-0.402696
-0.369235
-0.344128
-0.320748
-0.291005
-0.248896
-0.192808
-0.125883
-0.054509
0.014288
0.075429
0.127270
0.171452
0.211203
0.248855
0.283638
0.310735
0.322104
0.308941
0.264971
0.189438
0.088690
-0.024314
-0.132566
-0.218954
-0.270439
-0.281232
-0.254025
-0.198944
-0.130585
-0.064077
-0.011371
0.021154
0.033164
0.028954
0.014799
-0.003887
-0.024556
-0.048003
-0.077233
-0.115258
-0.162758
-0.216618
-0.270020
-0.314174
-0.341140
-0.346728
-0.332379
-0.305247
-0.276323
-0.257169
-0.256342
-0.276755
-0.314897
-0.362221
-0.408201
-0.443979
-0.465271
-0.473474
-0.474524
-0.475889
-0.482768
-0.494889
-0.505173
-0.500896
-0.467199
-0.391926
-0.270317
-0.108030
0.078606
0.265372
0.425390
0.535431
0.581608
0.562843
0.491102
0.388234
0.280228
0.190432
0.133613
0.112538
0.118070
0.132724
0.136642
0.114196
0.059222
-0.022668
-0.115412
-0.197008
-0.245849
-0.246912
-0.195993
-0.100752
0.021566
0.148942
0.260363
0.340909
0.384786
0.395723
0.384918
0.367389
0.357852
0.367153
0.399957
0.453910
0.520205
0.585254
0.633145
0.648598
0.620093
0.542773
0.420555
0.266861
0.103435
-0.042909
-0.145262
-0.182423
-0.144218
-0.034939
0.126139
0.307608
0.471713
0.581933
0.610656
0.545208
0.390785
0.169568
-0.083820
-0.329475
-0.530356
-0.659544
-0.705042
-0.671131
-0.576199
-0.447744
-0.315895
-0.206997
-0.138708
-0.117564
-0.139326
-0.191748
-0.258825
-0.325326
-0.380386
-0.419338
-0.443486
-0.458162
-0.469896
-0.483717
-0.501482
-0.521693
-0.540719
-0.554816
-0.562107
-0.563710
-0.563576
-0.567074
-0.578823
-0.600502
-0.629398
-0.658144
-0.675768
-0.669768
-0.628724
-0.544845
-0.415959
-0.246612
-0.048074
0.162758
0.365478
0.539095
0.665426
0.732404
0.736692
0.684905
0.592922
0.483146
0.380042
0.304824
0.270563
0.278986
0.319968
0.374047
0.417467
0.428533
0.393633
0.311255
0.192862
0.060280
-0.059784
-0.142635
-0.172060
-0.144598
-0.070460
0.029117
0.127299
0.198348
0.223759
0.196265
0.120784
0.012273
-0.108763
-0.221797
-0.311345
-0.370305
-0.400784
-0.412326
-0.418136
-0.430402
-0.456069
-0.494275
-0.536183
-0.567283
-0.571496
-0.535919
-0.454817
-0.331743
-0.179183
-0.015876
0.137402
0.262407
0.347146
0.387878
0.389044
0.361335
0.318530
0.273926
0.237189
0.212270
0.196778
0.182901
0.159695
0.116270
0.045241
-0.054338
-0.175313
-0.302596
-0.415401
-0.491300
-0.511352
-0.465172
-0.354597
-0.194833
-0.012434
0.159702
0.289350
0.352359
0.338578
0.254736
0.123411
-0.021778
-0.143661
-0.209878
-0.200068
-0.110153
0.047262
0.246340
0.454329
0.639058
0.775769
0.851704
0.867539
0.835592
0.775497
0.708604
0.652536
0.617227
0.603291
0.602982
0.603360
0.590714
0.555051
0.493416
0.411151
0.320741
0.238520
0.180121
0.155872
0.167428
0.206591
0.256759
0.296738
0.306042
0.270398
0.186075
0.061897
-0.081696
-0.216453
-0.312265
-0.343950
-0.297309
-0.173002
0.012782
0.231130
0.446138
0.622327
0.732064
0.761275
0.712143
0.602147
0.459651
0.317072
0.203211
0.136583
0.121334
0.146726
0.190314
0.223971
0.221261
0.164298
0.048424
-0.116398
-0.307702
-0.495519
-0.648945
-0.742638
-0.761768
-0.704360
-0.580727
-0.410354
-0.217175
-0.024456
0.149534
0.294172
0.407001
0.492216
0.557618
0.610898
0.656227
0.692076
0.710896
0.700878
0.649424
0.547545
0.394003
0.198029
-0.020334
-0.232650
-0.406961
-0.514160
-0.534413
-0.462104
-0.308029
-0.098176
0.130813
0.338597
0.489104
0.557779
0.536539
0.435292
0.279606
0.104938
-0.051323
-0.158242
-0.198146
-0.170230
-0.090030
0.015098
0.113321
0.176597
0.187645
0.143812
0.056856
-0.051173
-0.154675
-0.231853
-0.270535
-0.270842
-0.244031
-0.208062
-0.181361
-0.176797
-0.197667
-0.236842
-0.279165
-0.306200
-0.301791
-0.256730
-0.171241
-0.054730
0.076893
0.205364
0.314440
0.393344
0.438561
0.453781
0.448276
0.434282
0.424066
0.427300
0.449163
0.489436
0.542665
0.599294
0.647576
0.675918
0.675257
0.640989
0.574060
0.480894
0.372142
0.260438
0.157684
0.072476
0.008335
-0.036829
-0.069845
-0.100217
-0.137317
-0.187488
-0.251710
-0.324430
-0.393924
-0.444297
-0.458861
-0.424256
-0.334379
-0.193103
-0.014917
0.176927
0.354581
0.491238
0.566964
0.573263
0.515182
0.410305
0.284820
0.167569
0.083559
0.048551
0.066027
0.127168
0.213656
0.302395
0.370820
0.401462
0.384840
0.320300
0.215050
0.082041
-0.062559
-0.201687
-0.319238
-0.401466
-0.438095
-0.423286
-0.356422
-0.242565
-0.092334
0.078908
0.252545
0.408690
0.528394
0.595800
0.600046
0.536744
0.408926
0.227336
0.009917
-0.219613
-0.434164
-0.606538
-0.713276
-0.738532
-0.677281
-0.537108
-0.337962
-0.109659
0.112627
0.294100
0.406193
0.431339
0.365706
0.219390
0.014158
-0.220689
-0.453378
-0.654645
-0.801698
-0.880593
-0.886804
-0.824219
-0.703045
-0.537297
-0.342487
-0.133954
0.074013
0.268369
0.437183
0.569567
0.656035
0.689415
0.666260
0.588377
0.463976
0.307858
0.140207
-0.016110
-0.139377
-0.213200
-0.229946
-0.192458
-0.113418
-0.012405
0.088666
0.170542
0.220802
0.236217
0.222838
0.194016
0.166989
0.158937
0.183319
0.247121
0.349334
0.480771
0.625160
0.761367
0.866516
0.919683
0.905693
0.818446
0.663105
0.456540
0.225622
0.003323
-0.176924
-0.287658
-0.313276
-0.253945
-0.126379
0.039043
0.204447
0.332662
0.395551
0.380397
0.292679
0.154405
-0.001634
-0.140278
-0.232886
-0.264378
-0.236574
-0.167035
-0.083773
-0.017375
0.007319
-0.022234
-0.103129
-0.217911
-0.339131
-0.436245
-0.483116
-0.464324
-0.378891
-0.240689
-0.075541
0.084247
0.206632
0.266364
0.249894
0.157699
0.003721
-0.187753
-0.386896
-0.563752
-0.693230
-0.758880
-0.755005
-0.686926
-0.569470
-0.423905
-0.273809
-0.140509
-0.038964
0.025000
0.055377
0.064247
0.067926
0.081893
0.115806
0.170030
0.234717
0.291856
0.319874
0.299662
0.220436
0.083839
-0.094886
-0.289104
-0.465933
-0.593131
-0.646078
-0.613166
-0.498343
-0.320228
-0.108097
0.104254
0.285251
0.411360
0.470721
0.464012
0.402686
0.305353
0.193413
0.087011
0.002057
-0.051439
-0.069835
-0.055478
-0.015793
0.037987
0.092440
0.133911
0.150704
0.135189
0.085404
0.005687
-0.093896
-0.199299
-0.295085
-0.367315
-0.406160
-0.407699
-0.374521
-0.314992
-0.241249
-0.166327
-0.101052
-0.051483
-0.017647
0.006054
0.028830
0.060477
0.108269
0.174727
0.256883
0.347188
0.435619
0.512210
0.569137
0.601786
0.608615
0.590138
0.547623
0.482135
0.394360
0.285243
0.157133
0.014863
-0.133780
-0.278549
-0.408214
-0.512661
-0.585030
-0.623263
-0.630574
-0.614656
-0.585826
-0.554564
-0.529123
-0.513811
-0.508369
-0.508540
-0.507581
-0.498195
-0.474326
-0.432372
-0.371652
-0.294258
-0.204609
-0.108969
-0.015077
0.068257
0.131823
0.167141
0.168027
0.132262
0.062862
-0.031574
-0.137750
-0.239758
-0.322000
-0.372328
-0.384678
-0.360593
-0.309187
-0.245447
-0.187149
-0.150970
-0.148716
-0.184580
-0.254201
-0.345844
-0.443414
-0.530499
-0.594287
-0.628245
-0.632830
-0.614126
-0.580954
-0.541479
-0.500429
-0.457802
-0.409419
-0.349047
-0.271359
-0.174753
-0.063139
0.053862
0.162398
0.247194
0.294999
0.297857
0.255391
0.175520
0.073359
-0.031583
-0.119333
-0.173666
-0.185626
-0.155508
-0.092819
-0.014249
0.059863
0.109694
0.119852
0.082236
-0.002572
-0.125499
-0.270540
-0.417324
-0.544261
-0.631826
-0.665539
-0.638247
-0.551349
-0.414761
-0.245588
-0.065696
0.101477
0.234389
0.316658
0.339629
0.303819
0.218905
0.102124
-0.024779
-0.139530
-0.223398
-0.264397
-0.258813
-0.210740
-0.129889
-0.028485
0.081700
0.191287
0.293778
0.384741
0.460362
0.516176
0.546712
0.546322
0.511001
0.440571
0.340418
0.222048
0.102081
-0.000283
-0.066839
-0.084180
-0.046842
0.040996
0.165768
0.306795
0.440224
0.543860
0.601876
0.608302
0.568436
0.497708
0.418137
0.353120
0.321725
0.333850
0.387444
0.468486
0.553792
0.616042
0.629895
0.577833
0.454441
0.268194
0.040366
-0.198685
-0.415052
-0.577479
-0.662960
-0.660692
-0.573735
-0.418247
-0.220616
-0.013103
0.171233
0.303581
0.363688
0.342835
0.245024
0.086107
-0.109074
-0.311073
-0.490939
-0.624998
-0.698289
-0.706006
-0.652751
-0.549985
-0.412511
-0.254998
-0.089429
0.075949
0.236127
0.387686
0.526725
0.647193
0.740297
0.795325
0.801773
0.752251
0.645338
0.487469
0.293146
0.083149
-0.118996
-0.291548
-0.418951
-0.494969
-0.523685
-0.518043
-0.496281
-0.477136
-0.475044
-0.496523
-0.538591
-0.589535
-0.631760
-0.645986
-0.615785
-0.531468
-0.392541
-0.208303
0.003444
0.219239
0.413774
0.563937
0.652405
0.670207
0.617921
0.505410
0.350193
0.174702
0.002794
-0.144046
-0.250238
-0.308773
-0.322394
-0.302856
-0.268220
-0.238608
-0.231355
-0.256729
-0.315349
-0.397995
-0.487852
-0.564554
-0.608953
-0.607400
-0.554551
-0.454211
-0.318213
-0.163828
-0.010419
0.123910
0.225030
0.284487
0.300056
0.275240
0.217997
0.139061
0.050237
-0.037002
-0.112490
-0.167901
-0.197025
-0.195958
-0.163331
-0.100560
-0.011967
0.095401
0.212372
0.328611
0.433768
0.518550
0.575514
0.599522
0.587949
0.540827
0.461083
0.354890
0.231927
0.105206
-0.009908
-0.097678
-0.144819
-0.143641
-0.094673
-0.007890
0.098092
0.199041
0.269884
0.290293
0.249740
0.150738
0.009276
-0.147913
-0.288851
-0.383441
-0.410596
-0.363620
-0.252478
-0.102260
0.051895
0.172319
0.227089
0.197197
0.081025
-0.104828
-0.328522
-0.549079
-0.724288
-0.818747
-0.810449
-0.694659
-0.484478
-0.208180
0.095999
0.386516
0.625348
0.783832
0.846619
0.813249
0.697264
0.523201
0.322073
0.126168
-0.035953
-0.143474
-0.185754
-0.162893
-0.084481
0.033055
0.169894
0.306293
0.425424
0.515142
0.568546
0.583535
0.561786
0.507652
0.427346
0.328568
0.220410
0.113196
0.017889
-0.055156
-0.097963
-0.106777
-0.083348
-0.035057
0.026389
0.087534
0.136403
0.165510
0.173756
0.166633
0.154602
0.150034
0.163530
0.200597
0.259586
0.331418
0.401200
0.451328
0.465342
0.431625
0.346096
0.213311
0.045756
-0.138439
-0.318788
-0.475921
-0.594434
-0.664536
-0.682301
-0.648761
-0.568444
-0.448054
-0.295847
-0.121839
0.061484
0.238642
0.391587
0.501529
0.552107
0.533220
0.444427
0.296743
0.112013
-0.080304
-0.248350
-0.363870
-0.407541
-0.372379
-0.264523
-0.101427
0.091857
0.287249
0.458021
0.582191
0.644637
0.638013
0.562790
0.426767
0.244204
0.034552
-0.179373
-0.373868
-0.527334
-0.623398
-0.653521
-0.618486
-0.528269
-0.400226
-0.255899
-0.117117
-0.002247
0.076636
0.115124
0.116205
0.088560
0.043866
-0.006248
-0.052960
-0.092151
-0.125030
-0.157334
-0.197212
-0.252255
-0.326384
-0.417465
-0.516438
-0.608399
-0.675545
-0.701341
-0.674795
-0.593660
-0.465609
-0.307009
-0.139625
0.013826
0.134042
0.208321
0.231907
0.207481
0.143331
0.051035
-0.056579
-0.166760
-0.267463
-0.347610
-0.397471
-0.409417
-0.379050
-0.306373
-0.196528
-0.059728
0.089759
0.235419
0.360720
0.451315
0.496867
0.492259
0.438107
0.340587
0.210599
0.062325
-0.088722
-0.227965
-0.344006
-0.430417
-0.486596
-0.517358
-0.531183
-0.537454
-0.543341
-0.551248
-0.557639
-0.553755
-0.528151
-0.470424
-0.375057
-0.244234
-0.088735
0.073380
0.219972
0.329048
0.382926
0.371394
0.293261
0.156204
-0.024815
-0.230039
-0.437774
-0.627160
-0.780536
-0.885189
-0.934377
-0.927552
-0.869841
-0.770897
-0.643388
-0.501411
-0.359121
-0.229730
-0.124862
-0.054075
-0.024302
-0.039016
-0.097172
-0.192225
-0.311743
-0.438108
-0.550599
-0.628690
-0.655938
-0.623517
-0.532397
-0.393472
-0.225473
-0.051109
0.107622
0.233811
0.318676
0.362608
0.374142
0.367229
0.357564
0.358844
0.379695
0.421790
0.479366
0.540139
0.587401
0.603038
0.571036
0.481014
0.331145
0.129871
-0.104114
-0.343828
-0.557759
-0.714834
-0.789679
-0.767174
-0.645376
-0.436256
-0.164118
0.137947
0.432859
0.684716
0.863490
0.948590
0.930957
0.813610
0.610800
0.346016
0.049149
-0.246884
-0.509743
-0.711155
-0.829976
-0.854538
-0.784042
-0.628859
-0.409662
-0.155354
0.100145
0.322103
0.479782
0.551245
0.527291
0.413623
0.230497
0.009589
-0.211557
-0.396471
-0.516578
-0.556354
-0.515608
-0.408401
-0.258994
-0.095931
0.054230
0.172028
0.248019
0.283122
0.286725
0.273365
0.258987
0.257669
0.279278
0.328221
0.403079
0.496900
0.597955
0.690930
0.758637
0.784286
0.754184
0.660519
0.503638
0.293221
0.047883
-0.206912
-0.442362
-0.630622
-0.749048
-0.783611
-0.730867
-0.598223
-0.402580
-0.167674
0.079368
0.311693
0.506098
0.645683
0.721500
0.733052
0.687690
0.599068
0.484975
0.364887
0.257580
0.179032
0.140738
0.148452
0.201352
0.291711
0.405248
0.522407
0.620772
0.678519
0.678473
0.611917
0.481151
0.299880
0.091027
-0.117756
-0.299862
-0.435330
-0.514744
-0.540373
-0.524276
-0.484008
-0.437280
-0.397183
-0.369350
-0.351734
-0.336814
-0.315240
-0.279588
-0.226916
-0.159403
-0.083062
-0.005256
0.067905
0.133215
0.190461
0.241030
0.285715
0.322743
0.346997
0.350899
0.326793
0.270048
0.181758
0.070018
-0.050850
-0.163043
-0.249282
-0.296945
-0.301105
-0.265591
-0.201764
-0.125398
-0.052611
0.003957
0.037626
0.048177
0.040426
0.021488
-0.002209
-0.027107
-0.053194
-0.083034
-0.119668
-0.164266
-0.214568
-0.264776
-0.307049
-0.334081
-0.341814
-0.331229
-0.308491
-0.283294
-0.265923
-0.264036
-0.280313
-0.311794
-0.351178
-0.389605
-0.419933
-0.439266
-0.449768
-0.457378
-0.468808
-0.487876
-0.512544
-0.533843
-0.537337
-0.506888
-0.429712
-0.301207
-0.127981
0.072024
0.272592
0.444821
0.563804
0.614605
0.595863
0.519983
0.409798
0.292565
0.192926
0.126755
0.097624
0.096849
0.107098
0.108463
0.085172
0.030918
-0.048811
-0.138086
-0.215115
-0.258609
-0.253974
-0.197473
-0.097181
0.029400
0.160209
0.274398
0.357313
0.403357
0.416205
0.406633
0.388894
0.376783
0.380414
0.404308
0.446916
0.501341
0.556846
0.600775
0.620627
0.606150
0.551294
0.455839
0.326355
0.176180
0.024178
-0.107698
-0.197716
-0.227970
-0.187577
-0.074814
0.102219
0.326550
0.574694
