-0.016729
-0.015253
-0.013276
-0.010659
-0.007807
-0.005729
-0.005919
-0.010062
-0.019651
-0.035590
-0.057898
-0.085587
-0.116766
-0.148950
-0.179499
-0.206100
-0.227153
-0.241994
-0.250890
-0.254850
-0.255291
-0.253675
-0.251198
-0.248620
-0.246245
-0.244050
-0.241909
-0.239818
-0.238058
-0.237218
-0.238068
-0.241287
-0.247115
-0.255029
-0.263535
-0.270171
-0.271773
-0.264963
-0.246809
-0.215496
-0.170866
-0.114686
-0.050543
0.016617
0.081245
0.138067
0.182922
0.213389
0.229095
0.231682
0.224450
0.211775
0.198382
0.188586
0.185586
0.190900
0.204013
0.222320
0.241406
0.255694
0.259411
0.247750
0.218035
0.170640
0.109409
0.041389
-0.024166
-0.077408
-0.109839
-0.116150
-0.095533
-0.052114
0.005658
0.066563
0.118780
0.152185
0.160268
0.141233
0.098092
0.037773
-0.030492
-0.097085
-0.153791
-0.195099
-0.218818
-0.225967
-0.220096
-0.206257
-0.189872
-0.175737
-0.167286
-0.166195
-0.172307
-0.183832
-0.197749
-0.210338
-0.217778
-0.216745
-0.204947
-0.181522
-0.147229
-0.104378
-0.056487
-0.007693
0.037964
0.077253
0.108278
0.130708
0.145627
0.155057
0.161268
0.166041
0.170081
0.172727
0.172034
0.165224
0.149387
0.122278
0.083025
0.032566
-0.026256
-0.088983
-0.150122
-0.203889
-0.244979
-0.269234
-0.274139
-0.259132
-0.225735
-0.177503
-0.119778
-0.059212
-0.003027
0.041952
0.070384
0.079427
0.069435
0.044119
0.010056
-0.024436
-0.050848
-0.062125
-0.054032
-0.025930
0.019239
0.075707
0.136195
0.193435
0.241547
0.276955
0.298690
0.308089
0.308038
0.302007
0.293155
0.283687
0.274604
0.265828
0.256616
0.246077
0.233654
0.219405
0.204038
0.188705
0.174647
0.162823
0.153634
0.146850
0.141753
0.137468
0.133367
0.129430
0.126430
0.125859
0.129567
0.139196
0.155514
0.177849
0.203782
0.229243
0.249053
0.257839
0.251169
0.226641
0.184678
0.128800
0.065269
0.002136
-0.052133
-0.090149
-0.106908
-0.100611
-0.072833
-0.028045
0.027389
0.086464
0.142758
0.191352
0.229292
0.255562
0.270626
0.275744
0.272250
0.261005
0.242159
0.215265
0.179703
0.135251
0.082628
0.023810
-0.038016
-0.098861
-0.154647
-0.202010
-0.238976
-0.265315
-0.282443
-0.292912
-0.299587
-0.304766
-0.309449
-0.312986
-0.313191
-0.306919
-0.290952
-0.262981
-0.222422
-0.170835
-0.111818
-0.050399
0.007949
0.058411
0.097784
0.125024
0.141270
0.149335
0.152816
0.155047
0.158165
0.162523
0.166599
0.167423
0.161432
0.145536
0.118160
0.079981
0.034178
-0.013885
-0.057502
-0.089818
-0.105129
-0.100010
-0.074062
-0.030140
0.025959
0.086279
0.141837
0.183917
0.205387
0.201853
0.172505
0.120500
0.052758
-0.020884
-0.089123
-0.141065
-0.168211
-0.166148
-0.135568
-0.082305
-0.016333
0.050130
0.105004
0.138686
0.145817
0.126078
0.083862
0.026948
-0.035462
-0.094825
-0.144962
-0.182997
-0.209369
-0.227005
-0.239941
-0.251809
-0.264589
-0.277952
-0.289338
-0.294694
-0.289663
-0.270885
-0.237044
-0.189405
-0.131689
-0.069341
-0.008384
0.045841
0.089721
0.121956
0.143566
0.157354
0.167001
0.176043
0.186985
0.200761
0.216628
0.232475
0.245446
0.252686
0.252054
0.242637
0.225006
0.201177
0.174321
0.148299
0.127077
0.114124
0.111842
0.121094
0.140910
0.168417
0.199056
0.227104
0.246456
0.251586
0.238506
0.205550
0.153803
0.087056
0.011284
-0.066272
-0.138207
-0.198009
-0.240861
-0.264034
-0.266865
-0.250409
-0.216914
-0.169300
-0.110778
-0.044667
0.025611
0.096425
0.163812
0.223458
0.270823
0.301476
0.311609
0.298682
0.262095
0.203713
0.128118
0.042419
-0.044421
-0.122681
-0.183261
-0.219058
-0.226088
-0.204111
-0.156649
-0.090412
-0.014277
0.061972
0.128911
0.178580
0.205313
0.206264
0.181641
0.134641
0.071117
-0.001063
-0.072917
-0.135477
-0.180984
-0.203981
-0.202083
-0.176251
-0.130526
-0.071248
-0.005961
0.057765
0.113352
0.155890
0.182416
0.191823
0.184533
0.162087
0.126773
0.081380
0.029070
-0.026658
-0.081996
-0.132901
-0.175289
-0.205357
-0.220020
-0.217433
-0.197487
-0.162180
-0.115700
-0.064147
-0.014815
0.024885
0.048690
0.052676
0.036087
0.001554
-0.045396
-0.097464
-0.147100
-0.188053
-0.216594
-0.232105
-0.236912
-0.235433
-0.232870
-0.233766
-0.240794
-0.254018
-0.270807
-0.286352
-0.294683
-0.289915
-0.267499
-0.225205
-0.163711
-0.086690
-0.000448
0.086833
0.166114
0.228641
0.267110
0.276701
0.255877
0.206812
0.135340
0.050356
-0.037304
-0.116380
-0.176852
-0.211450
-0.216704
-0.193309
-0.145731
-0.081153
-0.008023
0.065481
0.132712
0.189313
0.233377
0.265055
0.285807
0.297560
0.302002
0.300210
0.292666
0.279612
0.261583
0.239897
0.216906
0.195855
0.180331
0.173409
0.176708
0.189625
0.209026
0.229550
0.244550
0.247525
0.233731
0.201583
0.153448
0.095566
0.036996
-0.012244
-0.043446
-0.051377
-0.035764
-0.001681
0.041336
0.081315
0.106552
0.108380
0.083306
0.033980
-0.031247
-0.100110
-0.159128
-0.196572
-0.205036
-0.183005
-0.135123
-0.071149
-0.003898
0.053337
0.089301
0.096739
0.073466
0.022451
-0.048980
-0.130574
-0.210875
-0.278947
-0.325860
-0.345779
-0.336597
-0.300091
-0.241609
-0.169332
-0.093185
-0.023510
0.030331
0.061218
0.065213
0.042024
-0.005078
-0.069824
-0.143884
-0.217996
-0.283099
-0.331352
-0.356959
-0.356770
-0.330642
-0.281533
-0.215288
-0.140045
-0.065248
-0.000343
0.046715
0.070845
0.070836
0.049686
0.014123
-0.026649
-0.062757
-0.085664
-0.089920
-0.074286
-0.041963
0.000092
0.042628
0.075969
0.091910
0.085235
0.054584
0.002570
-0.064797
-0.139199
-0.211324
-0.272185
-0.314231
-0.332129
-0.323201
-0.287522
-0.227743
-0.148714
-0.056961
0.039898
0.133769
0.216684
0.281386
0.321913
0.334181
0.316555
0.270343
0.200084
0.113469
0.020770
-0.066303
-0.136211
-0.179439
-0.190239
-0.167848
-0.116886
-0.046759
0.029868
0.099217
0.148769
0.169355
0.156589
0.111417
0.039733
-0.048761
-0.142187
-0.228295
-0.296147
-0.337481
-0.347612
-0.325837
-0.275333
-0.202579
-0.116379
-0.026588
0.057288
0.127425
0.178712
0.209317
0.220683
0.216964
0.204060
0.188430
0.175958
0.171049
0.176083
0.191266
0.214805
0.243323
0.272393
0.297112
0.312666
0.314856
0.300594
0.268323
0.218332
0.152879
0.076067
-0.006563
-0.088694
-0.164062
-0.227295
-0.274624
-0.304312
-0.316751
-0.314225
-0.300411
-0.279738
-0.256715
-0.235348
-0.218713
-0.208723
-0.206096
-0.210480
-0.220696
-0.235016
-0.251413
-0.267736
-0.281792
-0.291353
-0.294152
-0.287954
-0.270750
-0.241125
-0.198739
-0.144822
-0.082519
-0.016929
0.045282
0.096691
0.130239
0.140456
0.124512
0.082867
0.019366
-0.059233
-0.144182
-0.225931
-0.295354
-0.344845
-0.369166
-0.365995
-0.336172
-0.283636
-0.215041
-0.139041
-0.065273
-0.003092
0.039760
0.058332
0.051258
0.020960
-0.026821
-0.084084
-0.142017
-0.192537
-0.229595
-0.250015
-0.253741
-0.243501
-0.224033
-0.201058
-0.180218
-0.166126
-0.161663
-0.167559
-0.182291
-0.202287
-0.222429
-0.236813
-0.239727
-0.226707
-0.195545
-0.147021
-0.085174
-0.016961
0.048741
0.102659
0.136922
0.146740
0.131567
0.095412
0.046177
-0.005907
-0.050399
-0.078867
-0.086656
-0.073800
-0.044863
-0.007744
0.028231
0.054452
0.064877
0.057143
0.032714
-0.003917
-0.046693
-0.089685
-0.128546
-0.161322
-0.188451
-0.211985
-0.234324
-0.256853
-0.278925
-0.297522
-0.307742
-0.304012
-0.281738
-0.238938
-0.177387
-0.102908
-0.024639
0.046612
0.100583
0.129819
0.131417
0.107801
0.066323
0.017751
-0.025995
-0.054325
-0.060096
-0.040892
0.000786
0.058393
0.123011
0.185347
0.237605
0.274793
0.295250
0.300359
0.293616
0.279358
0.261484
0.242493
0.223040
0.202090
0.177578
0.147395
0.110414
0.067270
0.020684
-0.024776
-0.063464
-0.089760
-0.099244
-0.089662
-0.061439
-0.017649
0.036551
0.094863
0.150955
0.199498
0.236928
0.261846
0.274990
0.278848
0.277006
0.273350
0.271268
0.272971
0.279036
0.288247
0.297754
0.303548
0.301175
0.286581
0.256941
0.211315
0.150994
0.079455
0.001930
-0.075331
-0.145931
-0.204177
-0.245731
-0.267975
-0.270113
-0.253055
-0.219204
-0.172238
-0.116893
-0.058749
-0.003914
0.041424
0.071623
0.082304
0.071049
0.037914
-0.014357
-0.080517
-0.153359
-0.224551
-0.285640
-0.329071
-0.349121
-0.342623
-0.309421
-0.252469
-0.177528
-0.092458
-0.006142
0.072799
0.137318
0.182995
0.208633
0.216219
0.210272
0.196685
0.181345
0.168818
0.161402
0.158746
0.158098
0.155110
0.144984
0.123706
0.089075
0.041300
-0.016940
-0.080975
-0.145014
-0.203200
-0.250601
-0.283953
-0.302020
-0.305564
-0.296996
-0.279813
-0.257974
-0.235302
-0.215014
-0.199387
-0.189591
-0.185644
-0.186486
-0.190148
-0.193988
-0.195000
-0.190169
-0.176853
-0.153159
-0.118278
-0.072706
-0.018346
0.041571
0.102718
0.160068
0.208400
0.242882
0.259672
0.256451
0.232824
0.190474
0.133034
0.065640
-0.005782
-0.075380
-0.138228
-0.190985
-0.232228
-0.262386
-0.283291
-0.297475
-0.307359
-0.314539
-0.319324
-0.320628
-0.316222
-0.303302
-0.279218
-0.242204
-0.191945
-0.129872
-0.059131
0.015745
0.089368
0.156121
0.210773
0.248994
0.267755
0.265580
0.242674
0.200921
0.143760
0.075937
0.003132
-0.068496
-0.132825
-0.184295
-0.218398
-0.232108
-0.224226
-0.195595
-0.149137
-0.089670
-0.023426
0.042692
0.102070
0.149388
0.181478
0.197808
0.200460
0.193543
0.182175
0.171223
0.164129
0.162080
0.163767
0.165784
0.163612
0.152949
0.131080
0.097927
0.056489
0.012521
-0.026536
-0.053153
-0.061485
-0.048882
-0.016772
0.029325
0.080679
0.126927
0.158017
0.166077
0.146838
0.100360
0.030973
-0.053485
-0.142922
-0.226497
-0.294128
-0.337817
-0.352662
-0.337473
-0.294938
-0.231302
-0.155557
-0.078185
-0.009602
0.041502
0.069613
0.073368
0.055792
0.023727
-0.013477
-0.045765
-0.064292
-0.063059
-0.039950
0.003022
0.060238
0.123588
0.183919
0.232483
0.262174
0.268388
0.249477
0.206844
0.144712
0.069644
-0.010171
-0.085834
-0.148802
-0.191986
-0.210726
-0.203446
-0.171837
-0.120495
-0.056060
0.013955
0.082417
0.143618
0.193898
0.231766
0.257515
0.272498
0.278295
0.276004
0.265868
0.247353
0.219651
0.182474
0.136883
0.085867
0.034423
-0.011017
-0.043758
-0.058397
-0.052357
-0.026985
0.012189
0.056201
0.094348
0.116482
0.115378
0.088577
0.039237
-0.024276
-0.089977
-0.144680
-0.176694
-0.178191
-0.146733
-0.085698
-0.003573
0.087634
0.174491
0.244318
0.287076
0.296741
0.272038
0.216543
0.138173
0.048129
-0.040622
-0.115224
-0.164952
-0.183077
-0.168238
-0.124933
-0.062941
0.004392
0.062712
0.099597
0.107214
0.084061
0.035337
-0.028221
-0.092783
-0.144618
-0.173270
-0.173937
-0.148486
-0.104847
-0.054956
-0.011755
0.013988
0.016273
-0.004761
-0.042983
-0.087846
-0.126962
-0.149006
-0.146253
-0.116155
-0.061675
0.009595
0.087223
0.160109
0.218543
0.255700
0.268376
0.256937
0.224675
0.176798
0.119351
0.058226
-0.001585
-0.056487
-0.104508
-0.145277
-0.179773
-0.209849
-0.237601
-0.264638
-0.291417
-0.316774
-0.337829
-0.350347
-0.349560
-0.331334
-0.293434
-0.236580
-0.164982
-0.086124
-0.009740
0.053869
0.095822
0.110496
0.096740
0.058129
0.002167
-0.061400
-0.122738
-0.174014
-0.210882
-0.233028
-0.243649
-0.248047
-0.251746
-0.258652
-0.269737
-0.282622
-0.292139
-0.291756
-0.275468
-0.239695
-0.184668
-0.114948
-0.038911
0.032694
0.088779
0.120094
0.121026
0.090650
0.032839
-0.044527
-0.131006
-0.215342
-0.287133
-0.338140
-0.363083
-0.359896
-0.329540
-0.275504
-0.203136
-0.118900
-0.029660
0.057963
0.138113
0.206047
0.258309
0.292723
0.308262
0.304874
0.283321
0.245105
0.192459
0.128383
0.056638
-0.018361
-0.091809
-0.158910
-0.215380
-0.257960
-0.284861
-0.296041
-0.293257
-0.279858
-0.260306
-0.239482
-0.221859
-0.210675
-0.207263
-0.210680
-0.217773
-0.223704
-0.222911
-0.210334
-0.182691
-0.139512
-0.083670
-0.021230
0.039437
0.089127
0.119593
0.125246
0.104380
0.059609
-0.002592
-0.073142
-0.142118
-0.200611
-0.242266
-0.264196
-0.267136
-0.254884
-0.233230
-0.208672
-0.187176
-0.173233
-0.169323
-0.175804
-0.191178
-0.212622
-0.236651
-0.259790
-0.279165
-0.292919
-0.300420
-0.302235
-0.299884
-0.295414
-0.290848
-0.287627
-0.286131
-0.285388
-0.283078
-0.275865
-0.260052
-0.232471
-0.191439
-0.137562
-0.074158
-0.007115
0.055888
0.106710
0.138386
0.146707
0.131355
0.096273
0.049115
-0.000145
-0.041146
-0.065187
-0.066903
-0.045207
-0.003308
0.052150
0.112564
0.169071
0.214089
0.242369
0.251439
0.241445
0.214584
0.174330
0.124696
0.069679
0.012929
-0.042340
-0.093318
-0.137482
-0.172522
-0.196322
-0.207055
-0.203362
-0.184605
-0.151113
-0.104364
-0.047032
0.017151
0.083697
0.147805
0.204834
0.250733
0.282357
0.297634
0.295611
0.276420
0.241212
0.192088
0.132026
0.064786
-0.005241
-0.073250
-0.134321
-0.183786
-0.217647
-0.233023
-0.228603
-0.205020
-0.165086
-0.113750
-0.057709
-0.004600
0.038147
0.064638
0.071742
0.059894
0.033213
-0.001203
-0.034738
-0.059183
-0.068692
-0.061268
-0.039364
-0.009401
0.019756
0.038996
0.041331
0.023802
-0.011547
-0.057924
-0.105208
-0.142196
-0.159121
-0.149826
-0.113064
-0.052661
0.023453
0.105046
0.181744
0.245015
0.289545
0.313757
0.319455
0.310779
0.292803
0.270138
0.245880
0.221090
0.194903
0.165147
0.129306
0.085536
0.033504
-0.025163
-0.086896
-0.146642
-0.198641
-0.237335
-0.258238
-0.258626
-0.237956
-0.197989
-0.142617
-0.077399
-0.008869
0.056347
0.112470
0.155440
0.183513
0.197471
0.200328
0.196581
0.191153
0.188262
0.190503
0.198349
0.210221
0.223082
0.233418
0.238321
0.236404
0.228267
0.216410
0.204566
0.196643
0.195535
0.202119
0.214729
0.229267
0.239960
0.240612
0.226052
0.193422
0.142974
0.078157
0.004962
-0.069342
-0.137758
-0.195003
-0.238479
-0.268525
-0.287888
-0.300569
-0.310365
-0.319516
-0.327830
-0.332557
-0.329079
-0.312271
-0.278186
-0.225634
-0.157186
-0.079282
-0.001312
0.066162
0.113684
0.135099
0.129107
0.099736
0.055548
0.007718
-0.032569
-0.056758
-0.060949
-0.046759
-0.020790
0.007182
0.026849
0.030167
0.013564
-0.021004
-0.066465
-0.112409
-0.147777
-0.163776
-0.156238
-0.126818
-0.082684
-0.034785
0.004876
0.026254
0.023803
-0.002118
-0.045311
-0.095254
-0.139671
-0.167499
-0.171518
-0.150001
-0.107036
-0.051472
0.005184
0.051378
0.077989
0.080103
0.057756
0.015532
-0.038761
-0.095967
-0.147525
-0.187072
-0.211382
-0.220561
-0.217551
-0.207136
-0.194741
-0.185265
-0.182185
-0.187053
-0.199428
-0.217204
-0.237231
-0.256071
-0.270740
-0.279266
-0.280971
-0.276416
-0.267026
-0.254504
-0.240175
-0.224436
-0.206474
-0.184352
-0.155481
-0.117388
-0.068628
-0.009624
0.056786
0.125274
0.188496
0.238127
0.266310
0.267273
0.238812
0.183262
0.107679
0.023053
-0.057424
-0.120752
-0.156725
-0.160166
-0.132219
-0.080334
-0.016851
0.043571
0.087121
0.103878
0.090015
0.048635
-0.010949
-0.075317
-0.129901
-0.162111
-0.163887
-0.133141
-0.073844
0.005181
0.092351
0.175779
0.245508
0.295092
0.322277
0.328794
0.319435
0.300730
0.279528
0.261755
0.251524
0.250650
0.258579
0.272655
0.288654
0.301492
0.306053
0.298030
0.274702
0.235528
0.182444
0.119778
0.053741
-0.008461
-0.059742
-0.094286
-0.108493
-0.101529
-0.075373
-0.034385
0.015496
0.067705
0.115969
0.155010
0.180960
0.191502
0.185809
0.164369
0.128792
0.081624
0.026165
-0.033733
-0.093934
-0.150341
-0.199287
-0.237909
-0.264476
-0.278592
-0.281238
-0.274628
-0.261888
-0.246600
-0.232272
-0.221831
-0.217218
-0.219162
-0.227181
-0.239787
-0.254865
-0.270122
-0.283527
-0.293640
-0.299789
-0.302071
-0.301203
-0.298285
-0.294515
-0.290951
-0.288331
-0.286996
-0.286903
-0.287704
-0.288877
-0.289860
-0.290161
-0.289432
-0.287475
-0.284200
-0.279526
-0.273268
-0.265024
-0.254123
-0.239653
-0.220597
-0.196070
-0.165602
-0.129412
-0.088577
-0.045023
-0.001317
0.039737
0.075588
0.104432
0.125568
0.139544
0.148063
0.153670
0.159285
0.167680
0.180965
0.200160
0.224905
0.253336
0.282180
0.307069
0.323107
0.325641
0.311168
0.278220
0.228051
0.164907
0.095738
0.029280
-0.025370
-0.060474
-0.071277
-0.057169
-0.022050
0.026233
0.077313
0.120290
0.145857
0.148065
0.125352
0.080633
0.020464
-0.046465
-0.111128
-0.165854
-0.205551
-0.228281
-0.235145
-0.229631
-0.216609
-0.201255
-0.188085
-0.180264
-0.179238
-0.184690
-0.194764
-0.206486
-0.216293
-0.220629
-0.216509
-0.202010
-0.176622
-0.141386
-0.098776
-0.052332
-0.006067
0.036241
0.071722
0.098898
0.117862
0.130084
0.137888
0.143729
0.149438
0.155631
0.161429
0.164569
0.161899
0.150124
0.126661
0.090383
0.042093
-0.015382
-0.077490
-0.138562
-0.192605
-0.234114
-0.258778
-0.264002
-0.249226
-0.216040
-0.168107
-0.110888
-0.051129
0.003906
0.047409
0.074120
0.081324
0.069525
0.042582
0.007192
-0.028252
-0.055219
-0.066686
-0.058499
-0.030122
0.015386
0.072150
0.132811
0.190060
0.238016
0.273141
0.294535
0.303618
0.303360
0.297301
0.288636
0.279576
0.271087
0.263031
0.254578
0.244751
0.232908
0.219047
0.203838
0.188424
0.174069
0.161771
0.151991
0.144563
0.138836
0.133994
0.129463
0.125264
0.122193
0.121748
0.125772
0.135877
0.152792
0.175792
0.202406
0.228513
0.248895
0.258153
0.251844
0.227572
0.185773
0.129988
0.066501
0.003381
-0.050889
-0.088917
-0.105698
-0.099438
-0.071727
-0.027044
0.028236
0.087106
0.143148
0.191456
0.229102
0.255093
0.269918
0.274856
0.271251
0.259961
0.241120
0.214261
0.178736
0.134302
0.081663
0.022786
-0.039131
-0.100088
-0.155985
-0.203437
-0.240452
-0.266791
-0.283872
-0.294255
-0.300826
-0.305904
-0.310511
-0.314012
-0.314230
-0.308012
-0.292129
-0.264253
-0.223775
-0.172236
-0.113218
-0.051746
0.006705
0.057312
0.096853
0.124269
0.140680
0.148885
0.152472
0.154770
0.157917
0.162274
0.166326
0.167115
0.161085
0.145158
0.117762
0.079576
0.033780
-0.014263
-0.057850
-0.090129
-0.105399
-0.100235
-0.074238
-0.030267
0.025881
0.086247
0.141842
0.183945
0.205417
0.201864
0.172474
0.120411
0.052603
-0.021101
-0.089386
-0.141347
-0.168477
-0.166364
-0.135704
-0.082345
-0.016277
0.050266
0.105186
0.138870
0.145956
0.126135
0.083817
0.026807
-0.035663
-0.095026
-0.145086
-0.182961
-0.209105
-0.226471
-0.239136
-0.250772
-0.263395
-0.276703
-0.288142
-0.293651
-0.288850
-0.270343
-0.236777
-0.189379
-0.131841
-0.069588
-0.008628
0.045697
0.089765
0.122257
0.144168
0.158267
0.168201
0.177470
0.188555
0.202372
0.218176
0.233873
0.246636
0.253650
0.252817
0.243265
0.225593
0.201831
0.175144
0.149368
0.128433
0.115764
0.113720
0.123131
0.143006
0.170471
0.200980
0.228839
0.247979
0.252910
0.239668
0.206602
0.154794
0.088023
0.012240
-0.065334
-0.137308
-0.197176
-0.240109
-0.263361
-0.266247
-0.249804
-0.216266
-0.168556
-0.109894
-0.043618
0.026829
0.097791
0.165293
0.225011
0.272409
0.303064
0.313182
0.300242
0.263657
0.205307
0.129780
0.044181
-0.042530
-0.120649
-0.181091
-0.216773
-0.223727
-0.201728
-0.154303
-0.088163
-0.012176
0.063891
0.130633
0.180114
0.206686
0.207524
0.182844
0.135850
0.072387
0.000317
-0.071393
-0.133790
-0.179132
-0.201975
-0.199943
-0.174004
-0.128200
-0.068867
-0.003546
0.060198
0.115789
0.158318
0.184818
0.194179
0.186823
0.164294
0.128888
0.083407
0.031027
-0.024740
-0.080077
-0.130942
-0.173258
-0.203236
-0.217807
-0.215139
-0.195138
-0.159801
-0.113321
-0.061791
-0.012498
0.027154
0.050908
0.054851
0.038231
0.003685
-0.043257
-0.095298
-0.144892
-0.185802
-0.214308
-0.229804
-0.234623
-0.233187
-0.230693
-0.231677
-0.238802
-0.252125
-0.269005
-0.284634
-0.293036
-0.288328
-0.265955
-0.223685
-0.162190
-0.085142
0.001155
0.088514
0.167883
0.230497
0.269035
0.278664
0.257843
0.208750
0.137230
0.052197
-0.035494
-0.114569
-0.174998
-0.209516
-0.214668
-0.191169
-0.143509
-0.078893
-0.005782
0.067644
0.134747
0.191191
0.235092
0.266624
0.287273
0.298976
0.303428
0.301699
0.294261
0.281336
0.263440
0.241871
0.218965
0.197955
0.182423
0.175448
0.178653
0.191451
0.210725
0.231130
0.246037
0.248955
0.235150
0.203032
0.154963
0.097164
0.038670
-0.010522
-0.041728
-0.049725
-0.034242
-0.000341
0.042463
0.082223
0.107264
0.108939
0.083765
0.034396
-0.030826
-0.099649
-0.158601
-0.195966
-0.204342
-0.182217
-0.134236
-0.070162
-0.002813
0.054505
0.090526
0.097980
0.074673
0.023574
-0.047986
-0.129737
-0.210196
-0.278401
-0.325394
-0.345322
-0.336072
-0.299430
-0.240764
-0.168287
-0.091963
-0.022164
0.031722
0.062566
0.066439
0.043069
-0.004240
-0.069183
-0.143399
-0.217604
-0.282724
-0.330923
-0.356418
-0.356078
-0.329782
-0.280510
-0.214121
-0.138763
-0.063888
0.001057
0.048116
0.072208
0.072125
0.050869
0.015173
-0.025750
-0.062019
-0.085087
-0.089498
-0.074004
-0.041802
0.000157
0.042623
0.075921
0.091849
0.085189
0.054579
0.002627
-0.064668
-0.138996
-0.211062
-0.271891
-0.313940
-0.331884
-0.323041
-0.287478
-0.227834
-0.148939
-0.057302
0.039477
0.133313
0.216241
0.280999
0.321613
0.333980
0.316447
0.270303
0.200074
0.113447
0.020695
-0.066456
-0.136451
-0.179755
-0.190599
-0.168209
-0.117201
-0.046984
0.029760
0.099238
0.148905
0.169574
0.156844
0.111650
0.039887
-0.048736
-0.142330
-0.228625
-0.296666
-0.338169
-0.348431
-0.326735
-0.276249
-0.203453
-0.117161
-0.027247
0.056763
0.127017
0.178384
0.209016
0.220352
0.216556
0.203541
0.187792
0.175218
0.170245
0.175268
0.190496
0.214128
0.242769
0.271971
0.296803
0.312426
0.314625
0.300305
0.267914
0.217754
0.152106
0.075099
-0.007699
-0.089952
-0.165381
-0.228613
-0.275886
-0.305478
-0.317801
-0.315161
-0.301254
-0.280524
-0.257489
-0.236158
-0.219603
-0.209728
-0.207236
-0.211758
-0.222097
-0.236507
-0.252950
-0.269268
-0.283270
-0.292734
-0.295410
-0.289078
-0.271747
-0.242016
-0.199555
-0.145599
-0.083293
-0.017729
0.044433
0.095781
0.129267
0.139432
0.123458
0.081814
0.018347
-0.060185
-0.145046
-0.226699
-0.296040
-0.345480
-0.369796
-0.366671
-0.336937
-0.284515
-0.216029
-0.140109
-0.066363
-0.004131
0.038842
0.057594
0.050733
0.020644
-0.026961
-0.084109
-0.142003
-0.192562
-0.229727
-0.250304
-0.254213
-0.244158
-0.224857
-0.202021
-0.181284
-0.167262
-0.162838
-0.168749
-0.183478
-0.203458
-0.223571
-0.237918
-0.240787
-0.227719
-0.196510
-0.147942
-0.086059
-0.017816
0.047913
0.101859
0.136159
0.146030
0.130929
0.094869
0.045750
-0.006203
-0.050562
-0.078909
-0.086606
-0.073705
-0.044782
-0.007741
0.028098
0.054141
0.064369
0.056454
0.031889
-0.004804
-0.047554
-0.090434
-0.129115
-0.161677
-0.188599
-0.211980
-0.234254
-0.256824
-0.279039
-0.297856
-0.308330
-0.304837
-0.282737
-0.240013
-0.178430
-0.103820
-0.025354
0.046117
0.100284
0.129655
0.131302
0.107649
0.066064
0.017344
-0.026550
-0.054991
-0.060805
-0.041560
0.000242
0.058040
0.122882
0.185441
0.237881
0.275182
0.295667
0.300724
0.293871
0.279476
0.261477
0.242408
0.222947
0.202063
0.177679
0.147655
0.110822
0.067775
0.021203
-0.024345
-0.063217
-0.089768
-0.099539
-0.090225
-0.062207
-0.018523
0.035683
0.094107
0.150391
0.199161
0.236811
0.261902
0.275148
0.279033
0.277154
0.273426
0.271270
0.272928
0.278996
0.288261
0.297862
0.303764
0.301485
0.286945
0.257304
0.211622
0.151204
0.079551
0.001922
-0.075409
-0.146035
-0.204263
-0.245765
-0.267948
-0.270034
-0.252951
-0.219111
-0.172187
-0.116905
-0.058826
-0.004042
0.041278
0.071502
0.082252
0.071104
0.038102
-0.014032
-0.080072
-0.152831
-0.223993
-0.285107
-0.328614
-0.348773
-0.342394
-0.309296
-0.252409
-0.177480
-0.092363
-0.005950
0.073125
0.137787
0.183593
0.209321
0.216944
0.210974
0.197316
0.181874
0.169241
0.161744
0.159056
0.158434
0.155528
0.145520
0.124370
0.089844
0.042125
-0.016126
-0.080238
-0.144406
-0.202746
-0.250295
-0.283758
-0.301877
-0.305408
-0.296767
-0.279469
-0.257498
-0.234704
-0.214323
-0.198648
-0.188852
-0.184945
-0.185856
-0.189595
-0.193506
-0.194568
-0.189753
-0.176417
-0.152669
-0.117698
-0.072009
-0.017507
0.042571
0.103893
0.161421
0.209921
0.244546
0.261436
0.258256
0.234595
0.192133
0.134507
0.066866
-0.004839
-0.074727
-0.137838
-0.190801
-0.232172
-0.262367
-0.283222
-0.297283
-0.306995
-0.313983
-0.318585
-0.319735
-0.315221
-0.302244
-0.278150
-0.241161
-0.190946
-0.128919
-0.058209
0.016660
0.090306
0.157108
0.211825
0.250119
0.268944
0.266815
0.243926
0.202159
0.144953
0.077058
0.004163
-0.067562
-0.131986
-0.183534
-0.217688
-0.231415
-0.223511
-0.194820
-0.148274
-0.088700
-0.022345
0.043875
0.103335
0.150710
0.182832
0.199176
0.201833
0.194924
0.183574
0.172651
0.165593
0.163578
0.165288
0.167307
0.165111
0.154402
0.132473
0.099259
0.057772
0.013777
-0.025279
-0.051873
-0.060170
-0.047536
-0.015417
0.030653
0.081937
0.128076
0.159029
0.166944
0.147578
0.101013
0.031600
-0.052810
-0.142124
-0.225511
-0.292911
-0.336358
-0.350981
-0.335622
-0.292989
-0.229336
-0.153649
-0.076394
-0.007960
0.042988
0.070963
0.074616
0.056979
0.024894
-0.012300
-0.044556
-0.063039
-0.061758
-0.038597
0.004433
0.061714
0.125140
0.185557
0.234214
0.263997
0.270289
0.251434
0.208819
0.146660
0.071516
-0.008421
-0.084240
-0.147381
-0.190733
-0.209614
-0.202429
-0.170859
-0.119497
-0.054996
0.015115
0.083680
0.144967
0.195302
0.233183
0.258901
0.273817
0.279524
0.277132
0.266897
0.248294
0.220520
0.183289
0.137660
0.086623
0.035171
-0.010267
-0.043001
-0.057629
-0.051579
-0.026199
0.012979
0.056997
0.095154
0.117309
0.116241
0.089493
0.040218
-0.023225
-0.088860
-0.143512
-0.175496
-0.176984
-0.145538
-0.084526
-0.002430
0.088751
0.175587
0.245397
0.288139
0.297781
0.273044
0.217500
0.139063
0.048940
-0.039895
-0.114574
-0.164356
-0.182500
-0.167634
-0.124257
-0.062154
0.005309
0.063753
0.100727
0.108373
0.085175
0.036327
-0.027417
-0.092200
-0.144254
-0.173084
-0.173857
-0.148416
-0.104692
-0.054635
-0.011220
0.014744
0.017210
-0.003721
-0.041943
-0.086914
-0.126231
-0.148536
-0.146060
-0.116203
-0.061884
0.009337
0.087039
0.160113
0.218818
0.256285
0.269256
0.258049
0.225919
0.178057
0.120511
0.059198
-0.000856
-0.056013
-0.104266
-0.145215
-0.179828
-0.209962
-0.237726
-0.264753
-0.291522
-0.316889
-0.337986
-0.350574
-0.349874
-0.331728
-0.293876
-0.237014
-0.165338
-0.086329
-0.009735
0.054113
0.096300
0.111165
0.097528
0.058948
0.002932
-0.060757
-0.122258
-0.173705
-0.210725
-0.232991
-0.243695
-0.248151
-0.251900
-0.258868
-0.270043
-0.283051
-0.292719
-0.292497
-0.276360
-0.240702
-0.185736
-0.116009
-0.039894
0.031846
0.088109
0.119620
0.120741
0.090526
0.032833
-0.044465
-0.130925
-0.215278
-0.287105
-0.338144
-0.363093
-0.359872
-0.329437
-0.275288
-0.202790
-0.118437
-0.029123
0.058508
0.138584
0.206365
0.258410
0.292569
0.307848
0.304228
0.282496
0.244169
0.191486
0.127441
0.055779
-0.019108
-0.092436
-0.159435
-0.215836
-0.258394
-0.285323
-0.296576
-0.293898
-0.280617
-0.261176
-0.240434
-0.222848
-0.211648
-0.208166
-0.211470
-0.218423
-0.224211
-0.223291
-0.210623
-0.182935
-0.139759
-0.083961
-0.021590
0.038999
0.088619
0.119032
0.124655
0.103777
0.059004
-0.003199
-0.073764
-0.142773
-0.201319
-0.243040
-0.265037
-0.268033
-0.255810
-0.234153
-0.209553
-0.187981
-0.173938
-0.169915
-0.176283
-0.191555
-0.212914
-0.236878
-0.259971
-0.279316
-0.293056
-0.300559
-0.302394
-0.300084
-0.295671
-0.291174
-0.288023
-0.286581
-0.285862
-0.283534
-0.276255
-0.260331
-0.232608
-0.191423
-0.137409
-0.073912
-0.006841
0.056110
0.106798
0.138268
0.146335
0.130715
0.095391
0.048053
-0.001293
-0.042275
-0.066195
-0.067712
-0.045779
-0.003651
0.051985
0.112495
0.169002
0.213930
0.242054
0.250938
0.240769
0.213774
0.173450
0.123822
0.068876
0.012251
-0.042867
-0.093689
-0.137720
-0.172663
-0.196415
-0.207146
-0.203494
-0.184805
-0.151389
-0.104704
-0.047404
0.016792
0.083406
0.147632
0.204819
0.250894
0.282686
0.298095
0.296143
0.276945
0.241648
0.192359
0.132075
0.064583
-0.005692
-0.073912
-0.135129
-0.184654
-0.218484
-0.233749
-0.229158
-0.205376
-0.165247
-0.113754
-0.057611
-0.004462
0.038270
0.064710
0.071750
0.059847
0.033138
-0.001273
-0.034772
-0.059166
-0.068625
-0.061172
-0.039276
-0.009366
0.019691
0.038794
0.040969
0.023281
-0.012205
-0.058676
-0.105997
-0.142961
-0.159810
-0.150402
-0.113515
-0.052998
0.023196
0.104824
0.181508
0.244722
0.289164
0.313273
0.318866
0.310093
0.292036
0.269315
0.245029
0.220251
0.194119
0.164471
0.128792
0.085236
0.033457
-0.024939
-0.086408
-0.145928
-0.197765
-0.236378
-0.257291
-0.257774
-0.237271
-0.197518
-0.142379
-0.077387
-0.009050
0.056020
0.112054
0.154986
0.183067
0.197067
0.199985
0.196306
0.190942
0.188108
0.190394
0.198275
0.210174
0.223060
0.233422
0.238357
0.236480
0.228395
0.216599
0.204822
0.196969
0.195927
0.202572
0.215236
0.229821
0.240555
0.241244
0.226716
0.194108
0.143665
0.078829
0.005581
-0.068816
-0.137364
-0.194771
-0.238424
-0.268639
-0.288134
-0.300887
-0.310682
-0.319752
-0.327917
-0.332452
-0.328771
-0.311782
-0.277569
-0.224962
-0.156536
-0.078721
-0.000888
0.066434
0.113819
0.135137
0.129108
0.099767
0.055668
0.007967
-0.032172
-0.056226
-0.060317
-0.046083
-0.020133
0.007760
0.027300
0.030465
0.013712
-0.020977
-0.066507
-0.112454
-0.147758
-0.163639
-0.155953
-0.126385
-0.082134
-0.034172
0.005484
0.026797
0.024237
-0.001805
-0.045100
-0.095097
-0.139504
-0.167257
-0.171148
-0.149477
-0.106363
-0.050688
0.006019
0.052192
0.078715
0.080696
0.058200
0.015848
-0.038520
-0.095726
-0.147208
-0.186615
-0.210752
-0.219766
-0.216633
-0.206163
-0.193791
-0.184407
-0.181466
-0.186484
-0.198987
-0.216842
-0.236883
-0.255673
-0.270240
-0.278636
-0.280210
-0.275547
-0.266091
-0.253552
-0.239251
-0.223571
-0.205679
-0.183618
-0.154775
-0.116664
-0.067836
-0.008716
0.057846
0.126497
0.189870
0.239616
0.267854
0.268806
0.240268
0.184591
0.108855
0.024076
-0.056528
-0.119939
-0.155947
-0.159379
-0.131394
-0.079464
-0.015946
0.044487
0.088019
0.104732
0.090811
0.049374
-0.010252
-0.074632
-0.129196
-0.161352
-0.163042
-0.132192
-0.072781
0.006354
0.093618
0.177112
0.246871
0.296442
0.323572
0.329995
0.320518
0.301685
0.280364
0.262500
0.252218
0.251343
0.259319
0.273483
0.289593
0.302546
0.307204
0.299244
0.275934
0.236733
0.183586
0.120837
0.054714
-0.007558
-0.058883
-0.093445
-0.107654
-0.100694
-0.074563
-0.033638
0.016137
0.068205
0.116309
0.155197
0.181030
0.191512
0.185826
0.164461
0.129012
0.082002
0.026704
-0.033056
-0.093158
-0.149518
-0.198467
-0.237136
-0.263779
-0.277980
-0.280701
-0.274140
-0.261413
-0.246097
-0.231708
-0.221185
-0.216485
-0.218357
-0.226335
-0.238940
-0.254056
-0.269382
-0.282871
-0.293065
-0.299274
-0.301582
-0.300704
-0.297740
-0.293899
-0.290253
-0.287558
-0.286169
-0.286056
-0.286877
-0.288108
-0.289179
-0.289585
-0.288957
-0.287081
-0.283852
-0.279181
-0.272882
-0.264557
-0.253549
-0.238957
-0.219778
-0.195137
-0.164572
-0.128308
-0.087425
-0.043855
-0.000164
0.040840
0.076611
0.105354
0.126378
0.140248
0.148681
0.154235
0.159838
0.168258
0.181594
0.200849
0.225643
0.254097
0.282928
0.307774
0.323747
0.326215
0.311693
0.278727
0.228577
0.165484
0.096383
0.029992
-0.024612
-0.059703
-0.070529
-0.056475
-0.021425
0.026792
0.077826
0.120793
0.146389
0.148662
0.126040
0.081417
0.021333
-0.045538
-0.110179
-0.164923
-0.204673
-0.227477
-0.234426
-0.228992
-0.216037
-0.200731
-0.187588
-0.179775
-0.178740
-0.184171
-0.194212
-0.205885
-0.215630
-0.219890
-0.215685
-0.201104
-0.175648
-0.140370
-0.097760
-0.051364
-0.005195
0.036976
0.072292
0.099295
0.118095
0.130176
0.137874
0.143648
0.149327
0.155517
0.161328
0.164484
0.161818
0.150023
0.126509
0.090147
0.041744
-0.015859
-0.078091
-0.139260
-0.193349
-0.234836
-0.259401
-0.264451
-0.249443
-0.215994
-0.167802
-0.110363
-0.050452
0.004648
0.048124
0.074725
0.081755
0.069746
0.042587
0.006999
-0.028607
-0.055689
-0.067221
-0.059051
-0.030650
0.014913
0.071759
0.132521
0.189887
0.237970
0.273225
0.294745
0.303936
0.303755
0.297732
0.289055
0.279933
0.271344
0.263161
0.254576
0.244630
0.232698
0.218786
0.203564
0.188171
0.173859
0.161613
0.151881
0.144490
0.138785
0.133953
0.129424
0.125224
0.122158
0.121726
0.125772
0.135907
0.152851
0.175873
0.202491
0.228580
0.248913
0.258094
0.251687
0.227303
0.185397
0.129524
0.065981
0.002846
-0.051399
-0.089366
-0.106064
-0.099716
-0.071925
-0.027184
0.028127
0.086999
0.143021
0.191296
0.228907
0.254870
0.269680
0.274618
0.271020
0.259736
0.240887
0.213993
0.178402
0.133866
0.081097
0.022079
-0.039971
-0.101028
-0.156971
-0.204400
-0.241322
-0.267502
-0.284379
-0.294539
-0.300896
-0.305795
-0.310279
-0.313725
-0.313956
-0.307814
-0.292052
-0.264325
-0.224007
-0.172617
-0.113726
-0.052344
0.006060
0.056661
0.096233
0.123704
0.140179
0.148442
0.152067
0.154376
0.157507
0.161826
0.165832
0.166582
0.160534
0.144619
0.117270
0.079163
0.033469
-0.014465
-0.057950
-0.090148
-0.105366
-0.100181
-0.074190
-0.030240
0.025886
0.086241
0.141846
0.183982
0.205503
0.202000
0.172644
0.120579
0.052724
-0.021077
-0.089501
-0.141626
-0.168919
-0.166944
-0.136374
-0.083049
-0.016957
0.049652
0.104659
0.138426
0.145568
0.125760
0.083409
0.026327
-0.036241
-0.095706
-0.145854
-0.183790
-0.209960
-0.227320
-0.239955
-0.251549
-0.264131
-0.277409
-0.288832
-0.294338
-0.289536
-0.271017
-0.237413
-0.189938
-0.132279
-0.069862
-0.008711
0.045810
0.090053
0.122675
0.144648
0.158736
0.168589
0.177725
0.188648
0.202306
0.217980
0.233596
0.246335
0.253377
0.252611
0.243142
0.225549
0.201837
0.175162
0.149353
0.128349
0.115591
0.113460
0.122808
0.142664
0.170160
0.200752
0.228729
0.248003
0.253056
0.239904
0.206878
0.155057
0.088227
0.012356
-0.065313
-0.137365
-0.197276
-0.240209
-0.263420
-0.266238
-0.249715
-0.216107
-0.168352
-0.109680
-0.043431
0.026958
0.097843
0.165260
0.224897
0.272222
0.302817
0.312886
0.299905
0.263281
0.204892
0.129322
0.043679
-0.043078
-0.121238
-0.181711
-0.217407
-0.224350
-0.202311
-0.154815
-0.088576
-0.012466
0.063738
0.130624
0.180244
0.206946
0.207899
0.183316
0.136395
0.072981
0.000930
-0.070793
-0.133234
-0.178648
-0.201583
-0.199652
-0.173815
-0.128104
-0.068855
-0.003609
0.060065
0.115583
0.158038
0.184463
0.193758
0.186352
0.163800
0.128402
0.082957
0.030635
-0.025067
-0.080346
-0.131173
-0.173478
-0.203467
-0.218065
-0.215426
-0.195439
-0.160092
-0.113571
-0.061971
-0.012588
0.027162
0.051009
0.055026
0.038454
0.003924
-0.043033
-0.095117
-0.144773
-0.185753
-0.214330
-0.229887
-0.234749
-0.233334
-0.230835
-0.231792
-0.238866
-0.252122
-0.268927
-0.284478
-0.292810
-0.288049
-0.265648
-0.223378
-0.161911
-0.084911
0.001324
0.088622
0.167942
0.230532
0.269077
0.278748
0.257996
0.208990
0.137562
0.052609
-0.035026
-0.114073
-0.174506
-0.209053
-0.214249
-0.190799
-0.143182
-0.078595
-0.005491
0.067949
0.135084
0.191573
0.235522
0.267099
0.287776
0.299489
0.303927
0.302164
0.294677
0.281699
0.263753
0.242148
0.219224
0.198214
0.182701
0.175752
0.178986
0.191804
0.211081
0.231470
0.246342
0.249213
0.235357
0.203200
0.155117
0.097341
0.038917
-0.010160
-0.041210
-0.049029
-0.033366
0.000693
0.043614
0.083436
0.108479
0.110104
0.084842
0.035370
-0.029950
-0.098846
-0.157837
-0.195205
-0.203558
-0.181398
-0.133386
-0.069300
-0.001972
0.055293
0.091229
0.098577
0.075154
0.023941
-0.047720
-0.129551
-0.210067
-0.278305
-0.325310
-0.345230
-0.335955
-0.299270
-0.240543
-0.167985
-0.091555
-0.021629
0.032400
0.063393
0.067407
0.044150
-0.003087
-0.068014
-0.142274
-0.216578
-0.281842
-0.330211
-0.355879
-0.355698
-0.329528
-0.280341
-0.213992
-0.138633
-0.063720
0.001292
0.048441
0.072638
0.072670
0.051529
0.015940
-0.024895
-0.061102
-0.084141
-0.088556
-0.073098
-0.040957
0.000924
0.043304
0.076516
0.092362
0.085627
0.054953
0.002948
-0.064387
-0.138738
-0.210804
-0.271609
-0.313608
-0.331478
-0.322546
-0.286889
-0.227159
-0.148202
-0.056538
0.040225
0.134003
0.216839
0.281485
0.321984
0.334251
0.316647
0.270468
0.200241
0.113646
0.020947
-0.066148
-0.136094
-0.179365
-0.190199
-0.167822
-0.116846
-0.046676
0.030009
0.099419
0.149016
0.169614
0.156821
0.111580
0.039793
-0.048821
-0.142366
-0.228576
-0.296500
-0.337867
-0.347992
-0.326178
-0.275611
-0.202782
-0.116506
-0.026651
0.057273
0.127433
0.178720
0.209305
0.220635
0.216877
0.203935
0.188280
0.175802
0.170905
0.175971
0.191200
0.214795
0.243373
0.272499
0.297264
0.312845
0.315035
0.300739
0.268394
0.218286
0.152674
0.075669
-0.007173
-0.089519
-0.165079
-0.228464
-0.275885
-0.305597
-0.317992
-0.315363
-0.301405
-0.280570
-0.257388
-0.235887
-0.219157
-0.209117
-0.206485
-0.210905
-0.221187
-0.235590
-0.252076
-0.268480
-0.282598
-0.292194
-0.294997
-0.288770
-0.271512
-0.241816
-0.199356
-0.145374
-0.083030
-0.017428
0.044761
0.096115
0.129585
0.139710
0.123674
0.081949
0.018387
-0.060246
-0.145204
-0.226937
-0.296326
-0.345773
-0.370043
-0.366818
-0.336938
-0.284336
-0.215660
-0.139563
-0.065678
-0.003366
0.039618
0.058310
0.051329
0.021081
-0.026698
-0.084006
-0.142026
-0.192660
-0.229846
-0.250398
-0.254249
-0.244125
-0.224765
-0.201895
-0.181156
-0.167162
-0.162788
-0.168756
-0.183533
-0.203541
-0.223657
-0.237986
-0.240821
-0.227717
-0.196480
-0.147905
-0.086037
-0.017834
0.047835
0.101708
0.135931
0.145729
0.130566
0.094457
0.045305
-0.006666
-0.051031
-0.079373
-0.087058
-0.074140
-0.045195
-0.008127
0.027746
0.053832
0.064114
0.056259
0.031757
-0.004882
-0.047593
-0.090457
-0.129146
-0.161737
-0.188699
-0.212114
-0.234402
-0.256952
-0.279111
-0.297839
-0.308203
-0.304601
-0.282414
-0.239644
-0.178066
-0.103517
-0.025157
0.046175
0.100193
0.129425
0.130964
0.107247
0.065648
0.016966
-0.026849
-0.055184
-0.060883
-0.041536
0.000340
0.058172
0.123010
0.185534
0.237926
0.275183
0.295646
0.300707
0.293882
0.279522
0.261544
0.242458
0.222924
0.201908
0.177341
0.147110
0.110082
0.066888
0.020249
-0.025266
-0.064007
-0.090347
-0.099860
-0.090283
-0.062040
-0.018204
0.036060
0.094446
0.150607
0.199200
0.236650
0.261552
0.274645
0.278428
0.276501
0.272770
0.270643
0.272346
0.278464
0.287780
0.297431
0.303390
0.301175
0.286707
0.257139
0.211516
0.151127
0.079456
0.001755
-0.075699
-0.146484
-0.204883
-0.246536
-0.268816
-0.270926
-0.253783
-0.219806
-0.172693
-0.117203
-0.058934
-0.004011
0.041373
0.071581
0.082246
0.070970
0.037832
-0.014412
-0.080504
-0.153242
-0.224311
-0.285278
-0.328615
-0.348619
-0.342135
-0.309006
-0.252172
-0.177372
-0.092433
-0.006212
0.072695
0.137246
0.183019
0.208794
0.216529
0.210709
0.197203
0.181879
0.169304
0.161792
0.159018
0.158260
0.155193
0.145037
0.123780
0.089211
0.041519
-0.016639
-0.080614
-0.144627
-0.202824
-0.250269
-0.283682
-0.301812
-0.305405
-0.296859
-0.279670
-0.257797
-0.235075
-0.214733
-0.199064
-0.189246
-0.185302
-0.186170
-0.189870
-0.193749
-0.194787
-0.189955
-0.176606
-0.152847
-0.117872
-0.072188
-0.017706
0.042333
0.103596
0.161050
0.209469
0.244019
0.260852
0.257649
0.234007
0.191610
0.134093
0.066599
-0.004936
-0.074647
-0.137594
-0.190426
-0.231710
-0.261873
-0.282750
-0.296879
-0.306689
-0.313789
-0.318499
-0.319739
-0.315290
-0.302349
-0.278268
-0.241273
-0.191043
-0.129000
-0.058275
0.016607
0.090265
0.157083
0.211820
0.250138
0.268991
0.266888
0.244018
0.202257
0.145041
0.077114
0.004165
-0.067639
-0.132160
-0.183818
-0.218084
-0.231909
-0.224074
-0.195407
-0.148830
-0.089166
-0.022669
0.043729
0.103383
0.150941
0.183212
0.199648
0.202328
0.195371
0.183907
0.172825
0.165584
0.163394
0.164960
0.166888
0.164663
0.153984
0.132133
0.099023
0.057645
0.013744
-0.025245
-0.051801
-0.060082
-0.047441
-0.015312
0.030780
0.082098
0.128274
0.159256
0.167175
0.147775
0.101140
0.031626
-0.052900
-0.142321
-0.225786
-0.293216
-0.336635
-0.351176
-0.335694
-0.292920
-0.229132
-0.153342
-0.076033
-0.007603
0.043287
0.071160
0.074686
0.056919
0.024719
-0.012559
-0.044863
-0.063357
-0.062058
-0.038859
0.004217
0.061542
0.125009
0.185461
0.234153
0.263975
0.270316
0.251519
0.208972
0.146884
0.071809
-0.008066
-0.083836
-0.146940
-0.190266
-0.209128
-0.201927
-0.170340
-0.118957
-0.054429
0.015717
0.084323
0.145655
0.196032
0.233949
0.259689
0.274610
0.280299
0.277867
0.267574
0.248900
0.221055
0.183760
0.138088
0.087034
0.035597
-0.009795
-0.042453
-0.056983
-0.050824
-0.025334
0.013943
0.058033
0.096227
0.118372
0.117243
0.090383
0.040953
-0.022675
-0.088507
-0.143343
-0.175481
-0.177077
-0.145683
-0.084671
-0.002529
0.088727
0.175655
0.245559
0.288390
0.298113
0.273450
0.217975
0.139605
0.049548
-0.039227
-0.113858
-0.163614
-0.181764
-0.166940
-0.123642
-0.061648
0.005688
0.064010
0.100890
0.108492
0.085314
0.036559
-0.027027
-0.091606
-0.143440
-0.172066
-0.172680
-0.147153
-0.103427
-0.053451
-0.010189
0.015574
0.017824
-0.003310
-0.041692
-0.086757
-0.126093
-0.148342
-0.145747
-0.115732
-0.061247
0.010119
0.087913
0.161008
0.219654
0.256988
0.269770
0.258345
0.225997
0.177947
0.120263
0.058875
-0.001188
-0.056297
-0.104459
-0.145294
-0.179787
-0.209811
-0.237487
-0.264450
-0.291179
-0.316525
-0.337613
-0.350199
-0.349499
-0.331358
-0.293516
-0.236674
-0.165029
-0.086063
-0.009521
0.054275
0.096417
0.111254
0.097611
0.059054
0.003086
-0.060534
-0.121953
-0.173312
-0.210246
-0.232429
-0.243053
-0.247429
-0.251098
-0.257981
-0.269074
-0.282008
-0.291623
-0.291378
-0.275256
-0.239653
-0.184776
-0.115161
-0.039167
0.032461
0.088633
0.120082
0.121175
0.090961
0.033293
-0.043967
-0.130384
-0.214699
-0.286502
-0.337539
-0.362516
-0.359355
-0.329011
-0.274975
-0.202599
-0.118358
-0.029126
0.058467
0.138560
0.206411
0.258568
0.292862
0.308277
0.304772
0.283118
0.244824
0.192129
0.128035
0.056304
-0.018657
-0.092048
-0.159086
-0.215497
-0.258035
-0.284916
-0.296101
-0.293344
-0.279985
-0.260474
-0.239681
-0.222073
-0.210886
-0.207455
-0.210849
-0.217925
-0.223857
-0.223093
-0.210575
-0.183020
-0.139946
-0.084212
-0.021862
0.038747
0.088424
0.118923
0.124650
0.103881
0.059207
-0.002917
-0.073431
-0.142422
-0.200981
-0.242741
-0.264794
-0.267851
-0.255684
-0.234069
-0.209492
-0.187924
-0.173872
-0.169838
-0.176202
-0.191492
-0.212900
-0.236944
-0.260147
-0.279622
-0.293494
-0.301114
-0.303033
-0.300761
-0.296336
-0.291781
-0.288538
-0.286986
-0.286159
-0.283741
-0.276402
-0.260455
-0.232741
-0.191587
-0.137609
-0.074131
-0.007043
0.055979
0.106801
0.138464
0.146771
0.131412
0.096337
0.049200
-0.000027
-0.040994
-0.065009
-0.066723
-0.045061
-0.003237
0.052107
0.112375
0.168723
0.213587
0.241738
0.250716
0.240676
0.213812
0.173585
0.123996
0.069020
0.012297
-0.042971
-0.093972
-0.138179
-0.173269
-0.197114
-0.207874
-0.204183
-0.185397
-0.151844
-0.105005
-0.047560
0.016751
0.083431
0.147668
0.204807
0.250787
0.282451
0.297719
0.295636
0.276338
0.240990
0.191708
0.131490
0.064116
-0.006005
-0.074058
-0.135117
-0.184515
-0.218262
-0.233494
-0.228917
-0.205184
-0.165123
-0.113700
-0.057615
-0.004504
0.038211
0.064653
0.071703
0.059811
0.033102
-0.001328
-0.034873
-0.059336
-0.068885
-0.061534
-0.039738
-0.009911
0.019093
0.038186
0.040399
0.022793
-0.012578
-0.058919
-0.106116
-0.142982
-0.159771
-0.150344
-0.113470
-0.052985
0.023181
0.104800
0.181507
0.244776
0.289295
0.313489
0.319159
0.310441
0.292412
0.269690
0.245384
0.220570
0.194398
0.164707
0.128979
0.085363
0.033503
-0.024998
-0.086600
-0.146274
-0.198273
-0.237041
-0.258081
-0.258646
-0.238165
-0.198372
-0.143131
-0.077986
-0.009462
0.055811
0.112043
0.155156
0.183394
0.197523
0.200544
0.196947
0.191648
0.188861
0.191175
0.199059
0.210930
0.223753
0.234018
0.238828
0.236809
0.228578
0.216645
0.204753
0.196810
0.195705
0.202306
0.214938
0.229489
0.240183
0.240821
0.226238
0.193581
0.143109
0.078279
0.005080
-0.069224
-0.137641
-0.194895
-0.238392
-0.268468
-0.287859
-0.300552
-0.310330
-0.319422
-0.327637
-0.332235
-0.328622
-0.311697
-0.277545
-0.224994
-0.156626
-0.078874
-0.001110
0.066137
0.113445
0.134695
0.128612
0.099241
0.055138
0.007460
-0.032636
-0.056634
-0.060668
-0.046385
-0.020400
0.007513
0.027062
0.030232
0.013486
-0.021186
-0.066686
-0.112589
-0.147841
-0.163664
-0.155923
-0.126308
-0.082021
-0.034038
0.005623
0.026921
0.024327
-0.001776
-0.045158
-0.095270
-0.139815
-0.167720
-0.171758
-0.150208
-0.107165
-0.051490
0.005299
0.051638
0.078392
0.080641
0.058410
0.016278
-0.037949
-0.095116
-0.146662
-0.186220
-0.210564
-0.219799
-0.216865
-0.206543
-0.194252
-0.184884
-0.181906
-0.186855
-0.199280
-0.217065
-0.237055
-0.255816
-0.270367
-0.278748
-0.280296
-0.275585
-0.266054
-0.253417
-0.239004
-0.223212
-0.205227
-0.183105
-0.154250
-0.116181
-0.067446
-0.008466
0.057923
0.126387
0.189578
0.239166
0.267287
0.268173
0.239625
0.183992
0.108346
0.023693
-0.056763
-0.120019
-0.155880
-0.159188
-0.131117
-0.079147
-0.015641
0.044729
0.088156
0.104739
0.090682
0.049123
-0.010594
-0.075024
-0.129593
-0.161708
-0.163321
-0.132359
-0.072808
0.006488
0.093923
0.177576
0.247450
0.297055
0.324099
0.330294
0.320451
0.301161
0.279381
0.261180
0.250813
0.250209
0.258850
0.274008
0.291263
0.305237
0.310471
0.302349
0.277977
0.236860
0.181252
0.116055
0.048215
-0.014323
-0.063950
-0.094751
-0.103608
-0.090784
-0.059841
-0.016894
0.030638
0.075516
0.112061
0.137148
0.150607
0.154977
0.154700
