-0.015157
-0.013558
-0.011459
-0.008725
-0.005765
-0.003593
-0.003705
-0.007793
-0.017351
-0.033288
-0.055620
-0.083356
-0.114595
-0.146839
-0.177431
-0.204043
-0.225063
-0.239824
-0.248602
-0.252424
-0.252733
-0.251014
-0.248486
-0.245919
-0.243614
-0.241534
-0.239527
-0.237564
-0.235900
-0.235110
-0.235957
-0.239121
-0.244852
-0.252634
-0.260981
-0.267440
-0.268848
-0.261834
-0.243474
-0.211968
-0.167179
-0.110892
-0.046711
0.020412
0.084936
0.141605
0.186288
0.216590
0.232158
0.234633
0.227298
0.214490
0.200889
0.190768
0.187310
0.192057
0.204564
0.222340
0.241112
0.255439
0.259637
0.248897
0.220419
0.174317
0.114052
0.046217
-0.020380
-0.076249
-0.113066
-0.125457
-0.112299
-0.077183
-0.027886
0.025064
0.070448
0.098553
0.103036
0.082033
0.038294
-0.021626
-0.088880
-0.154179
-0.209528
-0.249527
-0.272014
-0.278013
-0.271113
-0.256472
-0.239693
-0.225787
-0.218359
-0.219118
-0.227712
-0.241881
-0.257869
-0.271038
-0.276619
-0.270493
-0.249916
-0.214060
-0.164263
-0.103909
-0.037941
0.027948
0.088281
0.138727
0.176797
0.202131
0.216334
0.222390
0.223802
0.223661
0.223853
0.224585
0.224327
0.220166
0.208503
0.185923
0.150074
0.100358
0.038326
-0.032304
-0.105985
-0.175976
-0.235177
-0.277057
-0.296567
-0.290960
-0.260394
-0.208219
-0.140841
-0.067081
0.002968
0.059470
0.094531
0.103697
0.086936
0.048813
-0.002237
-0.055458
-0.099816
-0.126110
-0.128679
-0.106333
-0.062323
-0.003407
0.061728
0.124284
0.177000
0.215280
0.237630
0.245406
0.242038
0.231974
0.219630
0.208570
0.201035
0.197860
0.198702
0.202462
0.207755
0.213299
0.218160
0.221816
0.224086
0.224980
0.224552
0.222822
0.219794
0.215564
0.210476
0.205236
0.200938
0.198922
0.200470
0.206385
0.216539
0.229535
0.242602
0.251832
0.252774
0.241321
0.214731
0.172531
0.117083
0.053584
-0.010561
-0.066936
-0.107655
-0.126896
-0.122082
-0.094395
-0.048496
0.008490
0.068473
0.124020
0.169688
0.202797
0.223471
0.234013
0.237813
0.238123
0.237008
0.234750
0.229830
0.219468
0.200548
0.170679
0.129077
0.077044
0.017899
-0.043625
-0.102345
-0.153713
-0.194708
-0.224327
-0.243530
-0.254688
-0.260696
-0.264002
-0.265811
-0.265701
-0.261731
-0.251027
-0.230679
-0.198716
-0.154880
-0.100990
-0.040772
0.020810
0.078561
0.128128
0.166866
0.194252
0.211752
0.222162
0.228622
0.233566
0.237891
0.240583
0.238923
0.229224
0.207957
0.172970
0.124488
0.065632
0.002274
-0.057770
-0.106059
-0.135077
-0.139676
-0.118099
-0.072400
-0.008180
0.066245
0.141071
0.206397
0.253557
0.276255
0.271374
0.239424
0.184560
0.114153
0.037882
-0.033585
-0.090209
-0.124253
-0.131694
-0.113076
-0.073536
-0.021939
0.030763
0.073624
0.097804
0.098204
0.074274
0.029831
-0.028039
-0.090682
-0.149771
-0.198919
-0.234672
-0.256693
-0.267194
-0.269812
-0.268284
-0.265270
-0.261611
-0.256182
-0.246338
-0.228808
-0.200766
-0.160812
-0.109585
-0.049870
0.013827
0.076118
0.131752
0.176591
0.208288
0.226556
0.233006
0.230627
0.223075
0.213936
0.206118
0.201470
0.200659
0.203286
0.208179
0.213776
0.218522
0.221209
0.221214
0.218607
0.214125
0.209017
0.204789
0.202872
0.204271
0.209244
0.217077
0.226019
0.233397
0.235947
0.230307
0.213610
0.184056
0.141358
0.086949
0.023901
-0.043429
-0.109957
-0.170516
-0.220448
-0.256058
-0.274875
-0.275730
-0.258710
-0.225035
-0.176925
-0.117458
-0.050439
0.019760
0.088387
0.150552
0.201515
0.237045
0.253818
0.249863
0.224987
0.181108
0.122392
0.055069
-0.013110
-0.073776
-0.119080
-0.142873
-0.141702
-0.115392
-0.067125
-0.002970
0.068993
0.139806
0.200799
0.244636
0.266126
0.262753
0.234926
0.185939
0.121645
0.049841
-0.020632
-0.080985
-0.123668
-0.143440
-0.138125
-0.108890
-0.059988
0.001996
0.069221
0.133754
0.188596
0.228399
0.249807
0.251448
0.233683
0.198254
0.147928
0.086223
0.017212
-0.054608
-0.124435
-0.187329
-0.238458
-0.273452
-0.288873
-0.282744
-0.255070
-0.208224
-0.147047
-0.078555
-0.011189
0.046324
0.086332
0.103563
0.096072
0.065591
0.017172
-0.041839
-0.103242
-0.159534
-0.205204
-0.237490
-0.256478
-0.264552
-0.265384
-0.262751
-0.259442
-0.256534
-0.253158
-0.246791
-0.233960
-0.211194
-0.175985
-0.127555
-0.067284
0.001281
0.072794
0.140786
0.198505
0.239805
0.259985
0.256473
0.229316
0.181382
0.118221
0.047542
-0.021709
-0.080561
-0.121357
-0.138971
-0.131642
-0.101222
-0.052757
0.006519
0.068568
0.125985
0.173188
0.207115
0.227326
0.235556
0.234913
0.228935
0.220773
0.212671
0.205814
0.200524
0.196674
0.194152
0.193190
0.194458
0.198848
0.207019
0.218838
0.232899
0.246325
0.254981
0.254154
0.239592
0.208702
0.161596
0.101676
0.035500
-0.028148
-0.079882
-0.111706
-0.118926
-0.101460
-0.064190
-0.016145
0.031341
0.067118
0.082766
0.074574
0.044445
-0.000517
-0.049660
-0.091285
-0.115397
-0.116036
-0.092649
-0.050193
0.001997
0.052291
0.089257
0.104001
0.091846
0.053062
-0.007412
-0.081081
-0.157512
-0.226092
-0.277608
-0.305419
-0.306163
-0.279978
-0.230331
-0.163504
-0.087826
-0.012687
0.052574
0.099807
0.123092
0.119510
0.089529
0.036942
-0.031648
-0.107684
-0.181734
-0.244630
-0.288545
-0.307920
-0.300161
-0.266067
-0.209896
-0.139017
-0.063076
0.007295
0.062115
0.093776
0.098534
0.077393
0.036112
-0.015763
-0.066722
-0.105618
-0.123991
-0.117865
-0.088590
-0.042534
0.010314
0.058482
0.091403
0.101505
0.085566
0.045089
-0.014280
-0.084078
-0.154710
-0.217088
-0.263920
-0.290447
-0.294624
-0.276846
-0.239424
-0.185968
-0.120861
-0.048868
0.025096
0.096091
0.159244
0.209891
0.243844
0.257798
0.249868
0.220169
0.171264
0.108335
0.038883
-0.028091
-0.083397
-0.119221
-0.130661
-0.116843
-0.081320
-0.031603
0.022139
0.068946
0.099103
0.105907
0.086798
0.043649
-0.017783
-0.089056
-0.160586
-0.223187
-0.269340
-0.294016
-0.295014
-0.272886
-0.230531
-0.172620
-0.104918
-0.033579
0.035513
0.097337
0.148192
0.185976
0.210262
0.222155
0.223985
0.218881
0.210293
0.201539
0.195396
0.193777
0.197498
0.206149
0.218090
0.230599
0.240183
0.243053
0.235718
0.215618
0.181681
0.134663
0.077188
0.013429
-0.051534
-0.112539
-0.165196
-0.206563
-0.235500
-0.252642
-0.260015
-0.260428
-0.256796
-0.251568
-0.246390
-0.242036
-0.238605
-0.235870
-0.233664
-0.232164
-0.231974
-0.233970
-0.238937
-0.247096
-0.257665
-0.268606
-0.276686
-0.277903
-0.268245
-0.244636
-0.205874
-0.153312
-0.091079
-0.025728
0.034676
0.081874
0.108862
0.111181
0.087763
0.041179
-0.022744
-0.095812
-0.168673
-0.232103
-0.278180
-0.301215
-0.298370
-0.269954
-0.219396
-0.152891
-0.078722
-0.006274
0.055174
0.097741
0.116107
0.108331
0.076134
0.024560
-0.038925
-0.105739
-0.167613
-0.217882
-0.252398
-0.269933
-0.272066
-0.262624
-0.246824
-0.230286
-0.218050
-0.213742
-0.218959
-0.232960
-0.252701
-0.273249
-0.288560
-0.292543
-0.280293
-0.249261
-0.200127
-0.137126
-0.067661
-0.001176
0.052568
0.085492
0.093022
0.075297
0.037399
-0.011531
-0.060147
-0.097338
-0.114681
-0.108334
-0.079882
-0.035934
0.013422
0.056942
0.084732
0.090343
0.071962
0.032468
-0.021595
-0.081795
-0.139839
-0.189328
-0.226812
-0.251957
-0.266856
-0.274761
-0.278649
-0.280032
-0.278370
-0.271240
-0.255217
-0.227209
-0.185869
-0.132659
-0.072200
-0.011769
0.040042
0.075183
0.088074
0.077113
0.045321
-0.000070
-0.049021
-0.090779
-0.116126
-0.119257
-0.098835
-0.057987
-0.003307
0.056857
0.114339
0.162847
0.199000
0.222506
0.235532
0.241497
0.243671
0.243975
0.242322
0.236654
0.223672
0.200032
0.163690
0.115003
0.057271
-0.003476
-0.059426
-0.102471
-0.125869
-0.125677
-0.101611
-0.057117
0.001336
0.065554
0.127188
0.179202
0.216952
0.238685
0.245433
0.240424
0.228190
0.213590
0.200944
0.193385
0.192496
0.198209
0.208940
0.221888
0.233460
0.239751
0.237071
0.222441
0.194037
0.151517
0.096181
0.030943
-0.039899
-0.111049
-0.176730
-0.231245
-0.269559
-0.287848
-0.283995
-0.257995
-0.212197
-0.151317
-0.082131
-0.012813
0.048040
0.092588
0.114919
0.111988
0.084123
0.034977
-0.029048
-0.099787
-0.168505
-0.227068
-0.268906
-0.289671
-0.287543
-0.263226
-0.219681
-0.161648
-0.095016
-0.026070
0.039297
0.096336
0.142011
0.175304
0.197140
0.209952
0.216952
0.221255
0.225062
0.229073
0.232292
0.232245
0.225605
0.209048
0.180167
0.138216
0.084505
0.022350
-0.043423
-0.107295
-0.164010
-0.209451
-0.241266
-0.259109
-0.264521
-0.260489
-0.250825
-0.239486
-0.229961
-0.224796
-0.225284
-0.231349
-0.241582
-0.253443
-0.263588
-0.268305
-0.264032
-0.247888
-0.218163
-0.174679
-0.118947
-0.054100
0.015413
0.084313
0.147080
0.198546
0.234425
0.251730
0.249059
0.226739
0.186830
0.132965
0.069993
0.003450
-0.061127
-0.118934
-0.166551
-0.202364
-0.226649
-0.241277
-0.249090
-0.253094
-0.255649
-0.257845
-0.259210
-0.257823
-0.250795
-0.235009
-0.207949
-0.168421
-0.117004
-0.056143
0.010126
0.076732
0.138270
0.189692
0.226863
0.246913
0.248388
0.231252
0.196775
0.147391
0.086516
0.018347
-0.052376
-0.120657
-0.181565
-0.230586
-0.263975
-0.279091
-0.274694
-0.251158
-0.210565
-0.156600
-0.094215
-0.029045
0.033359
0.088364
0.132960
0.166178
0.189060
0.204178
0.214776
0.223732
0.232615
0.241079
0.246788
0.245940
0.234296
0.208493
0.167311
0.112553
0.049266
-0.014848
-0.070758
-0.109907
-0.126100
-0.117012
-0.084944
-0.036603
0.018054
0.067689
0.101723
0.112307
0.095710
0.052884
-0.010848
-0.086816
-0.164509
-0.233222
-0.283602
-0.308879
-0.305701
-0.274518
-0.219523
-0.148146
-0.070124
0.003796
0.063409
0.100649
0.110970
0.094226
0.054825
0.001060
-0.056286
-0.105829
-0.137587
-0.144695
-0.124510
-0.078926
-0.013887
0.061736
0.137630
0.203617
0.251064
0.273955
0.269571
0.238733
0.185655
0.117398
0.042983
-0.027790
-0.085707
-0.123484
-0.136877
-0.125315
-0.091885
-0.042628
0.014717
0.072272
0.123518
0.164377
0.193643
0.212678
0.224471
0.232349
0.238691
0.244004
0.246621
0.243128
0.229423
0.202135
0.160038
0.105028
0.042364
-0.019997
-0.072870
-0.107836
-0.119258
-0.105823
-0.071164
-0.023352
0.026694
0.067514
0.089630
0.087664
0.061561
0.016636
-0.037551
-0.089221
-0.126809
-0.141274
-0.127811
-0.086656
-0.022906
0.054499
0.134384
0.205177
0.256675
0.281514
0.276177
0.241474
0.182455
0.107749
0.028363
-0.043958
-0.098628
-0.128080
-0.129231
-0.104204
-0.060069
-0.007528
0.041236
0.075139
0.086638
0.073437
0.039030
-0.008103
-0.056490
-0.094400
-0.112658
-0.106862
-0.078445
-0.034323
0.014781
0.056921
0.081794
0.083172
0.060345
0.018251
-0.033690
-0.083719
-0.120305
-0.134549
-0.121897
-0.082846
-0.022606
0.050109
0.124815
0.191090
0.240188
0.266157
0.266403
0.241696
0.195729
0.134355
0.064620
-0.006272
-0.071958
-0.127738
-0.171114
-0.201931
-0.222084
-0.234814
-0.243746
-0.251843
-0.260542
-0.269263
-0.275464
-0.275232
-0.264331
-0.239465
-0.199455
-0.146020
-0.083933
-0.020441
0.035963
0.077163
0.097069
0.092883
0.065671
0.020090
-0.036665
-0.096425
-0.151730
-0.197209
-0.230353
-0.251512
-0.263175
-0.268786
-0.271422
-0.272706
-0.272250
-0.267760
-0.255785
-0.232896
-0.196991
-0.148354
-0.090183
-0.028401
0.029234
0.074539
0.100499
0.102681
0.080135
0.035596
-0.025026
-0.093705
-0.161651
-0.220631
-0.264036
-0.287525
-0.289237
-0.269630
-0.231079
-0.177355
-0.113093
-0.043311
0.026986
0.093111
0.150909
0.196895
0.228345
0.243365
0.240977
0.221221
0.185270
0.135494
0.075418
0.009511
-0.057211
-0.119728
-0.173626
-0.215656
-0.244129
-0.259088
-0.262210
-0.256499
-0.245792
-0.234180
-0.225398
-0.222257
-0.226178
-0.236878
-0.252287
-0.268735
-0.281439
-0.285271
-0.275722
-0.249906
-0.207406
-0.150752
-0.085358
-0.018864
0.040057
0.083214
0.104417
0.100670
0.072753
0.025046
-0.035349
-0.099992
-0.160669
-0.210792
-0.246347
-0.266254
-0.272108
-0.267467
-0.256870
-0.244833
-0.235020
-0.229710
-0.229614
-0.234019
-0.241168
-0.248791
-0.254669
-0.257135
-0.255440
-0.249928
-0.241995
-0.233826
-0.227942
-0.226615
-0.231249
-0.241845
-0.256683
-0.272332
-0.284059
-0.286622
-0.275348
-0.247292
-0.202220
-0.143150
-0.076247
-0.009993
0.046279
0.084199
0.098161
0.086656
0.052817
0.003991
-0.049593
-0.096779
-0.127620
-0.135228
-0.116952
-0.074658
-0.014136
0.056160
0.126717
0.188522
0.234314
0.259339
0.261588
0.241605
0.202022
0.146951
0.081375
0.010613
-0.060125
-0.126066
-0.183098
-0.227909
-0.258053
-0.271980
-0.269055
-0.249576
-0.214807
-0.166963
-0.109148
-0.045182
0.020671
0.084044
0.140819
0.187424
0.221028
0.239617
0.242002
0.227791
0.197394
0.152067
0.094012
0.026451
-0.046353
-0.119201
-0.186237
-0.241406
-0.279091
-0.294874
-0.286337
-0.253753
-0.200517
-0.133111
-0.060502
0.007063
0.059727
0.089871
0.093740
0.072434
0.031926
-0.017981
-0.065643
-0.100077
-0.113423
-0.102763
-0.070817
-0.025332
0.022747
0.061874
0.082648
0.080043
0.054575
0.012145
-0.037394
-0.082540
-0.112761
-0.120769
-0.103927
-0.064526
-0.008921
0.054162
0.115677
0.168154
0.207003
0.230981
0.241810
0.243146
0.239212
0.233485
0.227742
0.221677
0.213123
0.198775
0.175218
0.139964
0.092270
0.033562
-0.032619
-0.101082
-0.165751
-0.220533
-0.260147
-0.280779
-0.280501
-0.259446
-0.219743
-0.165235
-0.101021
-0.032838
0.033637
0.093478
0.143092
0.180570
0.205756
0.220002
0.225694
0.225651
0.222543
0.218450
0.214647
0.211635
0.209367
0.207589
0.206165
0.205293
0.205539
0.207665
0.212294
0.219511
0.228514
0.237444
0.243484
0.243254
0.233440
0.211544
0.176563
0.129420
0.072990
0.011683
-0.049366
-0.105300
-0.152508
-0.189278
-0.215967
-0.234613
-0.248086
-0.259013
-0.268774
-0.276862
-0.280834
-0.276901
-0.261059
-0.230477
-0.184785
-0.126859
-0.062831
-0.001204
0.048798
0.079292
0.085715
0.068167
0.031729
-0.014435
-0.059042
-0.091273
-0.103365
-0.092520
-0.061643
-0.018644
0.025515
0.059590
0.074919
0.067649
0.039738
-0.001535
-0.045437
-0.080559
-0.097768
-0.092577
-0.066312
-0.025768
0.018546
0.055130
0.074461
0.071439
0.046694
0.006414
-0.039241
-0.078714
-0.101962
-0.102936
-0.081053
-0.041292
0.007049
0.052582
0.084465
0.094782
0.080125
0.042051
-0.013597
-0.078246
-0.142582
-0.198468
-0.240360
-0.265981
-0.276205
-0.274295
-0.264787
-0.252318
-0.240676
-0.232245
-0.227898
-0.227264
-0.229237
-0.232545
-0.236211
-0.239792
-0.243360
-0.247243
-0.251631
-0.256174
-0.259701
-0.260150
-0.254778
-0.240595
-0.214975
-0.176290
-0.124454
-0.061253
0.009614
0.082794
0.151814
0.209819
0.250446
0.268732
0.261961
0.230325
0.177277
0.109410
0.035806
-0.033185
-0.087583
-0.119580
-0.125131
-0.104945
-0.064570
-0.013457
0.036872
0.075199
0.092999
0.086294
0.056525
0.010235
-0.042379
-0.089689
-0.121114
-0.129282
-0.111408
-0.069621
-0.010241
0.057745
0.124604
0.181744
0.223155
0.246196
0.251657
0.243186
0.226294
0.207168
0.191502
0.183538
0.185393
0.196755
0.214945
0.235344
0.252133
0.259286
0.251680
0.226179
0.182483
0.123541
0.055397
-0.013594
-0.074091
-0.117411
-0.137166
-0.130525
-0.098821
-0.047323
0.015781
0.080989
0.139319
0.183987
0.211574
0.222466
0.220510
0.211992
