-0.014160
-0.013696
-0.012669
-0.010819
-0.008452
-0.006515
-0.006496
-0.010140
-0.019065
-0.034345
-0.056186
-0.083764
-0.115282
-0.148244
-0.179877
-0.207618
-0.229543
-0.244662
-0.253004
-0.255519
-0.253803
-0.249755
-0.245210
-0.241641
-0.239958
-0.240435
-0.242756
-0.246154
-0.249619
-0.252133
-0.252905
-0.251564
-0.248269
-0.243736
-0.239131
-0.235861
-0.235252
-0.238190
-0.244774
-0.254066
-0.264023
-0.271656
-0.273432
-0.265874
-0.246246
-0.213198
-0.167192
-0.110608
-0.047468
0.017198
0.078195
0.131046
0.172700
0.201923
0.219284
0.226783
0.227238
0.223601
0.218370
0.213237
0.209006
0.205786
0.203340
0.201479
0.200372
0.200651
0.203292
0.209279
0.219150
0.232547
0.247922
0.262503
0.272589
0.274132
0.263514
0.238352
0.198129
0.144512
0.081238
0.013597
-0.052415
-0.111066
-0.157806
-0.189941
-0.206959
-0.210468
-0.203806
-0.191407
-0.178038
-0.168023
-0.164543
-0.169102
-0.181206
-0.198345
-0.216283
-0.229691
-0.233062
-0.221799
-0.193295
-0.147782
-0.088737
-0.022663
0.041770
0.095144
0.128989
0.137409
0.118261
0.073606
0.009303
-0.066155
-0.143282
-0.213341
-0.269793
-0.309149
-0.331112
-0.338056
-0.334063
-0.323779
-0.311407
-0.300024
-0.291329
-0.285795
-0.283099
-0.282649
-0.284025
-0.287187
-0.292404
-0.299931
-0.309543
-0.320100
-0.329307
-0.333795
-0.329571
-0.312771
-0.280560
-0.231965
-0.168391
-0.093654
-0.013472
0.065512
0.136970
0.196079
0.240370
0.270020
0.287499
0.296668
0.301564
0.305181
0.308586
0.310587
0.308080
0.296984
0.273556
0.235747
0.184226
0.122790
0.057980
-0.002052
-0.049195
-0.077167
-0.083000
-0.067837
-0.036821
0.001923
0.038975
0.065584
0.075431
0.065790
0.037836
-0.003924
-0.052910
-0.102056
-0.145338
-0.178866
-0.201329
-0.213761
-0.218749
-0.219346
-0.217997
-0.215743
-0.211901
-0.204253
-0.189689
-0.165108
-0.128359
-0.078997
-0.018669
0.048909
0.118398
0.183544
0.238041
0.276351
0.294397
0.290016
0.263182
0.215960
0.152233
0.077229
-0.003094
-0.082727
-0.156232
-0.219220
-0.268585
-0.302489
-0.320130
-0.321409
-0.306612
-0.276246
-0.231061
-0.172282
-0.101956
-0.023299
0.059081
0.139230
0.210204
0.264789
0.296495
0.300694
0.275700
0.223531
0.150129
0.064878
-0.020597
-0.094192
-0.145324
-0.166767
-0.155899
-0.115073
-0.051014
0.026620
0.107167
0.180938
0.240804
0.283075
0.307548
0.316833
0.315183
0.307201
0.296727
0.286154
0.276288
0.266673
0.256249
0.244090
0.229994
0.214754
0.200033
0.187887
0.180077
0.177375
0.179067
0.182831
0.185061
0.181598
0.168728
0.144222
0.108152
0.063265
0.014783
-0.030393
-0.064917
-0.082420
-0.078816
-0.053217
-0.008245
0.050281
0.114214
0.174309
0.221583
0.248608
0.250561
0.225950
0.176943
0.109260
0.031595
-0.045448
-0.110835
-0.154863
-0.170921
-0.156902
-0.115921
-0.056060
0.010915
0.071694
0.114017
0.129164
0.113779
0.070596
0.007891
-0.062217
-0.126225
-0.171909
-0.190602
-0.178643
-0.137753
-0.074367
0.001816
0.079693
0.148598
0.199808
0.227512
0.229205
0.205574
0.160021
0.097943
0.025915
-0.049170
-0.120903
-0.184054
-0.235078
-0.272349
-0.296101
-0.308056
-0.310816
-0.307136
-0.299237
-0.288300
-0.274273
-0.256049
-0.231970
-0.200575
-0.161398
-0.115612
-0.066318
-0.018367
0.022313
0.049759
0.059164
0.047941
0.016393
-0.032157
-0.091815
-0.155016
-0.213678
-0.260366
-0.289268
-0.296854
-0.282213
-0.247068
-0.195548
-0.133730
-0.068984
-0.009117
0.038640
0.068695
0.078046
0.066899
0.038779
0.000006
-0.041394
-0.077179
-0.100447
-0.106917
-0.095623
-0.068857
-0.031402
0.010762
0.051909
0.087820
0.116518
0.138332
0.155323
0.170251
0.185413
0.201672
0.217956
0.231352
0.237773
0.233017
0.213936
0.179395
0.130769
0.071848
0.008163
-0.054103
-0.109325
-0.153494
-0.184863
-0.204064
-0.213703
-0.217580
-0.219737
-0.223576
-0.231211
-0.243154
-0.258348
-0.274466
-0.288376
-0.296673
-0.296177
-0.284376
-0.259765
-0.222100
-0.172521
-0.113530
-0.048807
0.017174
0.079663
0.134221
0.177260
0.206424
0.220728
0.220458
0.206878
0.181860
0.147544
0.106096
0.059603
0.010062
-0.040590
-0.090466
-0.137781
-0.180955
-0.218748
-0.250374
-0.275563
-0.294541
-0.307936
-0.316632
-0.321600
-0.323749
-0.323825
-0.322371
-0.319746
-0.316177
-0.311816
-0.306765
-0.301041
-0.294501
-0.286718
-0.276884
-0.263775
-0.245829
-0.221363
-0.188911
-0.147608
-0.097551
-0.040019
0.022511
0.086582
0.148153
0.203097
0.247682
0.278937
0.294860
0.294460
0.277697
0.245366
0.198999
0.140805
0.073645
0.001015
-0.073001
-0.143841
-0.206685
-0.256788
-0.289931
-0.302964
-0.294363
-0.264704
-0.216921
-0.156243
-0.089739
-0.025486
0.028523
0.065556
0.081166
0.073872
0.045359
0.000179
-0.054979
-0.112286
-0.163866
-0.202808
-0.223979
-0.224567
-0.204313
-0.165436
-0.112253
-0.050521
0.013447
0.073759
0.125880
0.167316
0.197891
0.219516
0.235452
0.249230
0.263463
0.278863
0.293737
0.304144
0.304748
0.290194
0.256719
0.203580
0.133903
0.054651
-0.024373
-0.092353
-0.139715
-0.160292
-0.152831
-0.121432
-0.074735
-0.024002
0.019464
0.046943
0.054295
0.042836
0.018822
-0.008318
-0.028569
-0.034078
-0.021344
0.007715
0.046125
0.083556
0.108938
0.113336
0.092354
0.047460
-0.014078
-0.080622
-0.138596
-0.175318
-0.181597
-0.153522
-0.093132
-0.007923
0.090604
0.188959
0.273833
0.334038
0.361961
0.354416
0.312874
0.243113
0.154360
0.058030
-0.033831
-0.110211
-0.162682
-0.186576
-0.181547
-0.151374
-0.103017
-0.045097
0.013866
0.067067
0.110514
0.143354
0.167403
0.186016
0.202635
0.219413
0.236290
0.250774
0.258490
0.254356
0.234078
0.195544
0.139746
0.070940
-0.004022
-0.077051
-0.140538
-0.188977
-0.220080
-0.235089
-0.238198
-0.235246
-0.232033
-0.232697
-0.238575
-0.247843
-0.256011
-0.257153
-0.245526
-0.217194
-0.171212
-0.110093
-0.039437
0.033178
0.099765
0.153550
0.190287
0.208935
0.211607
0.202824
0.188305
0.173600
0.162863
0.158028
0.158520
0.161510
0.162632
0.156967
0.140120
0.109161
0.063298
0.004173
-0.064226
-0.136020
-0.204170
-0.261393
-0.301159
-0.318645
-0.311538
-0.280560
-0.229605
-0.165402
-0.096716
-0.033143
0.016310
0.044613
0.047822
0.025699
-0.018282
-0.077502
-0.143218
-0.205832
-0.256193
-0.286762
-0.292529
-0.271623
-0.225599
-0.159373
-0.080754
0.000436
0.073656
0.129227
0.159987
0.162687
0.138788
0.094385
0.039161
-0.015504
-0.058889
-0.083261
-0.085573
-0.068138
-0.038024
-0.005314
0.019389
0.027614
0.015148
-0.016871
-0.062200
-0.110998
-0.152220
-0.176300
-0.177431
-0.154910
-0.113226
-0.060912
-0.008495
0.033907
0.058748
0.062446
0.045744
0.013012
-0.029224
-0.074090
-0.116001
-0.151725
-0.180637
-0.204186
-0.224786
-0.244500
-0.263926
-0.281590
-0.294039
-0.296588
-0.284534
-0.254491
-0.205494
-0.139567
-0.061605
0.021422
0.101729
0.172146
0.227372
0.264764
0.284511
0.289197
0.282891
0.270010
0.254241
0.237753
0.220881
0.202333
0.179848
0.151144
0.114911
0.071591
0.023753
-0.024063
-0.066015
-0.095988
-0.108779
-0.101164
-0.072631
-0.025649
0.034576
0.100770
0.164573
0.217656
0.252806
0.264861
0.251361
0.212848
0.152779
0.077061
-0.006740
-0.090374
-0.165934
-0.226742
-0.267982
-0.287001
-0.283310
-0.258335
-0.215057
-0.157607
-0.090866
-0.020079
0.049559
0.113346
0.167534
0.209731
0.239147
0.256574
0.264085
0.264439
0.260354
0.253764
0.245292
0.234063
0.217953
0.194248
0.160577
0.115897
0.061281
0.000251
-0.061460
-0.116743
-0.158357
-0.180336
-0.179187
-0.154620
-0.109596
-0.049726
0.017853
0.085802
0.147815
0.199464
0.238514
0.264686
0.278999
0.282931
0.277641
0.263494
0.240026
0.206360
0.161955
0.107473
0.045463
-0.019361
-0.080438
-0.130257
-0.161670
-0.169333
-0.150904
-0.107703
-0.044632
0.030624
0.108929
0.181272
0.240222
0.280976
0.301839
0.304108
0.291442
0.268938
0.242090
0.215852
0.193932
0.178403
0.169660
0.166662
0.167402
0.169499
0.170791
0.169835
0.166213
0.160607
0.154615
0.150352
0.149911
0.154792
0.165439
0.180983
0.199297
0.217351
0.231830
0.239891
0.239857
0.231708
0.217185
0.199469
0.182463
0.169819
0.163933
0.165158
0.171457
0.178631
0.181136
0.173338
0.150962
0.112387
0.059461
-0.002427
-0.065085
-0.118978
-0.155109
-0.166888
-0.151568
-0.110880
-0.050730
0.019979
0.091099
0.153164
0.199045
0.225022
0.231084
0.220516
0.198924
0.172977
0.149132
0.132558
0.126395
0.131382
0.145868
0.166130
0.186964
0.202475
0.207008
0.196112
0.167424
0.121316
0.061144
-0.007006
-0.075119
-0.134500
-0.177262
-0.197757
-0.193623
-0.166201
-0.120199
-0.062692
-0.001676
0.055472
0.103262
0.138821
0.161956
0.174582
0.179737
0.180447
0.178755
0.175148
0.168490
0.156470
0.136392
0.106112
0.064848
0.013674
-0.044436
-0.104998
-0.162738
-0.212442
-0.249741
-0.271658
-0.276858
-0.265602
-0.239503
-0.201179
-0.153906
-0.101312
-0.047108
0.005153
0.052324
0.091900
0.122226
0.142639
0.153495
0.156094
0.152480
0.145179
0.136871
0.130065
0.126766
0.128190
0.134532
0.144840
0.157028
0.168076
0.174422
0.172543
0.159636
0.134301
0.097067
0.050618
-0.000375
-0.049838
-0.091227
-0.118628
-0.127812
-0.117025
-0.087352
-0.042596
0.011284
0.067053
0.117219
0.155023
0.175278
0.174961
0.153541
0.112992
0.057531
-0.006942
-0.073633
-0.135800
-0.187712
-0.225468
-0.247509
-0.254706
-0.250011
-0.237728
-0.222564
-0.208655
-0.198756
-0.193760
-0.192599
-0.192558
-0.189893
-0.180653
-0.161537
-0.130648
-0.088018
-0.035819
0.021759
0.078952
0.129131
0.165708
0.183124
0.177820
0.149040
0.099302
0.034405
-0.037162
-0.105379
-0.160331
-0.194005
-0.201912
-0.184113
-0.145358
-0.094218
-0.041330
0.002873
0.030438
0.037613
0.025581
-0.000001
-0.030568
-0.056926
-0.071684
-0.071197
-0.056516
-0.033078
-0.009198
0.006244
0.006332
-0.011822
-0.046050
-0.089407
-0.131735
-0.162109
-0.171558
-0.155350
-0.114293
-0.054708
0.012881
0.076003
0.122879
0.144809
0.137788
0.103045
0.046479
-0.022755
-0.094144
-0.157714
-0.205571
-0.232850
-0.237995
-0.222480
-0.190115
-0.146145
-0.096314
-0.046026
0.000332
0.039828
0.071174
0.094645
0.111754
0.124739
0.135958
0.147331
0.159923
0.173790
0.188077
0.201347
0.212032
0.218858
0.221131
0.218784
0.212197
0.201837
0.187851
0.169769
0.146432
0.116207
0.077491
0.029371
-0.027686
-0.091335
-0.157175
-0.219029
-0.269687
-0.302034
-0.310398
-0.291855
-0.247196
-0.181309
-0.102783
-0.022739
0.046957
0.095761
0.116375
0.106089
0.067252
0.006743
-0.065418
-0.138004
-0.200639
-0.245535
-0.268607
-0.269805
-0.252711
-0.223567
-0.189995
-0.159659
-0.139063
-0.132629
-0.142110
-0.166374
-0.201566
-0.241631
-0.279183
-0.306649
-0.317556
-0.307773
-0.276474
-0.226591
-0.164583
-0.099491
-0.041371
0.000590
0.019915
0.014218
-0.014214
-0.058778
-0.109796
-0.156364
-0.188408
-0.198487
-0.182987
-0.142511
-0.081462
-0.007017
0.072229
0.147614
0.211516
0.258062
0.283442
0.285894
0.265501
0.223923
0.164153
0.090336
0.007625
-0.077973
-0.159825
-0.231049
-0.285058
-0.316269
-0.320917
-0.297822
-0.248957
-0.179609
-0.098003
-0.014350
0.060591
0.117197
0.148574
0.151715
0.127949
0.082563
0.023670
-0.039418
-0.097960
-0.145304
-0.177849
-0.195301
-0.200220
-0.197017
-0.190683
-0.185509
-0.184095
-0.186789
-0.191670
-0.195014
-0.192150
-0.178506
-0.150674
-0.107287
-0.049558
0.018591
0.090857
0.159297
0.215406
0.251386
0.261437
0.242874
0.196847
0.128493
0.046413
-0.038508
-0.114772
-0.172133
-0.203286
-0.205013
-0.178526
-0.128939
-0.064000
0.007607
0.077973
0.141276
0.194422
0.236895
0.269937
0.295334
0.314191
0.326071
0.328774
0.318859
0.292784
0.248381
0.186236
0.110535
0.029044
-0.047892
-0.109218
-0.145486
-0.151082
-0.125777
-0.075140
-0.009634
0.057456
0.112821
0.145989
0.151570
0.130353
0.088984
0.038338
-0.009016
-0.041640
-0.051673
-0.036360
0.001634
0.055106
0.114112
0.168203
0.208577
0.229706
0.230162
0.212574
0.182840
0.148816
0.118773
0.099895
0.097015
0.111771
0.142248
0.183179
0.226687
0.263511
0.284578
0.282700
0.254109
0.199507
0.124354
0.038215
-0.046793
-0.118241
-0.165876
-0.183804
-0.171855
-0.135725
-0.085802
-0.034886
0.004709
0.023982
0.019319
-0.006719
-0.046090
-0.087303
-0.118291
-0.129416
-0.115866
-0.078869
-0.025446
0.033205
0.084263
0.116131
0.120910
0.095951
0.044209
-0.026573
-0.105546
-0.180863
-0.241730
-0.280024
-0.291275
-0.274995
-0.234420
-0.175862
-0.107777
-0.039678
0.019053
0.060374
0.078724
0.071910
0.041596
-0.006815
-0.064927
-0.122686
-0.170069
-0.198797
-0.203718
-0.183573
-0.141006
-0.081860
-0.013956
0.054312
0.115280
0.162947
0.193450
0.205086
0.198014
0.173812
0.135039
0.084884
0.026934
-0.034971
-0.096884
-0.154933
-0.205571
-0.245900
-0.273999
-0.289206
-0.292279
-0.285352
-0.271684
-0.255184
-0.239794
-0.228821
-0.224361
-0.226943
-0.235475
-0.247531
-0.259921
-0.269420
-0.273512
-0.270952
-0.262031
-0.248481
-0.233019
-0.218653
-0.207896
-0.202080
-0.200922
-0.202468
-0.203438
-0.199925
-0.188299
-0.166146
-0.133010
-0.090777
-0.043578
0.002788
0.041816
0.067444
0.075142
0.062726
0.030731
-0.017696
-0.077332
-0.141682
-0.203879
-0.257501
-0.297212
-0.319148
-0.321096
-0.302496
-0.264334
-0.208981
-0.140006
-0.061978
0.019755
0.099323
0.170668
0.227977
0.266215
0.281756
0.273015
0.240969
0.189417
0.124831
0.055739
-0.008344
-0.058275
-0.086696
-0.089220
-0.065146
-0.017551
0.047228
0.120607
0.193039
0.255341
0.299845
0.321269
0.317242
0.288486
0.238692
0.174091
0.102758
0.033659
-0.024473
-0.064320
-0.081023
-0.072913
-0.041761
0.007513
0.067620
0.130027
0.186197
0.228732
0.252252
0.253934
0.233715
0.194205
0.140370
0.079011
0.018041
-0.034439
-0.071238
-0.087210
-0.080267
-0.052012
-0.007798
0.043909
0.092806
0.128476
0.142224
0.128646
0.086621
0.019545
-0.065215
-0.157484
-0.245815
-0.319116
-0.368117
-0.386526
-0.371776
-0.325339
-0.252596
-0.162266
-0.065412
0.025921
0.100294
0.148475
0.164804
0.148022
0.101407
0.032140
-0.049967
-0.134141
-0.210369
-0.270843
-0.310884
-0.329237
-0.327772
-0.310742
-0.283788
-0.252924
-0.223643
-0.200271
-0.185591
-0.180756
-0.185419
-0.198038
-0.216278
-0.237440
-0.258857
-0.278212
-0.293757
-0.304416
-0.309789
-0.310074
-0.305916
-0.298226
-0.287953
-0.275862
-0.262323
-0.247157
-0.229585
-0.208301
-0.181702
-0.148240
-0.106855
-0.057404
-0.001001
0.059821
0.121164
0.178075
0.225086
0.256932
0.269372
0.259982
0.228779
0.178548
0.114738
0.044907
-0.022251
-0.078146
-0.115571
-0.129783
-0.119174
-0.085411
-0.033053
0.031247
0.099756
0.164704
0.219161
0.257664
0.276565
0.274145
0.250558
0.207674
0.148872
0.078803
0.003103
-0.071940
-0.139793
-0.194177
-0.229658
-0.242296
-0.230307
-0.194622
-0.139192
-0.070882
0.001178
0.066790
0.116342
0.142607
0.142321
0.117114
0.073478
0.021650
-0.026439
-0.059733
-0.070574
-0.056548
-0.021178
0.026752
0.075132
0.111282
0.124880
0.110383
0.068355
0.005426
-0.067092
-0.135559
-0.186780
-0.210554
-0.201495
-0.159793
-0.090889
-0.004239
0.088454
0.175164
0.245246
0.290695
0.306864
0.292636
0.250158
0.184252
0.101628
0.010011
-0.082697
-0.169146
-0.243087
-0.299699
-0.335711
-0.349367
-0.340307
-0.309443
-0.258853
-0.191722
-0.112259
-0.025559
0.062630
0.146256
0.219395
0.276726
0.313979
0.328340
0.318753
0.286092
0.233174
0.164574
0.086216
0.004758
-0.073147
-0.141612
-0.196140
-0.233991
-0.254227
-0.257454
-0.245371
-0.220258
-0.184558
-0.140638
-0.090735
-0.037052
0.018119
0.072314
0.122939
0.167434
0.203535
0.229563
0.244667
0.248974
0.243592
0.230476
0.212170
0.191488
0.171173
0.153608
0.140610
0.133327
0.132229
0.137168
0.147483
0.162108
0.179693
0.198713
0.217598
0.234865
0.249269
0.259935
0.266465
0.268972
0.268029
0.264515
0.259390
0.253409
0.246858
0.239344
0.229739
0.216281
0.196871
0.169513
0.132827
0.086522
0.031722
-0.028944
-0.091522
-0.151151
-0.202652
-0.241174
-0.262797
-0.265032
-0.247159
-0.210395
-0.157860
-0.094332
-0.025770
0.041390
0.101085
0.148508
0.180844
0.197677
0.200963
0.194508
0.183072
0.171263
0.162497
0.158229
0.157658
0.157957
0.154967
0.144194
0.121889
0.085944
0.036438
-0.024276
-0.091937
-0.161070
-0.225821
-0.280753
-0.321444
-0.344827
-0.349267
-0.334486
-0.301400
-0.251974
-0.189133
-0.116712
-0.039415
0.037296
0.107425
0.164849
0.203901
0.220113
0.211032
0.176970
0.121492
0.051442
-0.023634
-0.092717
-0.145060
-0.172160
-0.169530
-0.137842
-0.083084
-0.015603
0.051842
0.106623
0.138823
0.143261
0.120493
0.076557
0.021541
-0.032682
-0.074996
-0.097283
-0.095875
-0.071936
-0.030766
0.019712
0.070874
0.115245
0.147866
0.166923
0.173584
0.171178
0.163984
0.155961
0.149706
0.145864
0.143075
0.138433
0.128304
0.109309
0.079247
0.037767
-0.013321
-0.070159
-0.127319
-0.178570
-0.217806
-0.240002
-0.242087
-0.223593
-0.186992
-0.137592
-0.082952
-0.031816
0.007317
0.027757
0.026019
0.002712
-0.037327
-0.085764
-0.132265
-0.166460
-0.179962
-0.167983
-0.130209
-0.070759
0.002701
0.080439
0.152377
0.209680
0.245939
0.257823
0.245210
0.210912
0.160121
0.099706
0.037402
-0.019071
-0.062945
-0.089335
-0.096029
-0.083976
-0.057302
-0.022765
0.011339
0.036624
0.046158
0.035756
0.004727
-0.044066
-0.104865
-0.170190
-0.232270
-0.284386
-0.321860
-0.342542
-0.346759
-0.336829
-0.316333
-0.289330
-0.259699
-0.230705
-0.204816
-0.183742
-0.168594
-0.160060
-0.158515
-0.164006
-0.176131
-0.193869
-0.215456
-0.238414
-0.259785
-0.276581
-0.286380
-0.287916
-0.281506
-0.269164
-0.254304
-0.241053
-0.233302
-0.233678
-0.242715
-0.258448
-0.276567
-0.291172
-0.296004
-0.285890
-0.258088
-0.213186
-0.155322
-0.091599
-0.030787
0.018421
0.049238
0.058239
0.046131
0.017622
-0.019576
-0.056369
-0.084149
-0.096468
-0.090140
-0.065553
-0.026188
0.022499
0.074467
0.124414
0.168684
0.205592
0.235131
0.258231
0.275820
0.288013
0.293693
0.290629
0.276135
0.248112
0.206152
0.152391
0.091787
0.031659
-0.019504
-0.053728
-0.065353
-0.052504
-0.017826
0.031735
0.086105
0.133971
0.164954
0.171606
0.150784
0.104148
0.037742
-0.039207
-0.115957
-0.182034
-0.228815
-0.250670
-0.245570
-0.215125
-0.164136
-0.099738
-0.030265
0.036030
0.092231
0.133812
0.159274
0.170245
0.170955
0.167173
0.164785
0.168332
0.179824
0.198140
0.219160
0.236645
0.243657
0.234212
0.204762
0.155145
0.088752
0.011875
-0.067626
-0.141990
-0.205145
-0.253802
-0.287794
-0.309576
-0.323053
-0.332061
-0.338947
-0.343643
-0.343531
-0.334163
-0.310688
-0.269618
-0.210451
-0.136683
-0.055827
0.021658
0.084367
0.122460
0.130051
0.106880
0.058770
-0.003312
-0.065432
-0.113622
-0.136889
-0.129588
-0.092614
-0.033142
0.036983
0.103780
0.154002
0.177680
0.169816
0.130964
0.066684
-0.013864
-0.099788
-0.180352
-0.246514
-0.291918
-0.313259
-0.310140
-0.284565
-0.240265
-0.182025
-0.115108
-0.044835
0.023682
0.085699
0.136957
0.173822
0.193519
0.194472
0.176717
0.142276
0.095353
0.042180
-0.009584
-0.051906
-0.077731
-0.082383
-0.064685
-0.027481
0.022603
0.076195
0.122806
0.152730
0.158805
0.137687
0.090390
0.022044
-0.059044
-0.142762
-0.218746
-0.277828
-0.313170
-0.321001
-0.300878
-0.255522
-0.190284
-0.112320
-0.029599
0.050109
0.120143
0.175589
0.213591
0.233302
0.235546
0.222322
0.196293
0.160380
0.117520
0.070568
0.022277
-0.024735
-0.068088
-0.105829
-0.136665
-0.160177
-0.176924
-0.188406
-0.196857
-0.204898
-0.215097
-0.229490
-0.249146
-0.273825
-0.301790
-0.329846
-0.353625
-0.368141
-0.368566
-0.351130
-0.313990
-0.257859
-0.186228
-0.105046
-0.021859
0.055466
0.120166
0.167846
0.197265
0.210427
0.211955
0.207876
0.204105
0.205005
0.212356
0.224967
0.239026
0.249056
0.249265
0.234939
0.203564
0.155416
0.093517
0.022991
-0.049993
-0.119414
-0.180437
-0.230081
-0.267390
-0.293134
-0.309185
-0.317764
-0.320792
-0.319490
-0.314329
-0.305288
-0.292309
-0.275768
-0.256799
-0.237321
-0.219734
-0.206341
-0.198638
-0.196687
-0.198759
-0.201425
-0.200113
-0.190083
-0.167603
-0.131060
-0.081716
-0.023873
0.035652
0.088677
0.127212
0.145051
0.139038
0.109686
0.061005
-0.000422
-0.066869
-0.131042
-0.187412
-0.232995
-0.267417
-0.292316
-0.310266
-0.323569
-0.333243
-0.338512
-0.336933
-0.325150
-0.300079
-0.260189
-0.206516
-0.143086
-0.076555
-0.015094
0.033264
0.062420
0.069698
0.056621
0.028758
-0.005368
-0.036057
-0.054474
-0.054477
-0.033788
0.005722
0.058669
0.117510
0.174240
0.222031
0.256449
0.276019
0.282107
0.278223
0.268982
0.258992
0.251911
0.249851
0.253191
0.260782
0.270447
0.279622
0.285984
0.287948
0.284917
0.277269
0.266092
0.252744
0.238346
0.223340
0.207227
0.188571
0.165281
0.135151
0.096532
0.049007
-0.006095
-0.065480
-0.124037
-0.175409
-0.212898
-0.230634
-0.224788
-0.194641
-0.143227
-0.077362
-0.006899
0.056749
0.102641
0.122504
0.112626
0.074950
0.017028
-0.049258
-0.110027
-0.152279
-0.166706
-0.149757
-0.104476
-0.039907
0.030788
0.093057
0.133887
0.144303
0.120900
0.066198
-0.012170
-0.103110
-0.194144
-0.273436
-0.331437
-0.361936
-0.362502
-0.334404
-0.282149
-0.212778
-0.135007
-0.058275
0.008262
0.056723
0.081394
0.079404
0.051072
-0.000126
-0.067984
-0.144305
-0.219853
-0.285384
-0.332655
-0.355338
-0.349762
-0.315441
-0.255308
-0.175569
-0.085119
0.005486
0.085424
0.145148
0.177831
0.180399
0.153938
0.103353
0.036373
-0.037920
-0.110677
-0.174687
-0.225291
-0.260678
-0.281569
-0.290406
-0.290313
-0.284077
-0.273402
-0.258607
-0.238816
-0.212568
-0.178672
-0.137067
-0.089423
-0.039303
0.008203
0.047304
0.072617
0.080268
0.068739
0.039243
-0.004441
-0.056622
-0.110639
-0.159906
-0.198810
-0.223342
-0.231391
-0.222729
-0.198760
-0.162116
-0.116201
-0.064713
-0.011216
0.041217
0.090250
0.134381
0.172884
0.205603
0.232665
0.254172
0.269981
0.279645
0.282540
0.278178
0.266613
0.248830
0.226971
0.204284
0.184731
0.172280
0.170007
0.179205
0.198733
0.224837
0.251551
0.271702
0.278350
0.266393
0.233952
0.183188
0.120275
0.054452
-0.003724
-0.044575
-0.061455
-0.052362
-0.020592
0.025753
0.075326
0.115811
0.136421
0.130049
0.094636
0.033490
-0.045415
-0.130954
-0.210808
-0.273461
-0.309908
-0.314871
-0.287430
-0.231088
-0.153303
-0.064565
0.022934
0.096958
0.147025
0.166135
0.152091
0.108112
0.042486
-0.032765
-0.104054
-0.158809
-0.187946
-0.187654
-0.160097
-0.112848
-0.057181
-0.005631
0.030613
0.043876
0.031280
-0.005110
-0.059204
-0.122554
-0.186310
-0.242982
-0.287607
-0.318154
-0.335183
-0.340978
-0.338489
-0.330381
-0.318479
-0.303673
-0.286267
-0.266576
-0.245522
-0.224987
-0.207745
-0.196942
-0.195230
-0.203773
-0.221452
-0.244524
-0.266946
-0.281376
-0.280697
-0.259744
-0.216804
-0.154489
-0.079680
-0.002462
0.065790
0.114775
0.137540
0.132098
0.101977
0.055502
0.003964
-0.040924
-0.069681
-0.077155
-0.063586
-0.034335
0.001610
0.034002
0.053952
0.056147
0.040109
0.010177
-0.025748
-0.058372
-0.079503
-0.084207
-0.072066
-0.047211
-0.017107
0.009547
0.025258
0.025850
0.011659
-0.012501
-0.038624
-0.057701
-0.062231
-0.048380
-0.017195
0.025462
0.070269
0.106739
0.125868
0.122463
0.096544
0.053486
0.002868
-0.043668
-0.075001
-0.082946
-0.063939
-0.019649
0.043558
0.116093
0.187169
0.246905
0.288068
0.307151
0.304656
0.284633
0.253632
0.219327
0.189069
0.168612
0.161208
0.167189
0.184091
0.207290
0.231035
0.249698
0.259006
0.257005
0.244541
0.225123
0.204148
0.187625
0.180644
0.185930
0.202857
0.227182
0.251674
0.267553
0.266486
0.242719
0.194809
0.126508
0.046488
-0.033147
-0.099282
-0.140663
-0.150523
-0.128318
-0.080102
-0.017381
0.045333
0.093711
0.116803
0.109468
0.073485
0.017088
-0.046930
-0.104057
-0.141169
-0.149207
-0.124846
-0.070910
0.004456
0.089544
0.171299
0.237543
0.278786
0.289433
0.268312
0.218589
0.147172
0.063724
-0.020639
-0.094852
-0.149499
-0.178295
-0.179203
-0.154919
-0.112526
-0.062265
-0.015585
0.017175
0.028966
0.017568
-0.013919
-0.057795
-0.103553
-0.140343
-0.159526
-0.156690
-0.132650
-0.093187
-0.047620
-0.006576
0.020461
0.027233
0.011923
-0.022733
-0.070394
-0.122810
-0.171795
-0.210966
-0.236864
-0.249258
-0.250659
-0.245290
-0.237820
-0.232217
-0.230969
-0.234785
-0.242746
-0.252783
-0.262274
-0.268605
-0.269553
-0.263485
-0.249380
-0.226773
-0.195693
-0.156650
-0.110694
-0.059495
-0.005410
0.048529
0.098740
0.141342
0.172533
0.189066
0.188768
0.171056
0.137320
0.091089
0.037844
-0.015562
-0.061861
-0.094575
-0.109231
-0.104331
-0.081802
-0.046785
-0.006751
0.029878
0.055327
0.063909
0.052999
0.023331
-0.021397
-0.075503
-0.132578
-0.186734
-0.233527
-0.270391
-0.296527
-0.312364
-0.318791
-0.316431
-0.305178
-0.284165
-0.252181
-0.208422
-0.153363
-0.089445
-0.021333
0.044431
0.100372
0.139443
0.156487
0.149406
0.119727
0.072366
0.014633
-0.045290
-0.100030
-0.144431
-0.176374
-0.196804
-0.209031
-0.217486
-0.226291
-0.238002
-0.252822
-0.268470
-0.280693
-0.284287
-0.274356
-0.247525
-0.202808
-0.141986
-0.069403
0.008721
0.085307
0.153546
0.207928
0.244994
0.263731
0.265557
0.253959
0.233834
0.210663
0.189641
0.174886
0.168870
0.172155
0.183484
0.200212
0.218981
0.236518
0.250362
0.259374
0.263902
0.265554
0.266639
0.269374
0.275078
0.283534
0.292715
0.298976
0.297706
0.284328
0.255437
0.209792
0.148904
0.077046
0.000624
-0.072963
-0.136739
-0.185480
-0.216669
-0.230807
-0.231051
-0.222251
-0.209667
-0.197669
-0.188743
-0.183022
-0.178426
-0.171354
-0.157730
-0.134148
-0.098848
-0.052292
0.002747
0.061591
0.118433
0.167281
0.202865
0.221355
0.220785
0.201173
0.164400
0.113884
0.054138
-0.009772
-0.072823
-0.130648
-0.180081
-0.219550
-0.249197
-0.270662
-0.286537
-0.299567
-0.311788
-0.323793
-0.334356
-0.340542
-0.338337
-0.323703
-0.293823
-0.248248
-0.189604
-0.123638
-0.058473
-0.003180
0.034065
0.047830
0.036818
0.004435
-0.041633
-0.090795
-0.131578
-0.153835
-0.150673
-0.119661
-0.063142
0.012375
0.097506
0.181649
0.254646
0.308158
0.336608
0.337632
0.312108
0.263846
0.199026
0.125447
0.051636
-0.014134
-0.064825
-0.095490
-0.103867
-0.090588
-0.058960
-0.014350
0.036701
0.087449
0.131815
0.165018
0.183911
0.187027
0.174445
0.147539
0.108716
0.061171
0.008649
-0.044811
-0.095178
-0.138787
-0.172725
-0.195203
-0.205845
-0.205835
-0.197868
-0.185879
-0.174523
-0.168461
-0.171500
-0.185739
-0.210879
-0.243878
-0.279122
-0.309170
-0.326040
-0.322841
-0.295436
-0.243745
-0.172350
-0.090119
-0.008841
0.058938
0.102448
0.115035
0.095736
0.049679
-0.012849
-0.078495
-0.133624
-0.167179
-0.172934
-0.150648
-0.105876
-0.048539
0.009379
0.056409
0.083865
0.087295
0.066856
0.026646
-0.026738
-0.085975
-0.144634
-0.198251
-0.244643
-0.283478
-0.315326
-0.340542
-0.358362
-0.366544
-0.361689
-0.340211
-0.299682
-0.240178
-0.165178
-0.081676
0.000658
0.071179
0.120462
0.142482
0.136187
0.106023
0.061177
0.013663
-0.024342
-0.043271
-0.038385
-0.010862
0.032509
0.080969
0.122371
0.146064
0.145387
0.119196
0.072069
0.013213
-0.045640
-0.092800
-0.119034
-0.119305
-0.093486
-0.045980
0.015554
0.082002
0.144665
0.196780
0.234393
0.256510
0.264562
0.261439
0.250377
0.233989
0.213695
0.189646
0.161147
0.127418
0.088452
0.045717
0.002460
-0.036507
-0.065522
-0.079141
-0.073314
-0.046390
0.000269
0.062205
0.132320
0.201777
0.261209
0.302031
0.317699
0.304740
0.263438
0.198034
0.116364
0.028915
-0.052635
-0.117208
-0.156137
-0.164650
-0.142698
-0.094896
-0.029569
0.042916
0.112166
0.169674
0.210205
0.232388
0.238431
0.233130
0.222447
0.212051
0.206147
0.206813
0.213902
0.225431
0.238271
0.248905
0.254080
0.251229
0.238642
0.215460
0.181559
0.137452
0.084236
0.023617
-0.042036
-0.109659
-0.175541
-0.235475
-0.285043
-0.319993
-0.336697
-0.332635
-0.306834
-0.260197
-0.195630
-0.117912
-0.033292
0.051154
0.128296
0.191736
0.236467
0.259331
0.259227
0.237106
0.195789
0.139658
0.074231
0.005631
-0.060062
-0.117534
-0.162936
-0.194440
-0.212491
-0.219654
-0.220022
-0.218296
-0.218693
-0.223947
-0.234632
-0.248964
-0.263157
-0.272238
-0.271161
-0.255962
-0.224702
-0.177987
-0.118973
-0.052858
0.014017
0.075245
0.125404
0.160883
0.180355
0.184863
0.177545
0.163064
0.146853
0.134251
0.129649
0.135731
0.152917
0.179134
0.209967
0.239276
0.260200
0.266450
0.253647
0.220442
0.169127
0.105541
0.038200
-0.023240
-0.069892
-0.095517
-0.097922
-0.079535
-0.046976
-0.009688
0.022065
0.039371
0.036516
0.012078
-0.030954
-0.086022
-0.144548
-0.197792
-0.238580
-0.262534
-0.268611
-0.258917
-0.237951
-0.211516
-0.185551
-0.165109
-0.153623
-0.152511
-0.161107
-0.176883
-0.195890
-0.213372
-0.224494
-0.225112
-0.212525
-0.186062
-0.147427
-0.100665
-0.051716
-0.007577
0.024808
0.039717
0.033661
0.006023
-0.040799
-0.101753
-0.169887
-0.237343
-0.296369
-0.340224
-0.363864
-0.364402
-0.341340
-0.296628
-0.234521
-0.161241
-0.084413
-0.012290
0.047188
0.087378
0.103807
0.094793
0.061690
0.008720
-0.057572
-0.129141
-0.197415
-0.254284
-0.292981
-0.308780
-0.299453
-0.265434
-0.209684
-0.137267
-0.054685
0.030928
0.112633
0.184391
0.241557
0.281092
0.301530
0.302781
0.285850
0.252594
0.205543
0.147802
0.082995
0.015196
-0.051191
-0.111636
-0.161773
-0.197765
-0.216731
-0.217177
-0.199400
-0.165739
-0.120597
-0.070106
-0.021417
0.018365
0.043431
0.050452
0.039414
0.013828
-0.019790
-0.053139
-0.077811
-0.087056
-0.077210
-0.048443
-0.004652
0.047487
0.100040
0.145552
0.178569
0.196621
0.200484
0.193727
0.181729
0.170418
0.165032
0.169144
0.184070
0.208728
0.239879
0.272672
0.301371
0.320182
0.324066
0.309479
0.274950
0.221396
0.152123
0.072436
-0.011084
-0.091572
-0.162941
-0.220799
-0.263028
-0.289861
-0.303452
-0.307043
-0.303920
-0.296450
-0.285429
-0.269944
-0.247786
-0.216348
-0.173782
-0.120110
-0.057975
0.007238
0.068009
0.115954
0.143502
0.145576
0.120844
0.072223
0.006454
-0.067157
-0.138539
-0.198780
-0.241710
-0.264831
-0.269419
-0.259867
-0.242488
-0.224101
-0.210711
-0.206526
-0.213433
-0.230930
-0.256434
-0.285829
-0.314142
-0.336232
-0.347458
-0.344252
-0.324597
-0.288333
-0.237255
-0.174937
-0.106292
-0.036878
0.027914
0.083666
0.127555
0.158664
0.177951
0.187872
0.191792
0.193306
0.195617
0.201064
0.210863
0.225033
0.242480
0.261187
0.278464
0.291238
0.296380
0.291072
0.273185
0.241641
0.196691
0.140041
0.074767
0.005011
-0.064515
-0.129129
-0.184780
-0.228535
-0.258874
-0.275762
-0.280499
-0.275398
-0.263362
-0.247444
-0.230438
-0.214587
-0.201414
-0.191696
-0.185549
-0.182595
-0.182153
-0.183417
-0.185595
-0.187992
-0.190061
-0.191425
-0.191902
-0.191531
-0.190606
-0.189680
-0.189536
-0.191091
-0.195240
-0.202660
-0.213614
-0.227807
-0.244357
-0.261894
-0.278787
-0.293464
-0.304751
-0.312132
-0.315878
-0.316974
-0.316861
-0.317028
-0.318546
-0.321647
-0.325465
-0.328012
-0.326425
-0.317461
-0.298142
-0.266419
-0.221708
-0.165167
-0.099628
-0.029203
0.041359
0.107429
0.165186
0.212103
0.247154
0.270717
0.284256
0.289861
0.289801
0.286149
0.280579
0.274320
0.268251
0.263055
0.259373
0.257863
0.259149
0.263637
0.271255
0.281191
0.291727
0.300259
0.303540
0.298165
0.281195
0.250818
0.206888
0.151180
0.087301
0.020218
-0.044495
-0.101552
-0.146805
-0.177872
-0.194453
-0.198270
-0.192690
-0.182109
-0.171200
-0.164148
-0.163962
-0.171940
-0.187378
-0.207555
-0.228057
-0.243426
-0.248090
-0.237457
-0.208997
-0.163076
-0.103342
-0.036482
0.028671
0.082574
0.116694
0.125149
0.105886
0.061114
-0.003119
-0.078128
-0.154270
-0.222719
-0.276931
-0.313513
-0.332345
-0.336037
-0.328916
-0.315856
-0.301223
-0.288170
-0.278389
-0.272265
-0.269344
-0.268890
-0.270358
-0.273635
-0.278973
-0.286663
-0.296548
-0.307564
-0.317469
-0.322910
-0.319859
-0.304378
-0.273532
-0.226242
-0.163818
-0.090015
-0.010523
0.068014
0.139238
0.198283
0.242629
0.272408
0.290043
0.299355
0.304343
0.307968
0.311264
0.313018
0.310118
0.298493
0.274431
0.235927
0.183710
0.121637
0.056298
-0.004120
-0.051493
-0.079550
-0.085350
-0.070074
-0.038909
-0.000017
0.037152
0.063830
0.073691
0.064019
0.036008
-0.005803
-0.054799
-0.103878
-0.146985
-0.180213
-0.202252
-0.214156
-0.218548
-0.218530
-0.216597
-0.213833
-0.209586
-0.201648
-0.186901
-0.162222
-0.125429
-0.076042
-0.015685
0.051946
0.121509
0.186742
0.241313
0.279660
0.297677
0.293187
0.266157
0.218657
0.154591
0.079214
-0.001489
-0.081478
-0.155292
-0.218524
-0.268059
-0.302054
-0.319708
-0.320929
-0.306013
-0.275479
-0.230097
-0.171112
-0.100594
-0.021787
0.060678
0.140826
0.211705
0.266103
0.297548
0.301444
0.276146
0.223715
0.150130
0.064795
-0.020664
-0.094161
-0.145148
-0.166441
-0.155459
-0.114585
-0.050554
0.026981
0.107381
0.180992
0.240719
0.282900
0.307354
0.316693
0.315163
0.307350
0.297068
0.286691
0.277002
0.267536
0.257227
0.245150
0.231109
0.215904
0.201208
0.189084
0.181301
0.178635
0.180375
0.184201
0.186503
0.183116
0.170319
0.145869
0.109826
0.064929
0.016393
-0.028878
-0.063526
-0.081166
-0.077693
-0.052198
-0.007289
0.051226
0.115198
0.175376
0.222762
0.249912
0.251984
0.227470
0.178526
0.110861
0.033162
-0.043963
-0.109477
-0.153665
-0.169896
-0.156043
-0.115196
-0.055415
0.011546
0.072379
0.114810
0.130094
0.114841
0.071748
0.009062
-0.061113
-0.125275
-0.171179
-0.190128
-0.178418
-0.137726
-0.074449
0.001741
0.079746
0.148889
0.200413
0.228460
0.230471
0.207083
0.161658
0.099580
0.027428
-0.047870
-0.119857
-0.183249
-0.234449
-0.271798
-0.295521
-0.307350
-0.309920
-0.306031
-0.297946
-0.286884
-0.272815
-0.254631
-0.230660
-0.199411
-0.160383
-0.114714
-0.065481
-0.017525
0.023222
0.050779
0.060314
0.049208
0.017741
-0.030779
-0.090461
-0.153730
-0.212487
-0.259274
-0.288252
-0.295873
-0.281209
-0.245982
-0.194327
-0.132337
-0.067408
-0.007373
0.040511
0.070631
0.079974
0.068748
0.040487
0.001536
-0.040056
-0.076018
-0.099429
-0.105994
-0.094744
-0.067981
-0.030502
0.011692
0.052855
0.088753
0.117405
0.139148
0.156060
0.170923
0.186060
0.202352
0.218732
0.232277
0.238878
0.234301
0.215366
0.180910
0.132295
0.073313
0.009513
-0.052893
-0.108247
-0.152510
-0.183916
-0.203091
-0.212652
-0.216416
-0.218453
-0.222193
-0.229772
-0.241718
-0.256973
-0.273201
-0.287252
-0.295696
-0.295333
-0.283634
-0.259091
-0.221463
-0.171901
-0.112927
-0.048231
0.017706
0.080138
0.134641
0.177648
0.206826
0.221205
0.221078
0.207699
0.182916
0.148833
0.107577
0.061197
0.011667
-0.039081
-0.089148
-0.136716
-0.180164
-0.218207
-0.250023
-0.275320
-0.294321
-0.307668
-0.316272
-0.321135
-0.323198
-0.323228
-0.321782
-0.319219
-0.315758
-0.311534
-0.306629
-0.301042
-0.294608
-0.286887
-0.277061
-0.263901
-0.245844
-0.221217
-0.188561
-0.147029
-0.096737
-0.038981
0.023745
0.087969
0.149641
0.204633
0.249217
0.280435
0.296298
0.295835
0.279020
0.246659
0.200288
0.142112
0.074977
0.002363
-0.071661
-0.142549
-0.205485
-0.255720
-0.289023
-0.302227
-0.293785
-0.264250
-0.216541
-0.155879
-0.089337
-0.025007
0.029097
0.066215
0.081876
0.074582
0.046017
0.000741
-0.054535
-0.111952
-0.163608
-0.202572
-0.223704
-0.224197
-0.203816
-0.164813
-0.111539
-0.049781
0.014126
0.074291
0.126192
0.167369
0.197687
0.219102
0.234913
0.248673
0.262999
0.278584
0.293700
0.304363
0.305187
0.290778
0.257349
0.204150
0.134324
0.054865
-0.024384
-0.092563
-0.140061
-0.160687
-0.153182
-0.121656
-0.074771
-0.023821
0.019858
0.047514
0.054989
0.043587
0.019565
-0.007636
-0.027987
-0.033615
-0.021005
0.007940
0.046255
0.083614
0.108954
0.113345
0.092393
0.047570
-0.013855
-0.080249
-0.138046
-0.174586
-0.180700
-0.152506
-0.092065
-0.006889
0.091517
0.189674
0.274296
0.334226
0.361889
0.354133
0.312453
0.242639
0.153917
0.057684
-0.034041
-0.110278
-0.162631
-0.186455
-0.181416
-0.151293
-0.103031
-0.045232
0.013611
0.066717
0.110111
0.142952
0.167054
0.185766
0.202512
0.219424
0.236414
0.250966
0.258685
0.254482
0.234066
0.195346
0.139345
0.070360
-0.004719
-0.077775
-0.141186
-0.189455
-0.220327
-0.235085
-0.237972
-0.234871
-0.231613
-0.232343
-0.238385
-0.247882
-0.256302
-0.257670
-0.246206
-0.217948
-0.171942
-0.110716
-0.039893
0.032913
0.099679
0.153603
0.190422
0.209091
0.211731
0.202881
0.188282
0.173504
0.162718
0.157866
0.158374
0.161402
0.162565
0.156928
0.140075
0.109065
0.063102
0.003837
-0.064723
-0.136677
-0.204959
-0.262270
-0.302073
-0.319550
-0.312403
-0.281377
-0.230387
-0.166180
-0.097523
-0.034005
0.015384
0.043638
0.046839
0.024762
-0.019112
-0.078173
-0.143699
-0.206121
-0.256318
-0.286776
-0.292497
-0.271609
-0.225650
-0.159508
-0.080967
0.000174
0.073384
0.128981
0.159785
0.162521
0.138625
0.094176
0.038854
-0.015946
-0.059479
-0.083980
-0.086378
-0.068967
-0.038816
-0.006024
0.018784
0.027106
0.014704
-0.017300
-0.062664
-0.111536
-0.152849
-0.177009
-0.178185
-0.155662
-0.113925
-0.061519
-0.008992
0.033513
0.058424
0.062150
0.045429
0.012642
-0.029667
-0.074600
-0.116555
-0.152284
-0.181160
-0.204639
-0.225146
-0.244766
-0.264112
-0.281727
-0.294161
-0.296729
-0.284714
-0.254712
-0.205739
-0.139803
-0.061787
0.021336
0.101773
0.172336
0.227702
0.265205
0.285021
0.289725
0.283388
0.270439
0.254580
0.237998
0.221045
0.202440
0.179928
0.151225
0.115013
0.071722
0.023909
-0.023897
-0.065854
-0.095847
-0.108660
-0.101058
-0.072515
-0.025490
0.034809
0.101105
0.165023
0.218214
0.253449
0.265554
0.252059
0.213506
0.153360
0.077539
-0.006376
-0.090122
-0.165776
-0.226650
-0.267923
-0.286945
-0.283230
-0.258215
-0.214892
-0.157398
-0.090623
-0.019811
0.049844
0.113648
0.167866
0.210116
0.239618
0.257168
0.264836
0.265371
0.261471
0.255050
0.246705
0.235543
0.219430
0.195648
0.161836
0.116972
0.062152
0.000924
-0.060955
-0.116357
-0.158035
-0.180020
-0.178832
-0.154195
-0.109091
-0.049150
0.018475
0.086437
0.148429
0.200030
0.239018
0.265127
0.279390
0.283290
0.277987
0.263836
0.240361
0.206668
0.162208
0.107638
0.045518
-0.019423
-0.080597
-0.130464
-0.161853
-0.169407
-0.150786
-0.107325
-0.043953
0.031605
0.110181
0.182731
0.241802
0.282581
0.303380
0.305511
0.292658
0.269944
0.242888
0.216463
0.194386
0.178736
0.169900
0.166827
0.167503
0.169538
0.170771
0.169764
0.166110
0.160504
0.154558
0.150391
0.150095
0.155158
0.166003
0.181742
0.200222
0.218394
0.232934
0.240996
0.240910
0.232672
0.218041
0.200220
0.183130
0.170435
0.164536
0.165784
0.172130
0.179365
0.181929
0.174178
0.151831
0.113269
0.060342
-0.001550
-0.064210
-0.118097
-0.154214
-0.165974
-0.150636
-0.109938
-0.049792
0.020897
0.091983
0.154006
0.199846
0.225787
0.231826
0.221247
0.199653
0.173705
0.149852
0.133254
0.127046
0.131969
0.146374
0.166548
0.187297
0.202739
0.207225
0.196308
0.167626
0.121544
0.061415
-0.006686
-0.074750
-0.134086
-0.176810
-0.197274
-0.193112
-0.165659
-0.119620
-0.062063
-0.000982
0.056245
0.104120
0.139763
0.162965
0.175635
0.180801
0.181492
0.179757
0.176096
0.169390
0.157341
0.137262
0.107011
0.065800
0.014689
-0.043365
-0.103895
-0.161638
-0.211384
-0.248756
-0.270764
-0.276049
-0.264850
-0.238762
-0.200393
-0.153027
-0.100304
-0.045961
0.006425
0.053683
0.093296
0.123608
0.143963
0.154734
0.157238
0.153540
0.146174
0.137829
0.131012
0.127724
0.129170
0.135538
0.145865
0.158062
0.169105
0.175436
0.173535
0.160607
0.135257
0.098013
0.051554
0.000547
-0.048945
-0.090384
-0.117855
-0.127122
-0.116413
-0.086795
-0.042054
0.011867
0.067734
0.118044
0.156018
0.176436
0.176248
0.154893
0.114329
0.058771
-0.005867
-0.072766
-0.135147
-0.187243
-0.225125
-0.247218
-0.254396
-0.249627
-0.237245
-0.221988
-0.208018
-0.198103
-0.193134
-0.192030
-0.192050
-0.189424
-0.180179
-0.161006
-0.130011
-0.087240
-0.034894
0.022808
0.080071
0.130247
0.166739
0.183995
0.178478
0.149462
0.099503
0.034435
-0.037225
-0.105447
-0.160314
-0.193831
-0.201539
-0.183533
-0.144597
-0.093330
-0.040385
0.003804
0.031294
0.038357
0.026202
0.000512
-0.030129
-0.056520
-0.071274
-0.070758
-0.056044
-0.032587
-0.008718
0.006681
0.006702
-0.011527
-0.045814
-0.089192
-0.131487
-0.161772
-0.171080
-0.154702
-0.113472
-0.053740
0.013946
0.077100
0.123941
0.145779
0.138629
0.103741
0.047041
-0.022303
-0.093770
-0.157388
-0.205274
-0.232576
-0.237751
-0.222282
-0.189979
-0.146082
-0.096324
-0.046095
0.000231
0.039734
0.071131
0.094697
0.111937
0.125076
0.136458
0.147981
0.160696
0.174639
0.188946
0.202179
0.212775
0.219471
0.221592
0.219095
0.212381
0.201937
0.187924
0.169875
0.146625
0.116527
0.077954
0.029967
-0.026995
-0.090606
-0.156479
-0.218439
-0.269261
-0.301811
-0.310386
-0.292029
-0.247505
-0.181682
-0.103143
-0.023016
0.046813
0.095774
0.116537
0.106368
0.067596
0.007094
-0.065114
-0.137786
-0.200525
-0.245522
-0.268670
-0.269907
-0.252805
-0.223609
-0.189952
-0.159512
-0.138816
-0.132305
-0.141753
-0.166041
-0.201317
-0.241520
-0.279246
-0.306897
-0.317970
-0.308304
-0.277051
-0.227132
-0.165007
-0.099732
-0.041391
0.000796
0.020320
0.014764
-0.013606
-0.058192
-0.109307
-0.156026
-0.188243
-0.198482
-0.183097
-0.142667
-0.081590
-0.007049
0.072340
0.147881
0.211917
0.258543
0.283926
0.286297
0.265745
0.223951
0.163943
0.089901
0.007017
-0.078673
-0.160521
-0.231644
-0.285471
-0.316451
-0.320859
-0.297557
-0.248553
-0.179158
-0.097603
-0.014089
0.060655
0.117042
0.148220
0.151217
0.127386
0.082024
0.023237
-0.039686
-0.098034
-0.145185
-0.177567
-0.194904
-0.199760
-0.196543
-0.190230
-0.185099
-0.183734
-0.186479
-0.191411
-0.194810
-0.192007
-0.178437
-0.150690
-0.107393
-0.049750
0.018326
0.090545
0.158972
0.215105
0.251141
0.261271
0.242790
0.196829
0.128504
0.046402
-0.038598
-0.114988
-0.172502
-0.203803
-0.205638
-0.179191
-0.129557
-0.064484
0.007333
0.077953
0.141518
0.194896
0.237538
0.270667
0.296063
0.314843
0.326592
0.329141
0.319078
0.292885
0.248409
0.186235
0.110540
0.029073
-0.047841
-0.109158
-0.145437
-0.151057
-0.125778
-0.075150
-0.009621
0.057533
0.113004
0.146308
0.152037
0.130957
0.089691
0.039101
-0.008255
-0.040937
-0.051073
-0.035891
0.001965
0.055313
0.114226
0.168265
0.208630
0.229785
0.230284
0.212735
0.183015
0.148964
0.118846
0.099850
0.096828
0.111441
0.141807
0.182685
0.226216
0.263142
0.284374
0.282695
0.254300
0.199851
0.124773
0.038617
-0.046496
-0.118115
-0.165950
-0.184068
-0.172258
-0.136192
-0.086253
-0.035252
0.004474
0.023892
0.019355
-0.006599
-0.045936
-0.087162
-0.118190
-0.129358
-0.115826
-0.078800
-0.025291
0.033503
0.084740
0.116796
0.121734
0.096872
0.045137
-0.025737
-0.104892
-0.180453
-0.241586
-0.280122
-0.291554
-0.275365
-0.234786
-0.176140
-0.107910
-0.039645
0.019236
0.060666
0.079064
0.072239
0.041866
-0.006629
-0.064826
-0.122649
-0.170061
-0.198778
-0.203658
-0.183457
-0.140837
-0.081656
-0.013744
0.054506
0.115439
0.163072
0.193559
0.205210
0.198193
0.174082
0.135424
0.085389
0.027544
-0.034291
-0.096180
-0.154252
-0.204955
-0.245372
-0.273564
-0.288851
-0.291975
-0.285063
-0.271377
-0.254835
-0.239392
-0.228372
-0.223885
-0.226469
-0.235034
-0.247151
-0.259618
-0.269200
-0.273367
-0.270860
-0.261965
-0.248407
-0.232907
-0.218479
-0.207646
-0.201752
-0.200529
-0.202033
-0.202994
-0.199507
-0.187939
-0.165866
-0.132817
-0.090660
-0.043511
0.002847
0.041915
0.067630
0.075453
0.063183
0.031337
-0.016962
-0.076513
-0.140838
-0.203076
-0.256808
-0.296685
-0.318823
-0.320983
-0.302574
-0.264554
-0.209273
-0.140294
-0.062189
0.019670
0.099388
0.170872
0.228278
0.266555
0.282069
0.273246
0.241089
0.189428
0.124772
0.055675
-0.008329
-0.058098
-0.086290
-0.088551
-0.064217
-0.016403
0.048522
0.121955
0.194351
0.256539
0.300882
0.322131
0.317951
0.289092
0.239261
0.174692
0.103447
0.034472
-0.023531
-0.063271
-0.079912
-0.071797
-0.040699
0.008472
0.068447
0.130716
0.186764
0.229208
0.252677
0.254350
0.234154
0.194690
0.140907
0.079595
0.018655
-0.033819
-0.070634
-0.086643
-0.079749
-0.051548
-0.007380
0.044297
0.093185
0.128872
0.142658
0.129131
0.087159
0.020127
-0.064607
-0.156871
-0.245215
-0.318539
-0.367562
-0.385984
-0.371230
-0.324772
-0.251997
-0.161632
-0.064747
0.026607
0.100989
0.149176
0.165515
0.148758
0.102194
0.033009
-0.048989
-0.133041
-0.209155
-0.269547
-0.309562
-0.327960
-0.326613
-0.309757
-0.283009
-0.252345
-0.223223
-0.199939
-0.185263
-0.180350
-0.184875
-0.197329
-0.215418
-0.236478
-0.257871
-0.277296
-0.293004
-0.303901
-0.309556
-0.310124
-0.306208
-0.298679
-0.288459
-0.276303
-0.262590
-0.247172
-0.229309
-0.207746
-0.180925
-0.147330
-0.105916
-0.056534
-0.000273
0.060371
0.121538
0.178310
0.225240
0.257070
0.269551
0.260235
0.229117
0.178955
0.115185
0.045359
-0.021823
-0.077757
-0.115220
-0.129454
-0.118842
-0.085050
-0.032642
0.031719
0.100294
0.165307
0.219827
0.258394
0.277365
0.275021
0.251514
0.208705
0.149965
0.079929
0.004224
-0.070864
-0.138803
-0.193305
-0.228921
-0.241692
-0.229815
-0.194201
-0.138786
-0.070429
0.001736
0.067500
0.117225
0.143655
0.143494
0.118348
0.074696
0.022773
-0.025470
-0.058948
-0.069967
-0.056075
-0.020765
0.027194
0.075689
0.112021
0.125834
0.111544
0.069673
0.006818
-0.065729
-0.134331
-0.185777
-0.209839
-0.201095
-0.159698
-0.091052
-0.004587
0.088011
0.174720
0.244887
0.290490
0.306859
0.292849
0.250582
0.184859
0.102373
0.010842
-0.081832
-0.168295
-0.242291
-0.298989
-0.335108
-0.348885
-0.339956
-0.309225
-0.258768
-0.191764
-0.112410
-0.025792
0.062354
0.145987
0.219186
0.276623
0.314017
0.328532
0.319085
0.286527
0.233664
0.165063
0.086657
0.005122
-0.072867
-0.141401
-0.195965
-0.233812
-0.254006
-0.257165
-0.245006
-0.219825
-0.184083
-0.140152
-0.090274
-0.036644
0.018457
0.072579
0.123139
0.167590
0.203670
0.229700
0.244822
0.249153
0.243788
0.230672
0.212343
0.191618
0.171248
0.153631
0.140600
0.133317
0.132259
0.137281
0.147708
0.162459
0.180159
0.199264
0.218186
0.235433
0.249760
0.260304
0.266680
0.269023
0.267920
0.264269
0.259036
0.252985
0.246400
0.238890
0.229325
0.215942
0.196639
0.169416
0.132883
0.086736
0.032082
-0.028467
-0.090972
-0.150586
-0.202131
-0.240747
-0.262498
-0.264873
-0.247124
-0.210444
-0.157938
-0.094378
-0.025726
0.041565
0.101412
0.148983
0.181436
0.198342
0.201642
0.195142
0.183606
0.171657
0.162728
0.158295
0.157581
0.157775
0.154734
0.143971
0.121732
0.085899
0.036531
-0.024045
-0.091593
-0.160659
-0.225402
-0.280387
-0.321184
-0.344703
-0.349288
-0.334633
-0.301633
-0.252242
-0.189380
-0.116892
-0.039494
0.037331
0.107571
0.165090
0.204212
0.220474
0.211432
0.177412
0.121990
0.052021
-0.022951
-0.091913
-0.144135
-0.171127
-0.168423
-0.136707
-0.081975
-0.014572
0.052752
0.107383
0.139425
0.143719
0.120838
0.076835
0.021803
-0.032387
-0.074630
-0.096830
-0.095337
-0.071333
-0.030131
0.020337
0.071449
0.115735
0.148245
0.167174
0.173697
0.171152
0.163825
0.155678
0.149313
0.145377
0.142517
0.137830
0.127688
0.108716
0.078714
0.037333
-0.013623
-0.070304
-0.127298
-0.178392
-0.217495
-0.239595
-0.241626
-0.223118
-0.186532
-0.137161
-0.082547
-0.031423
0.007716
0.028179
0.026469
0.003179
-0.036868
-0.085352
-0.131942
-0.166268
-0.179930
-0.168122
-0.130506
-0.071180
0.002208
0.079932
0.151914
0.209304
0.245675
0.257669
0.245145
0.210897
0.160112
0.099663
0.037299
-0.019238
-0.063163
-0.089571
-0.096244
-0.084130
-0.057370
-0.022738
0.011446
0.036779
0.046317
0.035873
0.004766
-0.044126
-0.105025
-0.170436
-0.232578
-0.284725
-0.322207
-0.342880
-0.347082
-0.337139
-0.316640
-0.289646
-0.260036
-0.231068
-0.205205
-0.184150
-0.169007
-0.160456
-0.158869
-0.164293
-0.176327
-0.193959
-0.215435
-0.238286
-0.259563
-0.276288
-0.286041
-0.287554
-0.281143
-0.268816
-0.253985
-0.240783
-0.233099
-0.233565
-0.242715
-0.258577
-0.276827
-0.291552
-0.296474
-0.286405
-0.258592
-0.213627
-0.155656
-0.091800
-0.030851
0.018482
0.049397
0.058469
0.046411
0.017942
-0.019213
-0.055952
-0.083667
-0.095920
-0.089542
-0.064943
-0.025618
0.022970
0.074787
0.124549
0.168628
0.205371
0.234802
0.257867
0.275500
0.287805
0.293639
0.290736
0.276375
0.248426
0.206463
0.152622
0.091878
0.031578
-0.019753
-0.054105
-0.065794
-0.052936
-0.018183
0.031499
0.086008
0.133999
0.165072
0.171761
0.150922
0.104224
0.037728
-0.039315
-0.116141
-0.182255
-0.229021
-0.250808
-0.245594
-0.215007
-0.163873
-0.099354
-0.029806
0.036506
0.092664
0.134153
0.159494
0.170342
0.170953
0.167112
0.164717
0.168302
0.179865
0.198264
0.219359
0.236889
0.243906
0.234425
0.204905
0.155200
0.088720
0.011773
-0.067769
-0.142143
-0.205278
-0.253891
-0.287823
-0.309537
-0.322942
-0.331879
-0.338694
-0.343321
-0.343144
-0.333721
-0.310206
-0.269122
-0.209975
-0.136264
-0.055499
0.021872
0.084465
0.122463
0.130008
0.106861
0.058853
-0.003052
-0.064935
-0.112857
-0.135858
-0.128327
-0.091187
-0.031629
0.038492
0.105201
0.155264
0.178729
0.170623
0.131521
0.067007
-0.013742
-0.099823
-0.180491
-0.246710
-0.292131
-0.313464
-0.310328
-0.284741
-0.240445
-0.182227
-0.115347
-0.045115
0.023372
0.085385
0.136680
0.173634
0.193471
0.194608
0.177060
0.142824
0.096072
0.043008
-0.008731
-0.051117
-0.077086
-0.081941
-0.064468
-0.027478
0.022436
0.075925
0.122509
0.152475
0.158647
0.137655
0.090488
0.022253
-0.058758
-0.142440
-0.218423
-0.277525
-0.312893
-0.320737
-0.300600
-0.255200
-0.189889
-0.111831
-0.029009
0.050796
0.120908
0.176408
0.214435
0.234140
0.236348
0.223061
0.196945
0.160929
0.117957
0.070894
0.022502
-0.024591
-0.067999
-0.105765
-0.136597
-0.160080
-0.176778
-0.188199
-0.196582
-0.204557
-0.214694
-0.229036
-0.248657
-0.273314
-0.301272
-0.329330
-0.353115
-0.367632
-0.368050
-0.350598
-0.313434
-0.257278
-0.185629
-0.104443
-0.021270
0.056022
0.120676
0.168306
0.197678
0.210807
0.212319
0.208239
0.204475
0.205378
0.212714
0.225283
0.239263
0.249181
0.249257
0.234794
0.203300
0.155073
0.093153
0.022672
-0.050202
-0.119455
-0.180273
-0.229696
-0.266793
-0.292356
-0.308275
-0.316785
-0.319810
-0.318565
-0.313511
-0.304609
-0.291777
-0.275373
-0.256509
-0.237094
-0.219523
-0.206103
-0.198339
-0.196306
-0.198288
-0.200866
-0.199478
-0.189385
-0.166854
-0.130270
-0.080892
-0.023021
0.036525
0.089561
0.128093
0.145910
0.139853
0.110435
0.061670
0.000146
-0.066404
-0.130679
-0.187144
-0.232811
-0.267307
-0.292268
-0.310269
-0.323610
-0.333310
-0.338592
-0.337014
-0.325223
-0.300140
-0.260234
-0.206544
-0.143093
-0.076535
-0.015038
0.033368
0.062583
0.069922
0.056900
0.029074
-0.005043
-0.035754
-0.054225
-0.054301
-0.033689
0.005761
0.058683
0.117548
0.174358
0.222279
0.256861
0.276605
0.282845
0.279060
0.269841
0.259782
0.252542
0.250250
0.253310
0.260612
0.270015
0.278984
0.285221
0.287150
0.284172
0.276653
0.265661
0.252529
0.238355
0.223557
0.207620
0.189094
0.165884
0.135785
0.097155
0.049586
-0.005578
-0.065028
-0.123642
-0.175049
-0.212547
-0.230266
-0.224384
-0.194192
-0.142740
-0.076857
-0.006408
0.057193
0.103009
0.122780
0.112809
0.075056
0.017089
-0.049205
-0.109940
-0.152127
-0.166468
-0.149431
-0.104078
-0.039465
0.031237
0.093478
0.134256
0.144611
0.121157
0.066432
-0.011921
-0.102805
-0.193746
-0.272925
-0.330809
-0.361207
-0.361705
-0.333582
-0.281349
-0.212043
-0.134370
-0.057756
0.008661
0.057015
0.081604
0.079563
0.051209
0.000009
-0.067843
-0.144167
-0.219739
-0.285323
-0.332676
-0.355459
-0.349983
-0.315739
-0.255637
-0.175866
-0.085314
0.005455
0.085594
0.145523
0.178375
0.181038
0.154571
0.103871
0.036678
-0.037894
-0.110953
-0.175238
-0.226047
-0.261544
-0.282437
-0.291179
-0.290919
-0.284473
-0.273579
-0.258585
-0.238631
-0.212265
-0.178296
-0.136654
-0.089002
-0.038893
0.008592
0.047669
0.072954
0.080576
0.069016
0.039485
-0.004241
-0.056466
-0.110533
-0.159852
-0.198810
-0.223396
-0.231500
-0.222893
-0.198975
-0.162379
-0.116504
-0.065046
-0.011565
0.040871
0.089927
0.134103
0.172674
0.205488
0.232670
0.254318
0.270284
0.280105
0.283140
0.278880
0.267361
0.249557
0.227608
0.204776
0.185042
0.172406
0.169969
0.179048
0.198515
0.224611
0.251358
0.271560
0.278254
0.266317
0.233859
0.183038
0.120041
0.054122
-0.004139
-0.045045
-0.061935
-0.052804
-0.020954
0.025498
0.075186
0.115774
0.136461
0.130131
0.094723
0.033550
-0.045405
-0.131008
-0.210931
-0.273649
-0.310153
-0.315161
-0.287752
-0.231427
-0.153646
-0.064903
0.022611
0.096652
0.146735
0.165855
0.151812
0.107820
0.042166
-0.033127
-0.104466
-0.159273
-0.188452
-0.188179
-0.160610
-0.113307
-0.057543
-0.005854
0.030558
0.044008
0.031596
-0.004632
-0.058605
-0.121891
-0.185651
-0.242394
-0.287151
-0.317874
-0.335097
-0.341081
-0.338744
-0.330736
-0.318869
-0.304038
-0.286564
-0.266787
-0.245657
-0.225079
-0.207846
-0.197106
-0.195502
-0.204180
-0.221995
-0.245181
-0.267674
-0.282119
-0.281401
-0.260360
-0.217299
-0.154848
-0.079905
-0.002570
0.065775
0.114824
0.137624
0.132190
0.102052
0.055536
0.003935
-0.041039
-0.069899
-0.077490
-0.064036
-0.034887
0.000989
0.033361
0.053352
0.055654
0.039780
0.010053
-0.025656
-0.058089
-0.079084
-0.083736
-0.071640
-0.046919
-0.017021
0.009392
0.024868
0.025269
0.010964
-0.013221
-0.039283
-0.058231
-0.062595
-0.048578
-0.017258
0.025480
0.070301
0.106721
0.125749
0.122212
0.096156
0.052982
0.002285
-0.044277
-0.075582
-0.083451
-0.064330
-0.019905
0.043440
0.116101
0.187282
0.247098
0.288317
0.307436
0.304965
0.284956
0.253963
0.219657
0.189386
0.168898
0.161442
0.167347
0.184151
0.207239
0.230873
0.249441
0.258686
0.256665
0.244228
0.224878
0.203999
0.187579
0.180685
0.186028
0.202969
0.227270
0.251714
0.267541
0.266445
0.242689
0.194838
0.126639
0.046743
-0.032773
-0.098825
-0.140182
-0.150088
-0.127995
-0.079937
-0.017393
0.045158
0.093418
0.116456
0.109138
0.073235
0.016959
-0.046926
-0.103940
-0.140989
-0.149029
-0.124740
-0.070934
0.004271
0.089197
0.170831
0.237020
0.278296
0.289064
0.268140
0.218660
0.147493
0.064259
-0.019959
-0.094122
-0.148821
-0.177759
-0.178875
-0.154830
-0.112666
-0.062589
-0.016019
0.016719
0.028576
0.017318
-0.013984
-0.057661
-0.103241
-0.139902
-0.159023
-0.156198
-0.132236
-0.092899
-0.047479
-0.006575
0.020359
0.027088
0.011807
-0.022749
-0.070252
-0.122479
-0.171277
-0.210298
-0.236108
-0.248489
-0.249954
-0.244708
-0.237392
-0.231946
-0.230826
-0.234721
-0.242703
-0.252707
-0.262125
-0.268363
-0.269227
-0.263103
-0.248987
-0.226416
-0.195413
-0.156475
-0.110629
-0.059524
-0.005501
0.048421
0.098660
0.141331
0.172622
0.189268
0.189088
0.171489
0.137858
0.091721
0.038559
-0.014778
-0.061030
-0.093727
-0.108409
-0.103587
-0.081191
-0.046354
-0.006532
0.029881
0.055137
0.063576
0.052590
0.022923
-0.021742
-0.075741
-0.132698
-0.186754
-0.233489
-0.270346
-0.296520
-0.312417
-0.318900
-0.316559
-0.305266
-0.284149
-0.252002
-0.208051
-0.152804
-0.088742
-0.020560
0.045181
0.101005
0.139884
0.156691
0.149372
0.119491
0.071997
0.014220
-0.045660
-0.100286
-0.144535
-0.176324
-0.196638
-0.208815
-0.217303
-0.226218
-0.238092
-0.253093
-0.268892
-0.281195
-0.284764
-0.274695
-0.247624
-0.202605
-0.141472
-0.068633
0.009633
0.086208
0.154276
0.208349
0.245021
0.263350
0.264833
0.253023
0.232858
0.209827
0.189095
0.174719
0.169094
0.172695
0.184197
0.200907
0.219460
0.236612
0.249964
0.258460
0.262538
0.263886
0.264861
0.267701
0.273704
0.282603
0.292302
0.299080
0.298261
0.285221
0.256535
0.210961
0.150032
0.078050
0.001456
-0.072327
-0.136301
-0.185234
-0.216605
-0.230918
-0.231328
-0.222683
-0.210231
-0.198328
-0.189447
-0.183708
-0.179030
-0.171820
-0.158022
-0.134259
-0.098802
-0.052142
0.002931
0.061738
0.118486
0.167208
0.202672
0.221082
0.220497
0.200951
0.164318
0.113997
0.054465
-0.009253
-0.072175
-0.129962
-0.179465
-0.219108
-0.249009
-0.270772
-0.286941
-0.300218
-0.312601
-0.324664
-0.335178
-0.341228
-0.338832
-0.323992
-0.293933
-0.248232
-0.189530
-0.123564
-0.058434
-0.003176
0.034071
0.047906
0.037043
0.004884
-0.040911
-0.089793
-0.130334
-0.152436
-0.149234
-0.118315
-0.062014
0.013184
0.097933
0.181678
0.254305
0.307517
0.335762
0.336690
0.311176
0.263015
0.198365
0.124996
0.051404
-0.014166
-0.064699
-0.095264
-0.103603
-0.090347
-0.058787
-0.014270
0.036688
0.087366
0.131701
0.164921
0.183873
0.187077
0.174585
0.147748
0.108949
0.061371
0.008756
-0.044846
-0.095382
-0.139157
-0.173229
-0.195785
-0.206434
-0.206361
-0.198276
-0.186139
-0.174640
-0.168472
-0.171470
-0.185743
-0.210988
-0.244140
-0.279552
-0.309746
-0.326708
-0.323525
-0.296055
-0.244232
-0.172663
-0.090253
-0.008826
0.059041
0.102562
0.115080
0.095646
0.049416
-0.013289
-0.079077
-0.134286
-0.167836
-0.173496
-0.151035
-0.106034
-0.048447
0.009705
0.056921
0.084491
0.087951
0.067461
0.027135
-0.026404
-0.085804
-0.144605
-0.198320
-0.244752
-0.283569
-0.315354
-0.340478
-0.358205
-0.366311
-0.361414
-0.339933
-0.299437
-0.239991
-0.165060
-0.081627
0.000651
0.071132
0.120392
0.142399
0.136099
0.105932
0.061083
0.013565
-0.024439
-0.043360
-0.038453
-0.010892
0.032536
0.081071
0.122563
0.146352
0.145768
0.119652
0.072574
0.013732
-0.045142
-0.092351
-0.118654
-0.119001
-0.093251
-0.045800
0.015696
0.082122
0.144773
0.196874
0.234469
0.256555
0.264561
0.261384
0.250266
0.233832
0.213514
0.189473
0.161020
0.127366
0.088494
0.045851
0.002660
-0.036286
-0.065337
-0.079047
-0.073348
-0.046562
-0.000018
0.061856
0.131978
0.201516
0.261088
0.302077
0.317901
0.305050
0.263779
0.198320
0.116519
0.028894
-0.052836
-0.117547
-0.156536
-0.165012
-0.142929
-0.094927
-0.029375
0.043311
0.112692
0.170230
0.210684
0.232698
0.238519
0.232993
0.222137
0.211663
0.205800
0.206622
0.213957
0.225776
0.238891
0.249735
0.255015
0.252146
0.239430
0.216037
0.181892
0.137553
0.084162
0.023451
-0.042205
-0.109757
-0.175520
-0.235324
-0.284782
-0.319668
-0.336365
-0.332348
-0.306630
-0.260090
-0.195612
-0.117955
-0.033358
0.051099
0.128276
0.191755
0.236511
0.259367
0.259215
0.237005
0.195567
0.139299
0.073739
0.005028
-0.060741
-0.118247
-0.163642
-0.195108
-0.213104
-0.220209
-0.220532
-0.218782
-0.219179
-0.224457
-0.235179
-0.249548
-0.263759
-0.272826
-0.271691
-0.256387
-0.224977
-0.178082
-0.118879
-0.052592
0.014414
0.075714
0.125880
0.161307
0.180684
0.185079
0.177655
0.163098
0.146853
0.134263
0.129712
0.135865
0.153123
0.179389
0.210231
0.239495
0.260321
0.266426
0.253448
0.220061
0.168583
0.104878
0.037478
-0.023954
-0.070533
-0.096033
-0.098281
-0.079730
-0.047019
-0.009609
0.022227
0.039575
0.036727
0.012269
-0.030801
-0.085917
-0.144497
-0.197799
-0.238646
-0.262661
-0.268798
-0.259159
-0.238237
-0.211825
-0.185855
-0.165377
-0.153823
-0.152616
-0.161102
-0.176766
-0.195676
-0.213087
-0.224170
-0.224786
-0.212223
-0.185804
-0.147218
-0.100500
-0.051582
-0.007457
0.024924
0.039832
0.033771
0.006116
-0.040734
-0.101721
-0.169880
-0.237334
-0.296318
-0.340078
-0.363570
-0.363914
-0.340639
-0.295724
-0.233459
-0.160096
-0.083280
-0.011267
0.048019
0.087962
0.104131
0.094883
0.061606
0.008542
-0.057760
-0.129269
-0.197438
-0.254189
-0.292782
-0.308517
-0.299175
-0.265184
-0.209491
-0.137133
-0.054588
0.031033
0.112800
0.184673
0.241989
0.281680
0.302251
0.303579
0.286651
0.253316
0.206109
0.148160
0.083124
0.015117
-0.051419
-0.111919
-0.161998
-0.197818
-0.216515
-0.216636
-0.198525
-0.164575
-0.119234
-0.068666
-0.020029
0.019587
0.044408
0.051153
0.039857
0.014072
-0.019658
-0.053027
-0.077644
-0.086786
-0.076827
-0.047974
-0.004149
0.047962
0.100435
0.145839
0.178751
0.196734
0.200586
0.193887
0.182005
0.170847
0.165623
0.169873
0.184894
0.209590
0.240725
0.273456
0.302065
0.320773
0.324553
0.309873
0.275265
0.221651
0.152335
0.072628
-0.010890
-0.091352
-0.162670
-0.220457
-0.262598
-0.289337
-0.302840
-0.306360
-0.303199
-0.295731
-0.284759
-0.269364
-0.247325
-0.216015
-0.173559
-0.119958
-0.057836
0.007425
0.068295
0.116372
0.144053
0.146230
0.121547
0.072908
0.007055
-0.066687
-0.138221
-0.198597
-0.241619
-0.264768
-0.269317
-0.259672
-0.242174
-0.223673
-0.210205
-0.205996
-0.212935
-0.230506
-0.256101
-0.285574
-0.313925
-0.336002
-0.347164
-0.343864
-0.324112
-0.287781
-0.236691
-0.174432
-0.105914
-0.036678
0.027917
0.083491
0.127252
0.158316
0.177650
0.187708
0.191833
0.193586
0.196125
0.201750
0.211643
0.225806
0.243147
0.261671
0.278721
0.291267
0.296221
0.290793
0.272870
0.241372
0.196533
0.140032
0.074915
0.005297
-0.064128
-0.128689
-0.184333
-0.228115
-0.258503
-0.275448
-0.280235
-0.275171
-0.263159
-0.247251
-0.230247
-0.214396
-0.201227
-0.191520
-0.185394
-0.182471
-0.182067
-0.183375
-0.185596
-0.188031
-0.190124
-0.191494
-0.191957
-0.191554
-0.190585
-0.189613
-0.189434
-0.190977
-0.195142
-0.202609
-0.213633
-0.227909
-0.244542
-0.262147
-0.279086
-0.293785
-0.305073
-0.312441
-0.316165
-0.317232
-0.317081
-0.317195
-0.318634
-0.321627
-0.325308
-0.327701
-0.325962
-0.316872
-0.297476
-0.265739
-0.221083
-0.164653
-0.099259
-0.028981
0.041464
0.107471
0.165229
0.212207
0.247359
0.271037
0.284674
0.290338
0.290283
0.286586
0.280936
0.274585
0.268438
0.263202
0.259526
0.258066
0.259430
0.263996
0.271664
0.281598
0.292071
0.300481
0.303605
0.298066
0.280961
0.250513
0.206591
0.150975
0.087257
0.020371
-0.044148
-0.101059
-0.146247
-0.177352
-0.194075
-0.198119
-0.192814
-0.182509
-0.171829
-0.164920
-0.164765
-0.172658
-0.187911
-0.207840
-0.228076
-0.243207
-0.247699
-0.236986
-0.208545
-0.162730
-0.103160
-0.036486
0.028496
0.082276
0.116344
0.124822
0.105645
0.061001
-0.003096
-0.077992
-0.154070
-0.222512
-0.276773
-0.313440
-0.332365
-0.336129
-0.329035
-0.315944
-0.301222
-0.288041
-0.278117
-0.271869
-0.268871
-0.268403
-0.269927
-0.273317
-0.278799
-0.286630
-0.296621
-0.307681
-0.317557
-0.322897
-0.319696
-0.304043
-0.273040
-0.225634
-0.163159
-0.089372
-0.009952
0.068479
0.139593
0.198551
0.242860
0.272657
0.290365
0.299787
0.304896
0.308623
0.311977
0.313726
0.310750
0.298982
0.274724
0.235996
0.183554
0.121283
0.055799
-0.004693
-0.052062
-0.080041
-0.085708
-0.070274
-0.038958
0.000040
0.037248
0.063884
0.073631
0.063797
0.035613
-0.006345
-0.055426
-0.104509
-0.147537
-0.180621
-0.202480
-0.214202
-0.218441
-0.218315
-0.216324
-0.213543
-0.209298
-0.201359
-0.186588
-0.161850
-0.124971
-0.075487
-0.015046
0.052629
0.122175
0.187323
0.241750
0.279919
0.297761
0.293135
0.266040
0.218563
0.154607
0.079404
-0.001093
-0.080886
-0.154553
-0.217716
-0.267272
-0.301375
-0.319204
-0.320633
-0.305924
-0.275561
-0.230287
-0.171339
-0.100790
-0.021901
0.060672
0.140927
0.211888
0.266330
0.297774
0.301627
0.276256
0.223734
0.150056
0.064640
-0.020876
-0.094397
-0.145373
-0.166620
-0.155565
-0.114603
-0.050485
0.027124
0.107574
0.181210
0.240943
0.283124
0.307586
0.316956
0.315487
0.307761
0.297581
0.287300
0.277681
0.268241
0.257902
0.245740
0.231568
0.216201
0.201333
0.189047
0.181126
0.178356
0.180028
0.183819
0.186112
0.182736
0.169962
0.145544
0.109543
0.064697
0.016222
-0.028979
-0.063554
-0.081120
-0.077581
-0.052031
-0.007079
0.051466
0.115457
0.175641
0.223021
0.250149
0.252182
0.227612
0.178597
0.110855
0.033088
-0.044085
-0.109612
-0.153773
-0.169944
-0.156009
-0.115082
-0.055247
0.011723
0.072511
0.114851
0.130019
0.114655
0.071492
0.008807
-0.061282
-0.125273
-0.170942
-0.189624
-0.177660
-0.136767
-0.073380
0.002811
0.080707
0.149646
0.200904
0.228666
0.230415
0.206826
0.161290
0.099198
0.027125
-0.048026
-0.119833
-0.183048
-0.234108
-0.271379
-0.295089
-0.306965
-0.309615
-0.305809
-0.297776
-0.286709
-0.272564
-0.254236
-0.230070
-0.198608
-0.159385
-0.113578
-0.064292
-0.016381
0.024224
0.051564
0.060839
0.049472
0.017778
-0.030907
-0.090677
-0.153961
-0.212676
-0.259390
-0.288293
-0.295863
-0.281192
-0.246009
-0.194444
-0.132581
-0.067796
-0.007903
0.039859
0.069891
0.079188
0.067963
0.039747
0.000877
-0.040607
-0.076446
-0.099728
-0.106165
-0.094788
-0.067897
-0.030282
0.012062
0.053392
0.089470
0.118297
0.140186
0.157184
0.172043
0.187063
0.203121
0.219163
0.232298
0.238464
0.233480
0.214213
0.179538
0.130834
0.071895
0.008250
-0.053917
-0.108984
-0.152946
-0.184064
-0.202985
-0.212338
-0.215946
-0.217884
-0.221582
-0.229176
-0.241192
-0.256569
-0.272961
-0.287205
-0.295850
-0.295673
-0.284118
-0.259656
-0.222028
-0.172382
-0.113246
-0.048334
0.017842
0.080496
0.135168
0.178262
0.207429
0.221703
0.221394
0.207792
0.182787
0.148522
0.107156
0.060758
0.011297
-0.039313
-0.089208
-0.136612
-0.179941
-0.217941
-0.249799
-0.275216
-0.294386
-0.307917
-0.316677
-0.321636
-0.323712
-0.323671
-0.322079
-0.319321
-0.315649
-0.311232
-0.306178
-0.300505
-0.294056
-0.286383
-0.276655
-0.263619
-0.245690
-0.221173
-0.188594
-0.147102
-0.096813
-0.039035
0.023724
0.087976
0.149660
0.204642
0.249193
0.280363
0.296176
0.295672
0.278839
0.246489
0.200162
0.142055
0.075008
0.002484
-0.071465
-0.142304
-0.205228
-0.255489
-0.288852
-0.302137
-0.293783
-0.264328
-0.216680
-0.156051
-0.089514
-0.025162
0.028983
0.066157
0.081880
0.074650
0.046145
0.000920
-0.054316
-0.111713
-0.163369
-0.202356
-0.223531
-0.224082
-0.203762
-0.164809
-0.111561
-0.049793
0.014167
0.074420
0.126434
0.167723
0.198131
0.219587
0.235375
0.249044
0.263220
0.278619
0.293547
0.304050
0.304773
0.290340
0.256966
0.203892
0.134234
0.054957
-0.024128
-0.092186
-0.139621
-0.160240
-0.152772
-0.121302
-0.074468
-0.023540
0.020157
0.047871
0.055432
0.044121
0.020171
-0.007000
-0.027373
-0.033074
-0.020577
0.008236
0.046421
0.083673
0.108936
0.113281
0.092304
0.047464
-0.013987
-0.080427
-0.138292
-0.174916
-0.181118
-0.152994
-0.092586
-0.007391
0.091093
0.189381
0.274171
0.334278
0.362096
0.354444
0.312799
0.242940
0.154101
0.057698
-0.034222
-0.110648
-0.163154
-0.187075
-0.182066
-0.151906
-0.103554
-0.045627
0.013358
0.066599
0.110103
0.143014
0.167142
0.185833
0.202520
0.219348
0.236249
0.250730
0.258419
0.254243
0.233920
0.195354
0.139548
0.070771
-0.004122
-0.077047
-0.140408
-0.188719
-0.219718
-0.234672
-0.237791
-0.234923
-0.231863
-0.232729
-0.238827
-0.248298
-0.256620
-0.257842
-0.246214
-0.217805
-0.171693
-0.110421
-0.039625
0.033090
0.099717
0.153485
0.190157
0.208718
0.211309
0.202475
0.187953
0.173296
0.162650
0.157930
0.158535
0.161609
0.162759
0.157052
0.140087
0.108940
0.062835
0.003442
-0.065221
-0.137242
-0.205555
-0.262862
-0.302624
-0.320025
-0.312769
-0.281604
-0.230449
-0.166062
-0.097229
-0.033556
0.015942
0.044241
0.047409
0.025223
-0.018825
-0.078098
-0.143841
-0.206447
-0.256763
-0.287256
-0.292922
-0.271901
-0.225762
-0.159429
-0.080724
0.000519
0.073750
0.129284
0.159957
0.162526
0.138465
0.093891
0.038514
-0.016254
-0.059674
-0.083995
-0.086176
-0.068546
-0.038205
-0.005280
0.019587
0.027889
0.015397
-0.016750
-0.062285
-0.111329
-0.152787
-0.177044
-0.178258
-0.155708
-0.113887
-0.061353
-0.008674
0.033986
0.059037
0.062867
0.046203
0.013422
-0.028933
-0.073955
-0.116028
-0.151889
-0.180897
-0.204494
-0.225098
-0.244790
-0.264182
-0.281820
-0.294257
-0.296813
-0.284777
-0.254753
-0.205759
-0.139811
-0.061794
0.021323
0.101746
0.172297
0.227656
0.265162
0.284990
0.289713
0.283399
0.270473
0.254634
0.238066
0.221121
0.202517
0.179997
0.151275
0.115032
0.071699
0.023836
-0.024021
-0.066023
-0.096043
-0.108861
-0.101234
-0.072640
-0.025545
0.034834
0.101206
0.165185
0.218412
0.253654
0.265734
0.252186
0.213560
0.153331
0.077425
-0.006565
-0.090367
-0.166054
-0.226940
-0.268207
-0.287211
-0.283474
-0.258440
-0.215105
-0.157608
-0.090832
-0.020017
0.049653
0.113488
0.167756
0.210071
0.239644
0.257258
0.264968
0.265511
0.261581
0.255094
0.246662
0.235408
0.219217
0.195393
0.161581
0.116760
0.062016
0.000878
-0.060919
-0.116266
-0.157930
-0.179947
-0.178832
-0.154294
-0.109299
-0.049452
0.018107
0.086043
0.148051
0.199705
0.238770
0.264966
0.279310
0.283278
0.278022
0.263901
0.240442
0.206762
0.162316
0.107767
0.045673
-0.019239
-0.080390
-0.130249
-0.161651
-0.169241
-0.150680
-0.107297
-0.044014
0.031459
0.109959
0.182454
0.241495
0.282273
0.303096
0.305270
0.292474
0.269825
0.242842
0.216496
0.194512
0.178970
0.170261
0.167329
0.168150
0.170318
0.171650
0.170686
0.167005
0.161297
0.155180
0.150795
0.150264
0.155113
0.165800
0.181461
0.199954
0.218223
0.232921
0.241164
0.241246
0.233123
0.218533
0.200671
0.183469
0.170618
0.164554
0.165663
0.171927
0.179148
0.181765
0.174111
0.151876
0.113401
0.060508
-0.001422
-0.064192
-0.118243
-0.154543
-0.166469
-0.151243
-0.110581
-0.050389
0.020411
0.091645
0.153811
0.199756
0.225741
0.231756
0.221099
0.199402
0.173359
0.149452
0.132864
0.126735
0.131797
0.146379
0.166740
0.187658
0.203229
0.207794
0.196911
0.168230
0.122137
0.062001
-0.006086
-0.074112
-0.133392
-0.176057
-0.196479
-0.192311
-0.164903
-0.118963
-0.061557
-0.000660
0.056371
0.104067
0.139571
0.162696
0.175357
0.180581
0.181382
0.179787
0.176267
0.169678
0.157702
0.137643
0.107361
0.066081
0.014883
-0.043251
-0.103832
-0.161581
-0.211283
-0.248568
-0.270463
-0.275635
-0.264352
-0.238230
-0.199894
-0.152629
-0.100067
-0.045923
0.006252
0.053315
0.092772
0.122981
0.143293
0.154077
0.156639
0.153026
0.145755
0.137500
0.130756
0.127518
0.128991
0.135364
0.145680
0.157856
0.168872
0.175172
0.173241
0.160284
0.134911
0.097659
0.051216
0.000257
-0.049147
-0.090459
-0.117773
-0.126868
-0.115997
-0.086251
-0.041432
0.012500
0.068315
0.118517
0.156346
0.176605
0.176268
0.154791
0.114149
0.058557
-0.006072
-0.072928
-0.135246
-0.187272
-0.225090
-0.247132
-0.254274
-0.249483
-0.237088
-0.221820
-0.207834
-0.197897
-0.192900
-0.191762
-0.191749
-0.189096
-0.179834
-0.160656
-0.129671
-0.086927
-0.034623
0.023024
0.080223
0.130334
0.166766
0.183974
0.178428
0.149403
0.099454
0.034407
-0.037225
-0.105420
-0.160265
-0.193768
-0.201465
-0.183445
-0.144491
-0.093197
-0.040219
0.004002
0.031515
0.038583
0.026411
0.000680
-0.030019
-0.056474
-0.071282
-0.070798
-0.056080
-0.032579
-0.008625
0.006887
0.007036
-0.011073
-0.045266
-0.088594
-0.130893
-0.161236
-0.170653
-0.154418
-0.113348
-0.053774
0.013774
0.076825
0.123604
0.145423
0.138290
0.103449
0.046814
-0.022456
-0.093849
-0.157397
-0.205222
-0.232474
-0.237614
-0.222126
-0.189826
-0.145953
-0.096243
-0.046080
0.000171
0.039599
0.070935
0.094466
0.111709
0.124891
0.136354
0.147988
0.160830
0.174903
0.189322
0.202634
0.213261
0.219935
0.221977
0.219353
0.212481
0.201870
0.187708
0.169558
0.146270
0.116206
0.077732
0.029888
-0.026920
-0.090398
-0.156191
-0.218142
-0.269031
-0.301710
-0.310453
-0.292273
-0.247904
-0.182192
-0.103712
-0.023598
0.046248
0.095233
0.116003
0.105809
0.066975
0.006383
-0.065922
-0.138673
-0.201447
-0.246416
-0.269466
-0.270541
-0.253233
-0.223816
-0.189953
-0.159353
-0.138561
-0.132030
-0.141524
-0.165909
-0.201302
-0.241611
-0.279405
-0.307063
-0.318075
-0.308291
-0.276884
-0.226805
-0.164548
-0.099197
-0.040854
0.001256
0.020637
0.014895
-0.013671
-0.058433
-0.109676
-0.156461
-0.188682
-0.198872
-0.183407
-0.142893
-0.081752
-0.007183
0.072189
0.147679
0.211644
0.258207
0.283560
0.285953
0.265485
0.223833
0.164005
0.090154
0.007438
-0.078135
-0.159939
-0.231096
-0.285031
-0.316172
-0.320763
-0.297635
-0.248767
-0.179445
-0.097896
-0.014322
0.060526
0.117034
0.148317
0.151375
0.127543
0.082109
0.023189
-0.039903
-0.098426
-0.145726
-0.178206
-0.195575
-0.200400
-0.197104
-0.190686
-0.185451
-0.184005
-0.186703
-0.191624
-0.195038
-0.192260
-0.178703
-0.150940
-0.107587
-0.049846
0.018363
0.090733
0.159308
0.215566
0.251687
0.261852
0.243358
0.197343
0.128942
0.046757
-0.038315
-0.114760
-0.172313
-0.203646
-0.205519
-0.179129
-0.129579
-0.064610
0.007092
0.077608
0.141103
0.194460
0.237140
0.270358
0.295874
0.314774
0.326609
0.329182
0.319064
0.292741
0.248078
0.185700
0.109826
0.028249
-0.048674
-0.109890
-0.145971
-0.151334
-0.125786
-0.074936
-0.009277
0.057885
0.113237
0.146318
0.151760
0.130380
0.088857
0.038095
-0.009318
-0.041934
-0.051893
-0.036452
0.001707
0.055356
0.114531
0.168763
0.209237
0.230416
0.230873
0.213242
0.183428
0.149298
0.119136
0.100135
0.097138
0.111792
0.142187
0.183062
0.226543
0.263367
0.284458
0.282621
0.254080
0.199527
0.124414
0.038304
-0.046686
-0.118125
-0.165752
-0.183669
-0.171699
-0.135539
-0.085582
-0.034634
0.004982
0.024255
0.019562
-0.006539
-0.046005
-0.087335
-0.118448
-0.129684
-0.116210
-0.079234
-0.025764
0.033002
0.084232
0.116302
0.121280
0.096478
0.044819
-0.025977
-0.105065
-0.180586
-0.241716
-0.280290
-0.291797
-0.275706
-0.235226
-0.176657
-0.108463
-0.040182
0.018767
0.060305
0.078830
0.072126
0.041842
-0.006610
-0.064818
-0.122700
-0.170201
-0.199014
-0.203966
-0.183790
-0.141131
-0.081846
-0.013779
0.054652
0.115758
0.163521
0.194067
0.205690
0.198558
0.174266
0.135387
0.085131
0.027101
-0.034853
-0.096780
-0.154809
-0.205404
-0.245680
-0.273732
-0.288913
-0.291990
-0.285099
-0.271495
-0.255074
-0.239760
-0.228842
-0.224405
-0.226970
-0.235452
-0.247436
-0.259745
-0.269173
-0.273213
-0.270624
-0.261695
-0.248148
-0.232687
-0.218313
-0.207534
-0.201684
-0.200488
-0.202007
-0.202975
-0.199495
-0.187944
-0.165901
-0.132897
-0.090794
-0.043700
0.002609
0.041647
0.067356
0.075200
0.062976
0.031193
-0.017036
-0.076519
-0.140790
-0.202994
-0.256714
-0.296599
-0.318759
-0.320945
-0.302560
-0.264553
-0.209272
-0.140274
-0.062137
0.019767
0.099533
0.171064
0.228510
0.266810
0.282327
0.273485
0.241286
0.189562
0.124826
0.055640
-0.008455
-0.058309
-0.086573
-0.088885
-0.064578
-0.016764
0.048188
0.121670
0.194130
0.256388
0.300794
0.322090
0.317929
0.289053
0.239169
0.174516
0.103170
0.034094
-0.023989
-0.063768
-0.080392
-0.072201
-0.040972
0.008369
0.068528
0.130966
0.187138
0.229637
0.253077
0.254634
0.234249
0.194547
0.140517
0.078989
0.017907
-0.034603
-0.071336
-0.087146
-0.079963
-0.051424
-0.006922
0.045029
0.094091
0.129823
0.143526
0.129809
0.087585
0.020289
-0.064665
-0.157068
-0.245451
-0.318717
-0.367612
-0.385874
-0.370973
-0.324417
-0.251616
-0.161297
-0.064515
0.026707
0.100962
0.149057
0.165357
0.148615
0.102104
0.032983
-0.048969
-0.133017
-0.209179
-0.269662
-0.309787
-0.328283
-0.326990
-0.310125
-0.283303
-0.252518
-0.223264
-0.199878
-0.185170
-0.180319
-0.185000
-0.197684
-0.216032
-0.237328
-0.258881
-0.278348
-0.293958
-0.304625
-0.309946
-0.310128
-0.305832
-0.297986
-0.287554
-0.275311
-0.261635
-0.246350
-0.228678
-0.207320
-0.180678
-0.147209
-0.105859
-0.056484
-0.000192
0.060496
0.121698
0.178480
0.225391
0.257179
0.269605
0.260241
0.229089
0.178916
0.115152
0.045337
-0.021843
-0.077799
-0.115316
-0.129634
-0.119125
-0.085437
-0.033111
0.031209
0.099796
0.164874
0.219503
0.258203
0.277304
0.275064
0.251615
0.208809
0.150015
0.079880
0.004049
-0.071171
-0.139227
-0.193817
-0.229483
-0.242271
-0.230390
-0.194768
-0.139360
-0.071036
0.001066
0.066744
0.116380
0.142739
0.142549
0.117430
0.073861
0.022074
-0.026004
-0.059312
-0.070179
-0.056176
-0.020807
0.027159
0.075619
0.111890
0.125640
0.111303
0.069418
0.006587
-0.065901
-0.134420
-0.185777
-0.209760
-0.200961
-0.159539
-0.090893
-0.004445
0.088136
0.174839
0.245024
0.290673
0.307110
0.293182
0.250997
0.185340
0.102891
0.011364
-0.081342
-0.167867
-0.241940
-0.298715
-0.334893
-0.348694
-0.339742
-0.308937
-0.258362
-0.191211
-0.111708
-0.024969
0.063243
0.146865
0.219970
0.277234
0.314396
0.328649
0.318943
0.286160
0.233125
0.164419
0.085972
0.004450
-0.073491
-0.141961
-0.196461
-0.234254
-0.254404
-0.257527
-0.245325
-0.220088
-0.184266
-0.140235
-0.090240
-0.036490
0.018718
0.072917
0.123516
0.167956
0.203980
0.229913
0.244915
0.249119
0.243640
0.230438
0.212064
0.191333
0.170989
0.153414
0.140422
0.133158
0.132085
0.137052
0.147394
0.162044
0.179651
0.198695
0.217608
0.234914
0.249368
0.260095
0.266694
0.269267
0.268376
0.264890
0.259758
0.253736
0.247109
0.239500
0.229795
0.216254
0.196794
0.169428
0.132778
0.086542
0.031826
-0.028767
-0.091302
-0.150938
-0.202500
-0.241130
-0.262891
-0.265265
-0.247503
-0.210794
-0.158244
-0.094628
-0.025917
0.041427
0.101309
0.148888
0.181318
0.198170
0.201396
0.194815
0.183210
0.171223
0.162300
0.157924
0.157311
0.157636
0.154728
0.144070
0.121881
0.086024
0.036553
-0.024191
-0.091944
-0.161213
-0.226116
-0.281184
-0.321966
-0.345373
-0.349766
-0.334874
-0.301635
-0.252044
-0.189055
-0.116527
-0.039175
0.037537
0.107628
0.164994
0.203990
0.220165
0.211079
0.177049
0.121632
0.051664
-0.023323
-0.092322
-0.144595
-0.171644
-0.168983
-0.137285
-0.082540
-0.015095
0.052289
0.106984
0.139074
0.143386
0.120489
0.076440
0.021346
-0.032903
-0.075181
-0.097371
-0.095815
-0.071696
-0.030341
0.020298
0.071571
0.115983
0.148564
0.167501
0.173973
0.171330
0.163881
0.155614
0.149155
0.145170
0.142317
0.137691
0.127652
0.108804
0.078919
0.037619
-0.013315
-0.070047
-0.127164
-0.178437
-0.217748
-0.240051
-0.242244
-0.223834
-0.187265
-0.137834
-0.083099
-0.031818
0.007486
0.028095
0.026492
0.003263
-0.036772
-0.085279
-0.131916
-0.166296
-0.180005
-0.168232
-0.130639
-0.071328
0.002046
0.079753
0.151716
0.209092
0.245461
0.257483
0.245021
0.210872
0.160216
0.099910
0.037682
-0.018752
-0.062624
-0.089042
-0.095787
-0.083799
-0.057196
-0.022728
0.011313
0.036546
0.046042
0.035616
0.004577
-0.044215
-0.105003
-0.170316
-0.232387
-0.284499
-0.321976
-0.342667
-0.346892
-0.336969
-0.316473
-0.289467
-0.259833
-0.230843
-0.204971
-0.183933
-0.168836
-0.160364
-0.158879
-0.164414
-0.176556
-0.194276
-0.215808
-0.238678
-0.259942
-0.276629
-0.286335
-0.287810
-0.281380
-0.269062
-0.254267
-0.241115
-0.233481
-0.233977
-0.243122
-0.258937
-0.277100
-0.291711
-0.296511
-0.286338
-0.258463
-0.213493
-0.155580
-0.091839
-0.031043
0.018123
0.048884
0.057836
0.045708
0.017222
-0.019901
-0.056573
-0.084199
-0.096351
-0.089868
-0.065159
-0.025720
0.022984
0.074918
0.124785
0.168945
0.205729
0.235146
0.258137
0.275639
0.287772
0.293415
0.290333
0.275838
0.247823
0.205878
0.152138
0.091562
0.031469
-0.019651
-0.053824
-0.065397
-0.052502
-0.017794
0.031774
0.086121
0.133934
0.164842
0.171408
0.150506
0.103815
0.037394
-0.039519
-0.116181
-0.182129
-0.228758
-0.250468
-0.245260
-0.214772
-0.163826
-0.099559
-0.030296
0.035740
0.091675
0.133027
0.158343
0.169281
0.170088
0.166528
0.164461
0.168384
0.180258
0.198906
0.220167
0.237769
0.244766
0.235184
0.205503
0.155599
0.088907
0.011756
-0.067963
-0.142474
-0.205697
-0.254346
-0.288264
-0.309918
-0.323225
-0.332037
-0.338713
-0.343202
-0.342902
-0.333388
-0.309826
-0.268746
-0.209657
-0.136049
-0.055419
0.021806
0.084267
0.122167
0.129663
0.106519
0.058561
-0.003267
-0.065073
-0.112945
-0.135948
-0.128487
-0.091486
-0.032125
0.037769
0.104258
0.154147
0.177519
0.169422
0.130437
0.066131
-0.014353
-0.100151
-0.180566
-0.246593
-0.291901
-0.313200
-0.310089
-0.284556
-0.240308
-0.182106
-0.115192
-0.044879
0.023719
0.085848
0.137232
0.174222
0.194027
0.195065
0.177365
0.142952
0.096031
0.042835
-0.008979
-0.051377
-0.077303
-0.082077
-0.064516
-0.027453
0.022496
0.075971
0.122493
0.152362
0.158419
0.137323
0.090087
0.021838
-0.059119
-0.142676
-0.218478
-0.277365
-0.312516
-0.320176
-0.299921
-0.254490
-0.189240
-0.111327
-0.028709
0.050867
0.120762
0.176086
0.214000
0.233663
0.235893
0.222678
0.196662
0.160747
0.117858
0.070846
0.022470
-0.024640
-0.068084
-0.105889
-0.136748
-0.160234
-0.176910
-0.188287
-0.196620
-0.204553
-0.214669
-0.229019
-0.248673
-0.273378
-0.301384
-0.329472
-0.353259
-0.367747
-0.368108
-0.350585
-0.313356
-0.257160
-0.185511
-0.104375
-0.021298
0.055861
0.120364
0.167852
0.197116
0.210193
0.211723
0.207736
0.204134
0.205250
0.212828
0.225641
0.239841
0.249934
0.250123
0.235709
0.204200
0.155906
0.093880
0.023271
-0.049739
-0.119127
-0.180071
-0.229611
-0.266817
-0.292482
-0.308495
-0.317085
-0.320167
-0.318949
-0.313884
-0.304934
-0.292028
-0.275542
-0.256615
-0.237178
-0.219647
-0.206336
-0.198745
-0.196923
-0.199123
-0.201886
-0.200613
-0.190539
-0.167922
-0.131154
-0.081521
-0.023361
0.036464
0.089731
0.128416
0.146295
0.140213
0.110700
0.061796
0.000120
-0.066569
-0.130950
-0.187480
-0.233169
-0.267648
-0.292563
-0.310500
-0.323771
-0.333402
-0.338620
-0.336987
-0.325153
-0.300037
-0.260113
-0.206422
-0.142991
-0.076476
-0.015044
0.033280
0.062407
0.069670
0.056602
0.028779
-0.005273
-0.035856
-0.054142
-0.053996
-0.033152
0.006505
0.059582
0.118523
0.175316
0.223126
0.257516
0.277011
0.282982
0.278947
0.269532
0.259360
0.252100
0.249877
0.253076
0.260553
0.270132
0.279245
0.285568
0.287513
0.284481
0.276854
0.265719
0.252438
0.238131
0.223238
0.207253
0.188728
0.165560
0.135528
0.096970
0.049463
-0.005665
-0.065110
-0.123749
-0.175203
-0.212760
-0.230536
-0.224700
-0.194540
-0.143104
-0.077226
-0.006774
0.056833
0.102656
0.122437
0.112481
0.074747
0.016803
-0.049467
-0.110184
-0.152362
-0.166708
-0.149686
-0.104354
-0.039761
0.030932
0.093179
0.133978
0.144363
0.120940
0.066230
-0.012134
-0.103062
-0.194082
-0.273365
-0.331364
-0.361867
-0.362439
-0.334342
-0.282078
-0.212683
-0.134875
-0.058096
0.008491
0.056998
0.081704
0.079733
0.051402
0.000184
-0.067711
-0.144086
-0.219696
-0.285292
-0.332624
-0.355354
-0.349803
-0.315480
-0.255312
-0.175507
-0.084965
0.005746
0.085782
0.145577
0.178282
0.180811
0.154243
0.103493
0.036308
-0.038199
-0.111150
-0.175306
-0.225988
-0.261381
-0.282209
-0.290930
-0.290687
-0.284286
-0.273445
-0.258495
-0.238562
-0.212188
-0.178186
-0.136496
-0.088796
-0.038655
0.008830
0.047870
0.073083
0.080608
0.068941
0.039312
-0.004490
-0.056763
-0.110848
-0.160164
-0.199108
-0.223685
-0.231790
-0.223198
-0.199308
-0.162741
-0.116885
-0.065424
-0.011913
0.040581
0.089717
0.133984
0.172639
0.205512
0.232714
0.254334
0.270225
0.279933
0.282836
0.278449
0.266831
0.248978
0.227039
0.204274
0.184651
0.172145
0.169836
0.179015
0.198544
0.224663
0.251402
0.271584
0.278266
0.266339
0.233920
0.183163
0.120242
0.054391
-0.003830
-0.044736
-0.061670
-0.052616
-0.020857
0.025517
0.075159
0.115749
0.136484
0.130239
0.094932
0.033855
-0.045028
-0.130595
-0.210521
-0.273272
-0.309825
-0.314884
-0.287514
-0.231210
-0.153430
-0.064671
0.022866
0.096926
0.147016
0.166122
0.152042
0.107992
0.042268
-0.033099
-0.104501
-0.159353
-0.188551
-0.188274
-0.160686
-0.113364
-0.057595
-0.005935
0.030408
0.043746
0.031190
-0.005196
-0.059313
-0.122697
-0.186482
-0.243161
-0.287760
-0.318246
-0.335184
-0.340873
-0.338277
-0.330082
-0.318126
-0.303310
-0.285944
-0.266341
-0.245416
-0.225037
-0.207962
-0.197322
-0.195747
-0.204389
-0.222115
-0.245181
-0.267550
-0.281893
-0.281117
-0.260081
-0.217091
-0.154771
-0.080004
-0.002861
0.065306
0.114221
0.136957
0.131542
0.101504
0.055156
0.003765
-0.040990
-0.069655
-0.077101
-0.063574
-0.034428
0.001376
0.033622
0.053458
0.055601
0.039590
0.009766
-0.025988
-0.058410
-0.079341
-0.083882
-0.071643
-0.046761
-0.016697
0.009870
0.025475
0.025967
0.011705
-0.012488
-0.038611
-0.057670
-0.062184
-0.048340
-0.017199
0.025378
0.070077
0.106433
0.125468
0.122011
0.096095
0.053098
0.002582
-0.043832
-0.075056
-0.082932
-0.063914
-0.019676
0.043426
0.115824
0.186761
0.246386
0.287491
0.306581
0.304159
0.284261
0.253413
0.219260
0.189126
0.168741
0.161346
0.167268
0.184055
0.207103
0.230689
0.249215
0.258432
0.256405
0.243983
0.224669
0.203839
0.187476
0.180640
0.186036
0.203023
0.227362
0.251835
0.267685
0.266606
0.242863
0.195020
0.126819
0.046907
-0.032642
-0.098751
-0.140188
-0.150195
-0.128217
-0.080278
-0.017843
0.044619
0.092816
0.115822
0.108502
0.072623
0.016392
-0.047433
-0.104373
-0.141338
-0.149283
-0.124891
-0.070980
0.004325
0.089337
0.171029
0.237241
0.278495
0.289198
0.268173
0.218570
0.147282
0.063950
-0.020322
-0.094481
-0.149114
-0.177931
-0.178887
-0.154665
-0.112334
-0.062121
-0.015468
0.017290
0.029103
0.017741
-0.013709
-0.057562
-0.103322
-0.140148
-0.159402
-0.156666
-0.132743
-0.093401
-0.047940
-0.006978
0.020013
0.026778
0.011496
-0.023103
-0.070689
-0.123028
-0.171945
-0.211069
-0.236949
-0.249354
-0.250792
-0.245478
-0.238068
-0.232517
-0.231303
-0.235126
-0.243067
-0.253061
-0.262496
-0.268767
-0.269664
-0.263557
-0.249424
-0.226793
-0.195682
-0.156593
-0.110570
-0.059288
-0.005114
0.048905
0.099169
0.141784
0.172947
0.189413
0.189030
0.171234
0.137440
0.091192
0.037976
-0.015360
-0.061568
-0.094192
-0.108785
-0.103868
-0.081379
-0.046455
-0.006558
0.029914
0.055210
0.063666
0.052674
0.022981
-0.021718
-0.075746
-0.132711
-0.186745
-0.233424
-0.270198
-0.296276
-0.312088
-0.318520
-0.316179
-0.304947
-0.283944
-0.251950
-0.208162
-0.153058
-0.089095
-0.020952
0.044811
0.100708
0.139689
0.156599
0.149355
0.119502
0.071980
0.014119
-0.045884
-0.100646
-0.145015
-0.176877
-0.197197
-0.209302
-0.217643
-0.226358
-0.238011
-0.252811
-0.268470
-0.280727
-0.284366
-0.274484
-0.247695
-0.203013
-0.142216
-0.069651
0.008463
0.085051
0.153312
0.207745
0.244899
0.263764
0.265753
0.254338
0.234398
0.211389
0.190482
0.175777
0.169737
0.172927
0.184101
0.200635
0.219199
0.236546
0.250238
0.259155
0.263650
0.265328
0.266482
0.269310
0.275106
0.283634
0.292855
0.299121
0.297828
0.284416
0.255499
0.209851
0.148996
0.077207
0.000880
-0.072607
-0.136298
-0.184995
-0.216198
-0.230416
-0.230801
-0.222186
-0.209804
-0.197990
-0.189198
-0.183533
-0.178902
-0.171703
-0.157877
-0.134052
-0.098505
-0.051742
0.003427
0.062304
0.119075
0.167762
0.203124
0.221372
0.220581
0.200808
0.163956
0.113451
0.053795
-0.009971
-0.072858
-0.130534
-0.179864
-0.219294
-0.248971
-0.270528
-0.286534
-0.299710
-0.312064
-0.324167
-0.334779
-0.340961
-0.338708
-0.323994
-0.294022
-0.248361
-0.189650
-0.123641
-0.058456
-0.003158
0.034091
0.047869
0.036884
0.004545
-0.041470
-0.090583
-0.131335
-0.153596
-0.150478
-0.119555
-0.063164
0.012194
0.097150
0.181119
0.253956
0.307336
0.335690
0.336660
0.311128
0.262901
0.198157
0.124693
0.051027
-0.014578
-0.065098
-0.095601
-0.103842
-0.090468
-0.058795
-0.014191
0.036810
0.087480
0.131761
0.164897
0.183762
0.186902
0.174397
0.147609
0.108925
0.061511
0.009085
-0.044336
-0.094734
-0.138438
-0.172520
-0.195164
-0.205961
-0.206063
-0.198148
-0.186141
-0.174712
-0.168546
-0.171486
-0.185666
-0.210812
-0.243897
-0.279298
-0.309550
-0.326636
-0.323624
-0.296339
-0.244678
-0.173217
-0.090836
-0.009358
0.058629
0.102311
0.114995
0.095695
0.049540
-0.013163
-0.079017
-0.134339
-0.168021
-0.173798
-0.151414
-0.106432
-0.048806
0.009431
0.056753
0.084425
0.087959
0.067501
0.027162
-0.026430
-0.085905
-0.144786
-0.198567
-0.245038
-0.283861
-0.315619
-0.340692
-0.358353
-0.366392
-0.361438
-0.339916
-0.299399
-0.239946
-0.165020
-0.081594
0.000678
0.071155
0.120407
0.142398
0.136064
0.105839
0.060909
0.013294
-0.024809
-0.043815
-0.038964
-0.011418
0.032033
0.080622
0.122179
0.146020
0.145455
0.119309
0.072150
0.013187
-0.045823
-0.093151
-0.119520
-0.119852
-0.093991
-0.046334
0.015442
0.082184
0.145141
0.197489
0.235230
0.257338
0.265241
0.261855
0.250460
0.233730
0.213144
0.188907
0.160351
0.126698
0.087921
0.045442
0.002453
-0.036286
-0.065157
-0.078735
-0.072967
-0.046176
0.000317
0.062099
0.132107
0.201532
0.261009
0.301937
0.317739
0.304903
0.263678
0.198279
0.116533
0.028942
-0.052789
-0.117541
-0.156602
-0.165168
-0.143170
-0.095226
-0.029688
0.043038
0.112508
0.170169
0.210750
0.232864
0.238730
0.233170
0.222192
0.211514
0.205389
0.205925
0.212989
0.224592
0.237582
0.248408
0.253781
0.251100
0.238635
0.215511
0.181609
0.137452
0.084155
0.023445
-0.042291
-0.109977
-0.175892
-0.235832
-0.285383
-0.320299
-0.336959
-0.332849
-0.306997
-0.260311
-0.195697
-0.117940
-0.033296
0.051150
0.128263
0.191640
0.236282
0.259041
0.258833
0.236629
0.195268
0.139140
0.073767
0.005258
-0.060329
-0.117704
-0.163048
-0.194555
-0.212679
-0.219981
-0.220535
-0.219006
-0.219573
-0.224932
-0.235628
-0.249864
-0.263858
-0.272661
-0.271265
-0.255750
-0.224218
-0.177311
-0.118206
-0.052104
0.014663
0.075713
0.125661
0.160932
0.180231
0.184627
0.177269
0.162816
0.146684
0.134188
0.129690
0.135848
0.153066
0.179260
0.210021
0.239218
0.260005
0.266109
0.253166
0.219835
0.168418
0.104759
0.037376
-0.024072
-0.070693
-0.096246
-0.098540
-0.080008
-0.047280
-0.009814
0.022106
0.039545
0.036774
0.012360
-0.030712
-0.085877
-0.144541
-0.197942
-0.238883
-0.262965
-0.269131
-0.259481
-0.238516
-0.212047
-0.186025
-0.165518
-0.153970
-0.152805
-0.161362
-0.177109
-0.196092
-0.213547
-0.224631
-0.225195
-0.212532
-0.185974
-0.147229
-0.100351
-0.051295
-0.007072
0.025356
0.040254
0.034125
0.006351
-0.040662
-0.101843
-0.170216
-0.237890
-0.297082
-0.341025
-0.364658
-0.365088
-0.341833
-0.296864
-0.234470
-0.160912
-0.083851
-0.011567
0.047983
0.088152
0.104477
0.095298
0.061994
0.008818
-0.057657
-0.129365
-0.197720
-0.254606
-0.293259
-0.308967
-0.299519
-0.265371
-0.209504
-0.137000
-0.054373
0.031240
0.112902
0.184588
0.241667
0.281116
0.301485
0.302691
0.285743
0.252494
0.205463
0.147743
0.082949
0.015150
-0.051246
-0.111701
-0.161834
-0.197797
-0.216700
-0.217053
-0.199159
-0.165377
-0.120129
-0.069570
-0.020866
0.018874
0.043845
0.050735
0.039550
0.013828
-0.019895
-0.053303
-0.077984
-0.087195
-0.077290
-0.048464
-0.004638
0.047493
0.099988
0.145395
0.178278
0.196193
0.199943
0.193123
0.181123
0.169871
0.164591
0.168825
0.183857
0.208574
0.239716
0.272426
0.300983
0.319626
0.323359
0.308692
0.274194
0.220812
0.151850
0.072590
-0.010440
-0.090445
-0.161414
-0.219027
-0.261214
-0.288228
-0.302206
-0.306341
-0.303841
-0.296978
-0.286453
-0.271269
-0.249159
-0.217501
-0.174469
-0.120158
-0.057313
0.008554
0.069791
0.117910
0.145273
0.146790
0.121189
0.071506
0.004649
-0.069882
-0.141836
-0.202157
-0.244606
-0.266705
-0.269844
-0.258614
-0.239576
-0.219808
-0.205541
-0.201135
-0.208524
-0.227139
-0.254222
-0.285407
-0.315434
-0.338893
-0.350937
-0.347903
-0.327801
-0.290626
-0.238424
-0.175069
-0.105754
-0.036234
0.028051
0.082809
0.125509
0.155653
0.174641
0.185278
0.191059
0.195394
0.200945
0.209215
0.220438
0.233748
0.247564
0.260067
0.269661
0.275324
0.276797
0.274610
0.269944
