-0.009268
-0.002072
0.005098
0.011993
0.017384
0.018942
0.013510
-0.002271
-0.031143
-0.074404
-0.131331
-0.198981
-0.272482
-0.345737
-0.412403
-0.466922
-0.505396
-0.526136
-0.529818
-0.519283
-0.499042
-0.474612
-0.451760
-0.435729
-0.430486
-0.438046
-0.457930
-0.486874
-0.518901
-0.545874
-0.558547
-0.548056
-0.507621
-0.434131
-0.329224
-0.199525
-0.055869
0.088450
0.220061
0.328029
0.405914
0.452859
0.473445
0.476318
0.471889
0.469637
0.475638
0.490911
0.511013
0.527033
0.527835
0.503089
0.446379
0.357629
0.244137
0.119806
0.002596
-0.089329
-0.141874
-0.148614
-0.112742
-0.046754
0.030148
0.096336
0.132655
0.126683
0.075282
-0.015140
-0.130644
-0.253383
-0.365854
-0.454663
-0.512940
-0.540950
-0.544928
-0.534596
-0.520075
-0.509020
-0.504632
-0.504996
-0.503817
-0.492307
-0.461693
-0.405702
-0.322366
-0.214717
-0.090203
0.040980
0.168142
0.282285
0.377627
0.452034
0.506317
0.542688
0.562905
0.566771
0.551504
0.512280
0.443841
0.342794
0.209918
0.051785
-0.118879
-0.284390
-0.424742
-0.521208
-0.560144
-0.536155
-0.453836
-0.327591
-0.179415
-0.034952
0.081430
0.151531
0.167088
0.131490
0.058972
-0.028603
-0.106655
-0.153311
-0.154062
-0.104550
-0.010928
0.112164
0.245341
0.368933
0.467045
0.530341
0.557078
0.552373
0.526125
0.490232
0.455811
0.431025
0.419880
0.422109
0.433996
0.449861
0.463786
0.471206
0.470038
0.461136
0.448002
0.435832
0.430084
0.434875
0.451548
0.477758
0.507336
0.531079
0.538411
0.519650
0.468432
0.383757
0.271089
0.142137
0.013216
-0.097569
-0.173730
-0.203612
-0.182655
-0.114157
-0.008391
0.119645
0.253223
0.376849
0.478501
0.550735
0.590598
0.598646
0.577563
0.530886
0.462200
0.374928
0.272563
0.159083
0.039217
-0.081627
-0.197792
-0.304001
-0.395936
-0.470547
-0.525995
-0.561289
-0.575805
-0.568925
-0.539981
-0.488557
-0.415036
-0.321189
-0.210532
-0.088277
0.039176
0.165057
0.283085
0.388068
0.476034
0.543885
0.588794
0.607701
0.597287
0.554659
0.478687
0.371663
0.240693
0.098215
-0.038814
-0.151189
-0.220846
-0.234667
-0.187774
-0.085439
0.057003
0.216372
0.365634
0.478881
0.536283
0.527974
0.456043
0.334189
0.185051
0.035707
-0.087770
-0.165573
-0.188109
-0.157757
-0.088005
-0.000187
0.081388
0.134744
0.144709
0.105548
0.021304
-0.096010
-0.229667
-0.361962
-0.477454
-0.565035
-0.618594
-0.636466
-0.620169
-0.573034
-0.499187
-0.403109
-0.289721
-0.164690
-0.034625
0.093110
0.211043
0.312560
0.392918
0.449986
0.484482
0.499635
0.500357
0.492162
0.480091
0.467907
0.457732
0.450147
0.444687
0.440540
0.437234
0.435069
0.435187
0.439193
0.448445
0.463175
0.481699
0.499979
0.511734
0.509175
0.484301
0.430531
0.344334
0.226516
0.082835
-0.076201
-0.236372
-0.381440
-0.495234
-0.563820
-0.577462
-0.532129
-0.430373
-0.281444
-0.100583
0.092501
0.275824
0.427809
0.530122
0.570321
0.543920
0.455528
0.318745
0.154682
-0.010863
-0.151247
-0.243277
-0.271208
-0.229671
-0.124887
0.026136
0.198351
0.362893
0.492012
0.563839
0.566142
0.498419
0.371996
0.208105
0.034278
-0.120344
-0.229966
-0.276496
-0.252520
-0.162380
-0.021207
0.147825
0.317444
0.460647
0.554754
0.584544
0.544125
0.437398
0.277194
0.083303
-0.120309
-0.308727
-0.459372
-0.554947
-0.585717
-0.550816
-0.458382
-0.324437
-0.170576
-0.020724
0.102566
0.181643
0.206449
0.175794
0.096940
-0.016393
-0.147128
-0.278241
-0.395691
-0.490180
-0.557468
-0.597345
-0.611776
-0.602907
-0.571628
-0.517160
-0.437755
-0.332281
-0.202114
-0.052713
0.105713
0.258769
0.389690
0.482081
0.523056
0.506088
0.432943
0.314184
0.168031
0.017638
-0.112733
-0.201946
-0.235747
-0.209240
-0.127546
-0.004514
0.140198
0.285004
0.410361
0.502027
0.553024
0.564049
0.542460
0.500209
0.451217
0.408727
0.383031
0.379862
0.399604
0.437347
0.483764
0.526708
0.553341
0.552553
0.517287
0.446338
0.345196
0.225563
0.103471
-0.003802
-0.081416
-0.120407
-0.119949
-0.087713
-0.038050
0.011682
0.045720
0.054189
0.035810
-0.001827
-0.044622
-0.076317
-0.083639
-0.060706
-0.011389
0.051096
0.107332
0.136722
0.123066
0.059207
-0.050462
-0.190237
-0.336045
-0.460369
-0.538064
-0.551795
-0.495958
-0.378272
-0.218699
-0.045865
0.108339
0.214925
0.253498
0.216323
0.109914
-0.046188
-0.223200
-0.388674
-0.512751
-0.573834
-0.562578
-0.483431
-0.353424
-0.198478
-0.047940
0.071537
0.141489
0.155317
0.119275
0.050514
-0.027434
-0.090638
-0.120779
-0.109672
-0.061199
0.009825
0.081494
0.130347
0.137194
0.091821
-0.004469
-0.138934
-0.289894
-0.430973
-0.536102
-0.584286
-0.563296
-0.471747
-0.319317
-0.125184
0.084988
0.283022
0.442545
0.543005
0.572824
0.531217
0.428369
0.283859
0.123487
-0.025120
-0.137412
-0.196475
-0.196316
-0.143093
-0.053919
0.046638
0.131670
0.177593
0.169094
0.102306
-0.014468
-0.162541
-0.316666
-0.449982
-0.539040
-0.567922
-0.530734
-0.432146
-0.285994
-0.112360
0.066265
0.228957
0.359735
0.449761
0.498033
0.510571
0.498380
0.474663
0.451889
0.439248
0.440946
0.455597
0.476755
0.494451
0.497395
0.475431
0.421746
0.334416
0.216975
0.077907
-0.070811
-0.215789
-0.344456
-0.447003
-0.517671
-0.555230
-0.562693
-0.546441
-0.515020
-0.477839
-0.443945
-0.420945
-0.414095
-0.425577
-0.454000
-0.494233
-0.537712
-0.573359
-0.589164
-0.574325
-0.521644
-0.429712
-0.304320
-0.158589
-0.011542
0.114841
0.199615
0.227138
0.190648
0.094292
-0.046960
-0.209601
-0.365669
-0.487825
-0.554412
-0.553529
-0.485295
-0.361891
-0.205322
-0.043320
0.095848
0.188641
0.220509
0.188277
0.100164
-0.026526
-0.169466
-0.306163
-0.418485
-0.495858
-0.536480
-0.546417
-0.536935
-0.520836
-0.508733
-0.506195
-0.512410
-0.520667
-0.520495
-0.500894
-0.453847
-0.377178
-0.275962
-0.162045
-0.051655
0.038341
0.094625
0.110927
0.089830
0.042287
-0.015100
-0.064367
-0.090866
-0.087053
-0.054356
-0.002646
0.052439
0.093523
0.105711
0.079906
0.014503
-0.084757
-0.206435
-0.335873
-0.457788
-0.558410
-0.626903
-0.656109
-0.642858
-0.588065
-0.496772
-0.378057
-0.244585
-0.111564
0.005065
0.091065
0.136560
0.138289
0.100756
0.035821
-0.039374
-0.105730
-0.145998
-0.148134
-0.107393
-0.026750
0.084303
0.212092
0.341492
0.458345
0.551093
0.611487
0.634595
0.618497
0.564061
0.475016
0.358255
0.224073
0.085927
-0.040612
-0.139783
-0.198185
-0.207383
-0.165880
-0.079841
0.037747
0.169403
0.296464
0.402643
0.477007
0.515721
0.522197
0.505698
0.478748
0.453960
0.440983
0.444177
0.461502
0.484815
0.501540
0.497361
0.459463
0.379655
0.256757
0.097734
-0.082709
-0.264088
-0.423343
-0.538749
-0.593817
-0.580496
-0.501040
-0.368158
-0.203329
-0.033494
0.113366
0.213002
0.249126
0.216286
0.120771
-0.020628
-0.183747
-0.341421
-0.468199
-0.544500
-0.559467
-0.512080
-0.410469
-0.269672
-0.108391
0.054562
0.203411
0.327534
0.422191
0.487851
0.528410
0.548878
0.553210
0.542866
0.516498
0.470771
0.402062
0.308476
0.191552
0.057106
-0.085103
-0.222859
-0.343779
-0.437820
-0.499363
-0.528338
-0.530101
-0.514111
-0.491688
-0.473387
-0.466551
-0.473564
-0.491184
-0.511095
-0.521596
-0.510100
-0.465973
-0.383120
-0.261819
-0.109365
0.060622
0.230130
0.379571
0.490952
0.550777
0.552172
0.495839
0.389718
0.247448
0.085943
-0.077436
-0.227576
-0.353652
-0.450118
-0.516490
-0.556051
-0.573855
-0.574598
-0.560937
-0.532709
-0.487251
-0.420691
-0.329851
-0.214196
-0.077295
0.072619
0.223159
0.359281
0.465457
0.528117
0.537909
0.491388
0.391862
0.249239
0.078875
-0.100390
-0.268727
-0.407934
-0.503762
-0.547597
-0.537237
-0.476716
-0.375198
-0.245204
-0.100482
0.046064
0.183977
0.306072
0.408346
0.489104
0.547632
0.582947
0.593094
0.575354
0.527371
0.448919
0.343697
0.220467
0.092897
-0.022166
-0.107827
-0.151026
-0.146162
-0.097384
-0.018722
0.068252
0.138828
0.170688
0.149193
0.071131
-0.054036
-0.205779
-0.356632
-0.477930
-0.545896
-0.546752
-0.479754
-0.357504
-0.203431
-0.046954
0.082706
0.162751
0.181709
0.141906
0.058888
-0.042115
-0.131912
-0.183939
-0.180214
-0.115301
0.002550
0.153266
0.309294
0.441400
0.524639
0.543264
0.493634
0.384647
0.235748
0.072997
-0.075927
-0.186754
-0.242703
-0.236836
-0.172354
-0.060978
0.080027
0.231345
0.374766
0.495424
0.582854
0.631042
0.637886
0.604553
0.535083
0.436320
0.317966
0.192350
0.073538
-0.024435
-0.090023
-0.116798
-0.105447
-0.064363
-0.008333
0.044642
0.077722
0.079705
0.048319
-0.008693
-0.075143
-0.130329
-0.154347
-0.133408
-0.063747
0.046903
0.180653
0.313277
0.419568
0.478941
0.479984
0.422929
0.319494
0.190154
0.059473
-0.049417
-0.119879
-0.145151
-0.129227
-0.085015
-0.030312
0.017291
0.045149
0.048598
0.031473
0.004003
-0.021160
-0.033484
-0.028211
-0.007925
0.018423
0.038714
0.042017
0.022693
-0.017089
-0.067243
-0.112125
-0.134662
-0.121085
-0.064900
0.030934
0.154157
0.285578
0.402990
0.485638
0.518210
0.493492
0.413251
0.287294
0.131085
-0.037445
-0.201134
-0.346163
-0.463477
-0.548903
-0.602140
-0.625125
-0.620387
-0.589966
-0.535233
-0.457614
-0.359861
-0.247327
-0.128637
-0.015348
0.079491
0.143567
0.167737
0.147971
0.086252
-0.009817
-0.128538
-0.256297
-0.379783
-0.487657
-0.571394
-0.625288
-0.645956
-0.631795
-0.582781
-0.500806
-0.390436
-0.259693
-0.120384
0.012477
0.122308
0.193491
0.214289
0.179459
0.091876
-0.037274
-0.189860
-0.343467
-0.474837
-0.563424
-0.594443
-0.560955
-0.464722
-0.315801
-0.131048
0.068226
0.259070
0.419810
0.532699
0.585993
0.575217
0.503498
0.380942
0.223116
0.048824
-0.122566
-0.273878
-0.392542
-0.472249
-0.513520
-0.523044
-0.511882
-0.492864
-0.477686
-0.474308
-0.485175
-0.506671
-0.529950
-0.543008
-0.533627
-0.492553
-0.416229
-0.308406
-0.180187
-0.048369
0.067630
0.149614
0.184347
0.166281
0.098616
-0.007549
-0.135719
-0.267486
-0.386112
-0.479365
-0.541058
-0.571100
-0.574293
-0.558349
-0.531742
-0.501938
-0.474362
-0.452184
-0.436783
-0.428558
-0.427701
-0.434600
-0.449703
-0.472887
-0.502552
-0.534832
-0.563306
-0.579510
-0.574332
-0.540106
-0.472931
-0.374596
-0.253455
-0.123797
-0.003580
0.089115
0.140162
0.142995
0.100739
0.026202
-0.060433
-0.135749
-0.178138
-0.172520
-0.113667
-0.007363
0.130754
0.278306
0.410465
0.504457
0.543418
0.518946
0.432063
0.292582
0.117195
-0.073273
-0.256892
-0.413452
-0.526697
-0.585788
-0.585962
-0.528488
-0.420097
-0.272050
-0.098972
0.082450
0.254842
0.401552
0.508033
0.563171
0.560481
0.499065
0.384167
0.227156
0.044736
-0.142677
-0.313347
-0.447128
-0.528468
-0.548982
-0.509074
-0.418187
-0.293454
-0.156839
-0.031178
0.064148
0.116987
0.124728
0.094494
0.041059
-0.017083
-0.062530
-0.083406
-0.076196
-0.046189
-0.005413
0.031301
0.050972
0.046430
0.018468
-0.024393
-0.068346
-0.098127
-0.101058
-0.070137
-0.005422
0.086497
0.194535
0.305863
0.408530
0.493236
0.553983
0.587685
0.593169
0.570119
0.518436
0.438293
0.330830
0.199217
0.049623
-0.108341
-0.261999
-0.396868
-0.498594
-0.555188
-0.559095
-0.508652
-0.408625
-0.269691
-0.106938
0.062367
0.221328
0.355838
0.456412
0.519135
0.545603
0.541971
0.517394
0.482207
0.446238
0.417478
0.401263
0.399940
0.412940
0.437122
0.467297
0.496873
0.518591
0.525359
0.511141
0.471813
0.405851
0.314689
0.202621
0.076224
-0.056588
-0.187657
-0.309531
-0.416051
-0.502473
-0.565227
-0.601552
-0.609308
-0.587190
-0.535378
-0.456447
-0.356157
-0.243681
-0.130922
-0.030841
0.044958
0.088790
0.098847
0.079854
0.042064
-0.001294
-0.037428
-0.057290
-0.057753
-0.041951
-0.017714
0.005406
0.019477
0.020789
0.010824
-0.004685
-0.018219
-0.023530
-0.018132
-0.004316
0.011714
0.022263
0.021239
0.006771
-0.017640
-0.043932
-0.062028
-0.063306
-0.043820
-0.006187
0.040503
0.082767
0.106165
0.099076
0.055723
-0.022363
-0.126732
-0.244023
-0.358947
-0.457415
-0.529090
-0.568892
-0.577310
-0.559667
-0.524679
-0.482678
-0.443858
-0.416753
-0.407078
-0.416956
-0.444546
-0.484087
-0.526409
-0.559955
-0.572323
-0.552233
-0.491686
-0.387956
-0.244967
-0.073655
0.108956
0.281994
0.423992
0.516637
0.548271
0.516408
0.428648
0.301679
0.158401
0.023650
-0.080667
-0.139984
-0.149993
-0.117307
-0.057567
0.008609
0.060914
0.084500
0.073665
0.033081
-0.023720
-0.078163
-0.111633
-0.110309
-0.068507
0.010252
0.114595
0.228530
0.335555
0.422502
0.482144
0.514034
0.523509
0.519316
0.510565
0.503881
0.501475
0.500602
0.494509
0.474591
0.433160
0.366098
0.274675
0.166033
0.052185
-0.052219
-0.132776
-0.178082
-0.181671
-0.142682
-0.065239
0.043110
0.173274
0.316195
0.463694
