-0.009545
-0.001640
0.006419
0.014159
0.020071
0.021553
0.015266
-0.002169
-0.033290
-0.078970
-0.137889
-0.206467
-0.279311
-0.350107
-0.412742
-0.462393
-0.496339
-0.514291
-0.518231
-0.511797
-0.499428
-0.485460
-0.473379
-0.465373
-0.462212
-0.463432
-0.467729
-0.473434
-0.478959
-0.483122
-0.485315
-0.485507
-0.484119
-0.481831
-0.479369
-0.477335
-0.476090
-0.475727
-0.476105
-0.476928
-0.477851
-0.478574
-0.478911
-0.478826
-0.478419
-0.477888
-0.477462
-0.477335
-0.477601
-0.478226
-0.479040
-0.479775
-0.480130
-0.479855
-0.478839
-0.477173
-0.475172
-0.473335
-0.472253
-0.472456
-0.474247
-0.477549
-0.481826
-0.486109
-0.489151
-0.489709
-0.486899
-0.480556
-0.471490
-0.461543
-0.453368
-0.449919
-0.453694
-0.465881
-0.485576
-0.509331
-0.531178
-0.543278
-0.537135
-0.505205
-0.442593
-0.348431
-0.226579
-0.085408
0.063369
0.206619
0.332053
0.430316
0.496460
0.530456
0.536727
0.522851
0.497808
0.470202
0.446825
0.431809
0.426457
0.429655
0.438678
0.450149
0.460918
0.468704
0.472404
0.472082
0.468708
0.463755
0.458760
0.454965
0.453085
0.453231
0.454984
0.457571
0.460099
0.461783
0.462143
0.461102
0.459005
0.456528
0.454512
0.453746
0.454740
0.457552
0.461688
0.466146
0.469593
0.470668
0.468367
0.462424
0.453574
0.443624
0.435231
0.431392
0.434681
0.446383
0.465711
0.489317
0.511318
0.523913
0.518589
0.487730
0.426312
0.333309
0.212415
0.071868
-0.076702
-0.220170
-0.346182
-0.445261
-0.512299
-0.547118
-0.554023
-0.540532
-0.515639
-0.488022
-0.464588
-0.449591
-0.444428
-0.448013
-0.457572
-0.469603
-0.480782
-0.488648
-0.491971
-0.490794
-0.486205
-0.479932
-0.473875
-0.469655
-0.468285
-0.469982
-0.474151
-0.479540
-0.484523
-0.487477
-0.487182
-0.483175
-0.475978
-0.467138
-0.459015
-0.454333
-0.455525
-0.463980
-0.479347
-0.499064
-0.518277
-0.530243
-0.527234
-0.501811
-0.448272
-0.363959
-0.250160
-0.112372
0.040141
0.195430
0.340351
0.462188
0.550128
0.596398
0.596973
0.551880
0.465134
0.344348
0.200024
0.044529
-0.109221
-0.249243
-0.365937
-0.453232
-0.509198
-0.535966
-0.538970
-0.525692
-0.504181
-0.481661
-0.463502
-0.452698
-0.449883
-0.453787
-0.461960
-0.471578
-0.480138
-0.485932
-0.488249
-0.487322
-0.484075
-0.479782
-0.475707
-0.472824
-0.471639
-0.472151
-0.473929
-0.476262
-0.478369
-0.479594
-0.479563
-0.478274
-0.476100
-0.473709
-0.471901
-0.471408
-0.472683
-0.475732
-0.480029
-0.484559
-0.487994
-0.489000
-0.486609
-0.480592
-0.471717
-0.461811
-0.453533
-0.449859
-0.453326
-0.465169
-0.484542
-0.508053
-0.529785
-0.541927
-0.535984
-0.504379
-0.442147
-0.348324
-0.226670
-0.085479
0.063566
0.207293
0.333292
0.432033
0.498359
0.532068
0.537494
0.522271
0.495600
0.466461
0.442106
0.427109
0.423063
0.428861
0.441423
0.456648
0.470395
0.479327
0.481508
0.476688
0.466291
0.453107
0.440740
0.432879
0.432491
0.441023
0.457781
0.479600
0.500945
0.514485
0.512132
0.486392
0.431814
0.346241
0.231581
0.093910
-0.057146
-0.209636
-0.350857
-0.468954
-0.554251
-0.600130
-0.603407
-0.564295
-0.486083
-0.374675
-0.238077
-0.085838
0.071548
0.223294
0.358998
0.469311
0.546542
0.585158
0.582203
0.537608
0.454399
0.338706
0.199493
0.047884
-0.103918
-0.244046
-0.362485
-0.452401
-0.510975
-0.539553
-0.543079
-0.528938
-0.505491
-0.480604
-0.460456
-0.448814
-0.446832
-0.453332
-0.465436
-0.479397
-0.491456
-0.498594
-0.499099
-0.492866
-0.481425
-0.467672
-0.455341
-0.448257
-0.449460
-0.460334
-0.479911
-0.504512
-0.527892
-0.541945
-0.537938
-0.508108
-0.447311
-0.354384
-0.232860
-0.090828
0.060138
0.206776
0.336313
0.438558
0.507469
0.541907
0.545473
0.525548
0.491810
0.454530
0.422979
0.404124
0.401757
0.416075
0.443719
0.478213
0.510810
0.531661
0.531244
0.501894
0.439215
0.343113
0.218197
0.073391
-0.079260
-0.226400
-0.355469
-0.456671
-0.524404
-0.557909
-0.561030
-0.541237
-0.508156
-0.471911
-0.441572
-0.423907
-0.422530
-0.437510
-0.465401
-0.499693
-0.531644
-0.551457
-0.549707
-0.518873
-0.454740
-0.357412
-0.231688
-0.086625
0.065684
0.211953
0.339808
0.439722
0.506405
0.539359
0.542575
0.523491
0.491497
0.456308
0.426495
0.408365
0.405261
0.417302
0.441493
0.472156
0.501635
0.521228
0.522307
0.497529
0.442008
0.354262
0.236757
0.095906
-0.058510
-0.214434
-0.358939
-0.479707
-0.566363
-0.611490
-0.611279
-0.565821
-0.479073
-0.358520
-0.214529
-0.059361
0.094120
0.233930
0.350431
0.437503
0.493174
0.519556
0.522092
0.508297
0.486267
0.463272
0.444723
0.433636
0.430652
0.434490
0.442685
0.452390
0.461080
0.467027
0.469502
0.468715
0.465574
0.461330
0.457236
0.454258
0.452914
0.453233
0.454827
0.457043
0.459148
0.460518
0.460773
0.459866
0.458081
0.455969
0.454214
0.453468
0.454170
0.456399
0.459799
0.463589
0.466695
0.467984
0.466568
0.462117
0.455097
0.446861
0.439517
0.435543
0.437196
0.445791
0.461003
0.480381
0.499227
0.510960
0.507976
0.482905
0.430040
0.346659
0.233939
0.097243
-0.054304
-0.208879
-0.353441
-0.475348
-0.563821
-0.611067
-0.612977
-0.569405
-0.484112
-0.364384
-0.220381
-0.064188
0.091406
0.234291
0.354430
0.445010
0.503156
0.530040
0.530390
0.511519
0.482064
0.450680
0.424877
0.410126
0.409281
0.422318
0.446368
0.476033
0.503975
0.521768
0.520996
0.494482
0.437500
0.348761
0.230960
0.090740
-0.061983
-0.215207
-0.356337
-0.473694
-0.557774
-0.602100
-0.603614
-0.562676
-0.482791
-0.370168
-0.233167
-0.081665
0.073664
0.222129
0.353785
0.460104
0.534472
0.572467
0.571961
0.533106
0.458278
0.352002
0.220837
0.073137
-0.081348
-0.232076
-0.368467
-0.480716
-0.560556
-0.601915
-0.601405
-0.558671
-0.476567
-0.361130
-0.221273
-0.068115
0.086072
0.229205
0.350858
0.443568
0.503727
0.531886
0.532404
0.512552
0.481263
0.447749
0.420207
0.404754
0.404668
0.419986
0.447458
0.480890
0.511858
0.530815
0.528479
0.497382
0.433309
0.336365
0.211376
0.067457
-0.083258
-0.227522
-0.353159
-0.451038
-0.516437
-0.549506
-0.554782
-0.539929
-0.514038
-0.485889
-0.462510
-0.448287
-0.444697
-0.450609
-0.463000
-0.477882
-0.491254
-0.499902
-0.501969
-0.497227
-0.487061
-0.474171
-0.462051
-0.454286
-0.453774
-0.461954
-0.478193
-0.499447
-0.520335
-0.533674
-0.531466
-0.506208
-0.452315
-0.367369
-0.252940
-0.114770
0.037736
0.192628
0.336898
0.458074
0.545624
0.592014
0.593343
0.549584
0.464499
0.345279
0.201922
0.046326
-0.108877
-0.251676
-0.372052
-0.463142
-0.521965
-0.549571
-0.550586
-0.532260
-0.503223
-0.472168
-0.446671
-0.432258
-0.431805
-0.445256
-0.469653
-0.499470
-0.527238
-0.544449
-0.542682
-0.514861
-0.456464
-0.366470
-0.247852
-0.107458
0.044718
0.196774
0.336390
0.452288
0.535407
0.579642
0.582117
0.543113
0.465764
0.355665
0.220444
0.069302
-0.087506
-0.239280
-0.375552
-0.486783
-0.565019
-0.604472
-0.601984
-0.557389
-0.473729
-0.357261
-0.217136
-0.064696
0.087669
0.227963
0.346128
0.435367
0.492964
0.520411
0.522804
0.507665
0.483455
0.458091
0.437755
0.426175
0.424431
0.431255
0.443678
0.457870
0.470012
0.477058
0.477306
0.470699
0.458848
0.444747
0.432230
0.425193
0.426706
0.438117
0.458359
0.483600
0.507421
0.521565
0.517229
0.486702
0.425036
0.331396
0.209721
0.068472
-0.080559
-0.224172
-0.350023
-0.448711
-0.515244
-0.549564
-0.556081
-0.542382
-0.517490
-0.490073
-0.466990
-0.452432
-0.447716
-0.451680
-0.461486
-0.473585
-0.484640
-0.492209
-0.495113
-0.493479
-0.488499
-0.482009
-0.475992
-0.472116
-0.471371
-0.473878
-0.478880
-0.484915
-0.490143
-0.492777
-0.491540
-0.486059
-0.477116
-0.466653
-0.457502
-0.452817
-0.455297
-0.466313
-0.485130
-0.508452
-0.530436
-0.543309
-0.538544
-0.508437
-0.447778
-0.355259
-0.234242
-0.092664
0.057996
0.204501
0.334043
0.436350
0.505296
0.539673
0.543061
0.522872
0.488866
0.451427
0.419933
0.401419
0.399675
0.414808
0.443279
0.478379
0.511118
0.531468
0.529856
0.498746
0.434067
0.336207
0.210331
0.065851
-0.084915
-0.228702
-0.353470
-0.450360
-0.514976
-0.547767
-0.553454
-0.539702
-0.515393
-0.488906
-0.466756
-0.452823
-0.448232
-0.451788
-0.460786
-0.471938
-0.482228
-0.489508
-0.492784
-0.492185
-0.488700
-0.483778
-0.478907
-0.475272
-0.473533
-0.473766
-0.475539
-0.478084
-0.480526
-0.482110
-0.482378
-0.481271
-0.479136
-0.476642
-0.474614
-0.473820
-0.474759
-0.477484
-0.481515
-0.485873
-0.489257
-0.490337
-0.488128
-0.482352
-0.473710
-0.463945
-0.455642
-0.451727
-0.454738
-0.465976
-0.484726
-0.507770
-0.529382
-0.541903
-0.536892
-0.506693
-0.446098
-0.353768
-0.233009
-0.091696
0.058751
0.205140
0.334688
0.437133
0.506332
0.541049
0.544810
0.524967
0.491202
0.453829
0.422169
0.403238
0.400858
0.415231
0.442970
0.477558
0.510197
0.531002
0.530437
0.500864
0.437942
0.341663
0.216724
0.072114
-0.080098
-0.226608
-0.354973
-0.455574
-0.523010
-0.556686
-0.560529
-0.541949
-0.510354
-0.475505
-0.446027
-0.428264
-0.425560
-0.437987
-0.462456
-0.493171
-0.522363
-0.541264
-0.541253
-0.515096
-0.458100
-0.369039
-0.250640
-0.109517
0.044470
0.199345
0.342426
0.461766
0.547410
0.592302
0.592836
0.549055
0.464592
0.346370
0.204061
0.049269
-0.105564
-0.248475
-0.369344
-0.461086
-0.520440
-0.548193
-0.548806
-0.529517
-0.499130
-0.466685
-0.440200
-0.425647
-0.426209
-0.441874
-0.469386
-0.502566
-0.533025
-0.551254
-0.548022
-0.515921
-0.450814
-0.352895
-0.227087
-0.082591
0.068393
0.212591
0.337839
0.435059
0.499612
0.531749
0.536107
0.520440
0.493905
0.465317
0.441710
0.427447
0.423962
0.430068
0.442679
0.457754
0.471245
0.479914
0.481903
0.477007
0.466655
0.453606
0.441413
0.433714
0.433428
0.441986
0.458699
0.480438
0.501714
0.515241
0.512959
0.487371
0.432989
0.347587
0.232993
0.095214
-0.056154
-0.209126
-0.350897
-0.469449
-0.554916
-0.600518
-0.602989
-0.562596
-0.482841
-0.369991
-0.232493
-0.080317
0.075775
0.225001
0.357321
0.464102
0.538621
0.576370
0.575181
0.535254
0.459120
0.351568
0.219492
0.071594
-0.082120
-0.231037
-0.364774
-0.474012
-0.551216
-0.591155
-0.591184
-0.551350
-0.474345
-0.365359
-0.231793
-0.082818
0.071245
0.219709
0.352361
0.460256
0.536329
0.575784
0.576251
0.537794
0.462835
0.356037
0.224137
0.075669
-0.079471
-0.230641
-0.367211
-0.479367
-0.558872
-0.599707
-0.598568
-0.555199
-0.472568
-0.356828
-0.216983
-0.064198
0.089277
0.231470
0.352146
0.444088
0.503945
0.532462
0.534065
0.515915
0.486633
0.454958
0.428531
0.412969
0.411258
0.423491
0.446908
0.476214
0.504163
0.522401
0.522524
0.497272
0.441722
0.354275
0.237247
0.096908
-0.057073
-0.212702
-0.357077
-0.477869
-0.564673
-0.610032
-0.610089
-0.564882
-0.478305
-0.357785
-0.213634
-0.058088
0.095970
0.236476
0.353646
0.441165
0.496861
0.522687
0.524043
0.508556
0.484617
0.459946
0.440477
0.429697
0.428516
0.435579
0.447925
0.461804
0.473514
0.480132
0.480051
0.473267
0.461391
0.447380
0.435007
0.428109
0.429709
0.441147
0.461373
0.486600
0.510461
0.524738
0.520637
0.490414
0.429049
0.335611
0.213937
0.072419
-0.077162
-0.221542
-0.348228
-0.447619
-0.514499
-0.548630
-0.554342
-0.539295
-0.512753
-0.483779
-0.459709
-0.445179
-0.441787
-0.448368
-0.461709
-0.477523
-0.491473
-0.500065
-0.501306
-0.495037
-0.482941
-0.468205
-0.454907
-0.447174
-0.448235
-0.459509
-0.479898
-0.505472
-0.529666
-0.544079
-0.539788
-0.509010
-0.446784
-0.352314
-0.229620
-0.087275
0.062802
0.207275
0.333664
0.432440
0.498511
0.531773
0.536671
0.520941
0.493878
0.464529
0.440188
0.425437
0.421835
0.428198
0.441325
0.456963
0.470819
0.479434
0.480823
0.474800
0.462979
0.448453
0.435199
0.427266
0.427858
0.438448
0.458072
0.483002
0.506907
0.521589
0.518244
0.489059
0.428870
0.336515
0.215542
0.074043
-0.076424
-0.222643
-0.351927
-0.454195
-0.523522
-0.558857
-0.563817
-0.545691
-0.513933
-0.478476
-0.448178
-0.429611
-0.426302
-0.438423
-0.462908
-0.493912
-0.523572
-0.543006
-0.543489
-0.517704
-0.460912
-0.371877
-0.253347
-0.111982
0.042302
0.197468
0.340779
0.460247
0.545891
0.590654
0.590950
0.546870
0.462109
0.343668
0.201286
0.046615
-0.107901
-0.250352
-0.370734
-0.462122
-0.521432
-0.549598
-0.551143
-0.533239
-0.504473
-0.473528
-0.447988
-0.433412
-0.432711
-0.445871
-0.469981
-0.499556
-0.527166
-0.544323
-0.542608
-0.514917
-0.456674
-0.366783
-0.248137
-0.107526
0.045073
0.197711
0.337951
0.454345
0.537638
0.581562
0.583166
0.542792
0.463800
0.352152
0.215929
0.064764
-0.090811
-0.240093
-0.372965
-0.480602
-0.556025
-0.594478
-0.593619
-0.553577
-0.476934
-0.368628
-0.235755
-0.087219
0.066821
0.215691
0.349042
0.457673
0.534220
0.573620
0.573357
0.533530
0.456803
0.348259
0.215152
0.066506
-0.087470
-0.236130
-0.369228
-0.477716
-0.554391
-0.594309
-0.594990
-0.556439
-0.481089
-0.373673
-0.241039
-0.091846
0.063898
0.215470
0.352192
0.464235
0.543372
0.583616
0.581713
0.537487
0.454030
0.337657
0.197571
0.045125
-0.107304
-0.247758
-0.366215
-0.455900
-0.514092
-0.542245
-0.545396
-0.530992
-0.507421
-0.482543
-0.462509
-0.451042
-0.449251
-0.455914
-0.468118
-0.482093
-0.494067
-0.501026
-0.501279
-0.494765
-0.483071
-0.469166
-0.456848
-0.449986
-0.451620
-0.463077
-0.483271
-0.508358
-0.531911
-0.545672
-0.540844
-0.509728
-0.447395
-0.353035
-0.230614
-0.088627
0.061089
0.205274
0.331505
0.430290
0.496541
0.530129
0.535446
0.520152
0.493451
0.464296
0.439908
0.424833
0.420652
0.426273
0.438650
0.453736
0.467441
0.476464
0.478869
0.474371
0.464320
0.451404
0.439126
0.431104
0.430290
0.438191
0.454253
0.475510
0.496644
0.510504
0.509080
0.484808
0.431995
0.348088
0.234517
0.096909
-0.055397
-0.210450
-0.355178
-0.476988
-0.565206
-0.612159
-0.613836
-0.570152
-0.484868
-0.365225
-0.221302
-0.065100
0.090651
0.233848
0.354399
0.445378
0.503760
0.530575
0.530466
0.510757
0.480229
0.447797
0.421317
0.406603
0.406749
0.421769
0.448552
0.481167
0.511510
0.530320
0.528486
0.498521
0.435986
0.340576
0.216608
0.072715
-0.079276
-0.226121
-0.355254
-0.456774
-0.524930
-0.558798
-0.562102
-0.542261
-0.508920
-0.472294
-0.441581
-0.423674
-0.422280
-0.437488
-0.465794
-0.500554
-0.532850
-0.552708
-0.550587
-0.518953
-0.453717
-0.355241
-0.228672
-0.083433
0.068113
0.212609
0.337887
0.434933
0.499207
0.531062
0.535219
0.519471
0.492975
0.464508
0.441045
0.426893
0.423445
0.429504
0.442007
0.456959
0.470371
0.479053
0.481165
0.476484
0.466379
0.453520
0.441366
0.433484
0.432778
0.440734
0.456799
0.478031
0.499150
0.513037
0.511702
0.487568
0.434899
0.351079
0.237462
0.099621
-0.053122
-0.208769
-0.354134
-0.476457
-0.564874
-0.611551
-0.612400
-0.567394
-0.480512
-0.359355
-0.214453
-0.058232
0.096293
0.237011
0.354170
0.441549
0.497087
0.522840
0.524264
0.508983
0.485321
0.460891
0.441506
0.430564
0.428947
0.435366
0.447011
0.460353
0.471927
0.478999
0.480030
0.474913
0.464958
0.452660
0.441252
0.434082
0.433896
0.442102
0.458149
0.479164
0.499965
0.513538
0.511971
0.487731
0.435085
0.351380
0.237922
0.100227
-0.052424
-0.208051
-0.353460
-0.475859
-0.564345
-0.611046
-0.611862
-0.566779
-0.479820
-0.358658
-0.213893
-0.058004
0.095986
0.236022
0.352475
0.439298
0.494623
0.520664
0.522948
0.509032
0.487011
0.464128
0.445743
0.434820
0.431961
0.435870
0.444091
0.453804
0.462524
0.468555
0.471180
0.470595
0.467658
0.463552
0.459452
0.456268
0.454503
0.454234
0.455189
0.456880
0.458762
0.460365
0.461380
0.461692
0.461368
0.460599
0.459634
0.458715
0.458024
0.457656
0.457617
0.457841
0.458222
0.458643
0.459008
0.459259
0.459379
0.459390
0.459336
0.459265
0.459213
0.459193
0.459191
0.459173
0.459096
0.458926
0.458655
0.458306
0.457944
0.457656
0.457539
0.457666
0.458062
0.458677
0.459388
0.460003
0.460309
0.460118
0.459336
0.458009
0.456358
0.454754
0.453664
0.453532
0.454656
0.457055
0.460384
0.463935
0.466729
0.467725
0.466099
0.461545
0.454519
0.446334
0.439050
0.435105
0.436737
0.445271
0.460417
0.479773
0.498688
0.510604
0.507908
0.483180
0.430630
0.347432
0.234668
0.097641
-0.054520
-0.209912
-0.355339
-0.477954
-0.566766
-0.613815
-0.614928
-0.570048
-0.483184
-0.362016
-0.217164
-0.061137
0.093016
0.233210
0.349792
0.436690
0.492014
0.517970
0.520087
0.505948
0.483697
0.460642
0.442212
0.431428
0.428905
0.433306
0.442063
0.452196
0.461029
0.466708
0.468440
0.466477
0.461896
0.456246
0.451151
0.447955
0.447442
0.449698
0.454095
0.459434
0.464188
0.466847
0.466279
0.462066
0.454734
0.445792
0.437550
0.432691
0.433636
0.441800
0.456899
0.476460
0.495716
0.507993
0.505577
0.480993
0.428437
0.345117
0.232167
0.094955
-0.057344
-0.212801
-0.358226
-0.480802
-0.569576
-0.616629
-0.617803
-0.573029
-0.486270
-0.365134
-0.220169
-0.063832
0.090834
0.231685
0.348939
0.436344
0.491816
0.517405
0.518579
0.503000
0.479058
0.454444
0.435050
0.424325
0.423156
0.430194
0.442504
0.456375
0.468148
0.474925
0.475095
0.468616
0.457023
0.443183
0.430775
0.423577
0.424608
0.435275
0.454673
0.479214
0.502745
0.517224
0.513933
0.485053
0.425323
0.333420
0.212709
0.071137
-0.079799
-0.226830
-0.357095
-0.460252
-0.530086
-0.565305
-0.569413
-0.549779
-0.516148
-0.478928
-0.447540
-0.429076
-0.427374
-0.442566
-0.471107
-0.506253
-0.538957
-0.559130
-0.557152
-0.525472
-0.460043
-0.361319
-0.234562
-0.089297
0.062052
0.206135
0.330866
0.427379
0.491315
0.523197
0.527846
0.513046
0.487803
0.460607
0.438064
0.424100
0.419831
0.423989
0.433730
0.445585
0.456338
0.463666
0.466477
0.464920
0.460141
0.453878
0.447998
0.444064
0.443021
0.445021
0.449426
0.454957
0.459985
0.462898
0.462493
0.458330
0.450947
0.441903
0.433566
0.428669
0.429657
0.437941
0.453200
0.472909
0.492249
0.504511
0.501981
0.477219
0.424493
0.341096
0.228248
0.091364
-0.060386
-0.215150
-0.359884
-0.481959
-0.570617
-0.618085
-0.620251
-0.576946
-0.491873
-0.372251
-0.228167
-0.071657
0.084489
0.228099
0.349003
0.440208
0.498637
0.525297
0.524847
0.504666
0.473623
0.440749
0.414010
0.399308
0.399767
0.415354
0.442833
0.476077
0.506764
0.525440
0.522889
0.491670
0.427557
0.330617
0.205631
0.061675
-0.089129
-0.233521
-0.359286
-0.457239
-0.522609
-0.555516
-0.560500
-0.545270
-0.518998
-0.490560
-0.467082
-0.453012
-0.449834
-0.456351
-0.469398
-0.484798
-0.498340
-0.506649
-0.507802
-0.501653
-0.489831
-0.475425
-0.462386
-0.454728
-0.455611
-0.466452
-0.486238
-0.511185
-0.534922
-0.549226
-0.545294
-0.515346
-0.454285
-0.361040
-0.239263
-0.097143
0.053681
0.199955
0.328988
0.430740
0.499358
0.533878
0.538008
0.519124
0.486745
0.450854
0.420332
0.401758
0.398636
0.411098
0.436013
0.467450
0.497453
0.517056
0.517484
0.491425
0.434227
0.344819
0.226176
0.085196
-0.068028
-0.221427
-0.362445
-0.479518
-0.563288
-0.607408
-0.608897
-0.568122
-0.488522
-0.376191
-0.239355
-0.087780
0.067914
0.217008
0.349444
0.456516
0.531397
0.569473
0.568501
0.528645
0.452442
0.344718
0.212425
0.064323
-0.089540
-0.238535
-0.372285
-0.481503
-0.558693
-0.598653
-0.598747
-0.558999
-0.482051
-0.373017
-0.239226
-0.089804
0.064928
0.214208
0.347684
0.456217
0.532538
0.571685
0.571224
0.531299
0.454579
0.346121
0.213132
0.064590
-0.089327
-0.237983
-0.371112
-0.479631
-0.556294
-0.596127
-0.596639
-0.557865
-0.482292
-0.374731
-0.242109
-0.093135
0.062179
0.213171
0.349290
0.460885
0.539916
0.580543
0.579564
0.536720
0.454857
0.339917
0.200654
0.048017
-0.105864
-0.248992
-0.370953
-0.464230
-0.525118
-0.554054
-0.555294
-0.536046
-0.505222
-0.472055
-0.444788
-0.429582
-0.429743
-0.445293
-0.472931
-0.506373
-0.537105
-0.555503
-0.552263
-0.519967
-0.454525
-0.356231
-0.230126
-0.085521
0.065320
0.209130
0.333828
0.430492
0.494675
0.526808
0.531646
0.516939
0.491701
0.464459
0.441869
0.427907
0.423720
0.428042
0.438006
0.450094
0.461033
0.468455
0.471244
0.469558
0.464593
0.458165
0.452226
0.448412
0.447694
0.450189
0.455151
0.461140
0.466341
0.468982
0.467791
0.462386
0.453527
0.443129
0.434001
0.429285
0.431688
0.442606
0.461350
0.484674
0.506787
0.519958
0.515680
0.486248
0.426426
0.334859
0.214847
0.074246
-0.075558
-0.221437
-0.350705
-0.453216
-0.522943
-0.558722
-0.564074
-0.546219
-0.514578
-0.479080
-0.448605
-0.429765
-0.426135
-0.437943
-0.462179
-0.493045
-0.522713
-0.542311
-0.543092
-0.517680
-0.461250
-0.372456
-0.253946
-0.112311
0.042540
0.198498
0.342675
0.462871
0.548873
0.593437
0.592889
0.547389
0.460881
0.340765
0.197272
0.042516
-0.110762
-0.250646
-0.367496
-0.455126
-0.511455
-0.538474
-0.541528
-0.528082
-0.506239
-0.483339
-0.464890
-0.454006
-0.451391
-0.455762
-0.464572
-0.474825
-0.483812
-0.489636
-0.491474
-0.489569
-0.485008
-0.479366
-0.474297
-0.471165
-0.470757
-0.473133
-0.477625
-0.482981
-0.487633
-0.490053
-0.489139
-0.484545
-0.476910
-0.467868
-0.459840
-0.455560
-0.457410
-0.466663
-0.482791
-0.503018
-0.522280
-0.533687
-0.529480
-0.502355
-0.446923
-0.360985
-0.246352
-0.108985
0.041602
0.193556
0.334249
0.451887
0.536843
0.582532
0.585791
0.546832
0.468926
0.357942
0.221834
0.070091
-0.086856
-0.238286
-0.373862
-0.484295
-0.561937
-0.601272
-0.599306
-0.555860
-0.473768
-0.358895
-0.219904
-0.067658
0.085776
0.228446
0.349972
0.442864
0.503442
0.532160
0.533273
0.513962
0.483081
0.449786
0.422238
0.406544
0.406009
0.420735
0.447583
0.480498
0.511209
0.530295
0.528539
0.498429
0.435586
0.339831
0.215633
0.071755
-0.079915
-0.226170
-0.354590
-0.455505
-0.523420
-0.557633
-0.561966
-0.543755
-0.512363
-0.477542
-0.447940
-0.429945
-0.426960
-0.439120
-0.463399
-0.494048
-0.523324
-0.542459
-0.542799
-0.517044
-0.460415
-0.371589
-0.253208
-0.111838
0.042655
0.198221
0.342034
0.461960
0.547841
0.592462
0.592150
0.547021
0.460939
0.341199
0.197920
0.043124
-0.110482
-0.250948
-0.368516
-0.456817
-0.513555
-0.540533
-0.542997
-0.528450
-0.505203
-0.480949
-0.461642
-0.450826
-0.449482
-0.456335
-0.468492
-0.482254
-0.493949
-0.500664
-0.500783
-0.494273
-0.482703
-0.468975
-0.456804
-0.449972
-0.451468
-0.462621
-0.482412
-0.507122
-0.530484
-0.544389
-0.540133
-0.510000
-0.448922
-0.355817
-0.234300
-0.092509
0.057981
0.203968
0.332812
0.434504
0.503206
0.537944
0.542392
0.523863
0.491796
0.456081
0.425519
0.406637
0.402946
0.414652
0.438767
0.469560
0.499286
0.519150
0.520448
0.495792
0.440284
0.352461
0.234824
0.093826
-0.060721
-0.216743
-0.361312
-0.482126
-0.568832
-0.614030
-0.613919
-0.568570
-0.481902
-0.361345
-0.217207
-0.061711
0.092278
0.232720
0.349857
0.437403
0.493205
0.519228
0.520858
0.505684
0.482036
0.457556
0.438104
0.427118
0.425503
0.431967
0.443677
0.457058
0.468602
0.475542
0.476337
0.470910
0.460639
0.448109
0.436643
0.429655
0.429908
0.438754
0.455518
0.477141
0.498240
0.511629
0.509311
0.483806
0.429594
0.344379
0.229910
0.092127
-0.059406
-0.212694
-0.354876
-0.473853
-0.559668
-0.605466
-0.607948
-0.567396
-0.487380
-0.374268
-0.236622
-0.084504
0.071282
0.219993
0.351708
0.457981
0.532305
0.570350
0.570039
0.531510
0.457060
0.351086
0.220008
0.072074
-0.083003
-0.234614
-0.372010
-0.485134
-0.565445
-0.606638
-0.605223
-0.560921
-0.476877
-0.359599
-0.218560
-0.065401
0.087287
0.227458
0.345154
0.433806
0.490991
0.518468
0.521494
0.507580
0.484968
0.461181
0.441902
0.430379
0.427382
0.431633
0.440540
0.451029
0.460308
0.466408
0.468454
0.466664
0.462122
0.456420
0.451239
0.447974
0.447446
0.449744
0.454219
0.459628
0.464400
0.466989
0.466253
0.461806
0.454231
0.445126
0.436889
0.432268
0.433698
0.442544
0.458394
0.478597
0.498187
0.510320
0.507206
0.481425
0.427392
0.342671
0.228838
0.091679
-0.059357
-0.212336
-0.354413
-0.473468
-0.559502
-0.605610
-0.608433
-0.568191
-0.488386
-0.375318
-0.237491
-0.084942
0.071506
0.221019
0.353521
0.460360
0.534808
0.572369
0.570909
0.530680
0.454278
0.346566
0.214505
0.066833
-0.086448
-0.234795
-0.367952
-0.476777
-0.553923
-0.594302
-0.595322
-0.556939
-0.481599
-0.374105
-0.241401
-0.092242
0.063304
0.214514
0.350781
0.462410
0.541340
0.581738
0.580441
0.537254
0.455110
0.340037
0.200867
0.048580
-0.104713
-0.247106
-0.368339
-0.461092
-0.521860
-0.551232
-0.553516
-0.535823
-0.506806
-0.475302
-0.449085
-0.433884
-0.432737
-0.445686
-0.469808
-0.499561
-0.527426
-0.544828
-0.543282
-0.515659
-0.457396
-0.367449
-0.248780
-0.108245
0.044143
0.196446
0.336300
0.452378
0.535579
0.579775
0.582097
0.542866
0.465286
0.355040
0.219841
0.068949
-0.087378
-0.238505
-0.374097
-0.484804
-0.562876
-0.602689
-0.601152
-0.558022
-0.476101
-0.361253
-0.222165
-0.069737
0.083919
0.226807
0.348502
0.441481
0.502041
0.530628
0.531516
0.511928
0.480784
0.447318
0.419769
0.404297
0.404215
0.419571
0.447105
0.480589
0.511560
0.530438
0.527931
0.496589
0.432253
0.335108
0.210068
0.066316
-0.083993
-0.227661
-0.352631
-0.449954
-0.515113
-0.548434
-0.554536
-0.541021
-0.516755
-0.490135
-0.467726
-0.453472
-0.448567
-0.451881
-0.460756
-0.471938
-0.482417
-0.490029
-0.493734
-0.493594
-0.490510
-0.485839
-0.480991
-0.477104
-0.474851
-0.474387
-0.475424
-0.477388
-0.479611
-0.481502
-0.482668
-0.482974
-0.482526
-0.481605
-0.480573
-0.479766
-0.479409
-0.479566
-0.480127
-0.480846
-0.481407
-0.481518
-0.480996
-0.479839
-0.478257
-0.476644
-0.475504
-0.475324
-0.476428
-0.478843
-0.482214
-0.485807
-0.488621
-0.489598
-0.487919
-0.483302
-0.476246
-0.468109
-0.460986
-0.457321
-0.459321
-0.468234
-0.483661
-0.503077
-0.521727
-0.532997
-0.529300
-0.503326
-0.449478
-0.365168
-0.251715
-0.114592
0.037020
0.191317
0.335355
0.456645
0.544589
0.591554
0.593532
0.550395
0.465816
0.346920
0.203660
0.047919
-0.107649
-0.250970
-0.371922
-0.463504
-0.522590
-0.550109
-0.550624
-0.531420
-0.501277
-0.469147
-0.442934
-0.428492
-0.428928
-0.444221
-0.471189
-0.503795
-0.533837
-0.551990
-0.549144
-0.517901
-0.453992
-0.357339
-0.232493
-0.088274
0.063409
0.209370
0.337243
0.437441
0.504566
0.538006
0.541655
0.522890
0.491082
0.455967
0.426157
0.408007
0.404895
0.416955
0.441177
0.471851
0.501277
0.520719
0.521537
0.496413
0.440519
0.352462
0.234802
0.094033
-0.060037
-0.215389
-0.359211
-0.479362
-0.565671
-0.610900
-0.611335
-0.567024
-0.481718
-0.362547
-0.219431
-0.064200
0.090571
0.232912
0.352847
0.443553
0.502086
0.529523
0.530485
0.512183
0.483162
0.452007
0.426185
0.411154
0.409796
0.422163
0.445507
0.474587
0.502227
0.520145
0.519996
0.494568
0.438968
0.351616
0.234834
0.094887
-0.058587
-0.213658
-0.357516
-0.477957
-0.564703
-0.610399
-0.611230
-0.567168
-0.481929
-0.362644
-0.219268
-0.063684
0.091461
0.234131
0.354286
0.445056
0.503478
0.530636
0.531194
0.512432
0.482993
0.451563
0.425697
0.410905
0.410061
0.423137
0.447236
0.476918
0.504800
0.522432
0.521406
0.494586
0.437324
0.348426
0.230676
0.090772
-0.061377
-0.213850
-0.354208
-0.470979
-0.554874
-0.599585
-0.602110
-0.562712
-0.484632
-0.373665
-0.237688
-0.086133
0.070597
0.221787
0.357100
0.467254
0.544625
0.583739
0.581650
0.538233
0.456355
0.341890
0.203478
0.051922
-0.100806
-0.242882
-0.364068
-0.457020
-0.518178
-0.548052
-0.550864
-0.533631
-0.504920
-0.473488
-0.447056
-0.431342
-0.429431
-0.441479
-0.464744
-0.493904
-0.521657
-0.539588
-0.539249
-0.513376
-0.457087
-0.368865
-0.251130
-0.110258
0.044003
0.199631
0.343744
0.464092
0.550376
0.595260
0.594999
0.549706
0.463312
0.343231
0.199719
0.044919
-0.108411
-0.248352
-0.365279
-0.453030
-0.509549
-0.536841
-0.540240
-0.527171
-0.505669
-0.482988
-0.464553
-0.453425
-0.450304
-0.453977
-0.462038
-0.471686
-0.480423
-0.486524
-0.489239
-0.488737
-0.485862
-0.481797
-0.477729
-0.474581
-0.472864
-0.472650
-0.473650
-0.475352
-0.477187
-0.478669
-0.479499
-0.479603
-0.479114
-0.478308
-0.477515
-0.477025
-0.477009
-0.477476
-0.478266
-0.479093
-0.479619
-0.479546
-0.478720
-0.477192
-0.475253
-0.473394
-0.472207
-0.472242
-0.473831
-0.476936
-0.481068
-0.485300
-0.488419
-0.489193
-0.486722
-0.480787
-0.472116
-0.462448
-0.454337
-0.450670
-0.453933
-0.465378
-0.484250
-0.507305
-0.528804
-0.541097
-0.535775
-0.505236
-0.444345
-0.351843
-0.231110
-0.090064
0.059876
0.205587
0.334421
0.436300
0.505284
0.540299
0.544947
0.526507
0.494430
0.458649
0.428020
0.409121
0.405490
0.417323
0.441594
0.472509
0.502260
0.522003
0.523026
0.497980
0.442051
0.353890
0.236117
0.095271
-0.058812
-0.214122
-0.357881
-0.478005
-0.564380
-0.609804
-0.610566
-0.566672
-0.481787
-0.362930
-0.219915
-0.064494
0.090768
0.233833
0.354571
0.445946
0.504787
0.531985
0.532082
0.512362
0.481622
0.448846
0.421981
0.406933
0.406867
0.421823
0.448679
0.481450
0.511959
0.530875
0.529038
0.498954
0.436224
0.340620
0.216557
0.072750
-0.078933
-0.225279
-0.353830
-0.454861
-0.522822
-0.556972
-0.561122
-0.542637
-0.510947
-0.475891
-0.446209
-0.428354
-0.425743
-0.438459
-0.463347
-0.494483
-0.523931
-0.542765
-0.542269
-0.515215
-0.457056
-0.366831
-0.247619
-0.106389
0.046749
0.199772
0.340234
0.456721
0.540038
0.583972
0.585614
0.545322
0.466440
0.354900
0.218744
0.067569
-0.088104
-0.237562
-0.370656
-0.478506
-0.554077
-0.592566
-0.591611
-0.551361
-0.474454
-0.365914
-0.232935
-0.084500
0.069203
0.217534
0.350260
0.458355
0.534658
0.574279
0.574790
0.536236
0.461064
0.353992
0.221826
0.073163
-0.082063
-0.233207
-0.369667
-0.481686
-0.561093
-0.601926
-0.600905
-0.557760
-0.475397
-0.359873
-0.220083
-0.067106
0.086846
0.229760
0.351278
0.443990
0.504319
0.532812
0.533787
0.514442
0.483610
0.450395
0.422906
0.407210
0.406599
0.421198
0.447917
0.480764
0.511524
0.530810
0.529394
0.499709
0.437284
0.341824
0.217690
0.073577
-0.078633
-0.225655
-0.354911
-0.456517
-0.524755
-0.558741
-0.562220
-0.542606
-0.509507
-0.473070
-0.442413
-0.424366
-0.422613
-0.437287
-0.464997
-0.499270
-0.531380
-0.551518
-0.550215
-0.519871
-0.456171
-0.359108
-0.233381
-0.087991
0.064962
0.212104
0.340897
0.441599
0.508690
0.541490
0.543919
0.523495
0.489860
0.453131
0.422356
0.404284
0.402537
0.417217
0.444949
0.479309
0.511640
0.532190
0.531519
0.502007
0.439264
0.343167
0.218277
0.073469
-0.079242
-0.226508
-0.355745
-0.457110
-0.524949
-0.558454
-0.561452
-0.541431
-0.508072
-0.471587
-0.441145
-0.423590
-0.422571
-0.438119
-0.466679
-0.501565
-0.533833
-0.553508
-0.551073
-0.519047
-0.453420
-0.354650
-0.227976
-0.082886
0.068244
0.212111
0.336674
0.433108
0.497081
0.529125
0.534048
0.519591
0.494695
0.467766
0.445325
0.431237
0.426603
0.430205
0.439319
0.450652
0.461185
0.468764
0.472377
0.472116
0.468908
0.464127
0.459187
0.455225
0.452906
0.452382
0.453368
0.455307
0.457547
0.459515
0.460825
0.461330
0.461100
0.460360
0.459406
0.458517
0.457889
0.457607
0.457639
0.457869
0.458144
0.458323
0.458320
0.458127
0.457816
0.457517
0.457379
0.457522
0.457993
0.458738
0.459594
0.460323
0.460656
0.460374
0.459384
0.457775
0.455846
0.454071
0.453010
0.453176
0.454870
0.458039
0.462190
0.466410
0.469506
0.470261
0.467781
0.461840
0.453142
0.443396
0.435130
0.431221
0.434179
0.445309
0.463946
0.486948
0.508674
0.521535
0.517120
0.487746
0.428121
0.336773
0.216859
0.076114
-0.074132
-0.220714
-0.350803
-0.454029
-0.524112
-0.559675
-0.564144
-0.544822
-0.511412
-0.474298
-0.442903
-0.424334
-0.422455
-0.437436
-0.465772
-0.500758
-0.533382
-0.553570
-0.551696
-0.520174
-0.454897
-0.356244
-0.229401
-0.083842
0.068014
0.212758
0.338181
0.435239
0.499385
0.530984
0.534794
0.518673
0.491857
0.463213
0.439791
0.425940
0.423037
0.429800
0.443015
0.458489
0.472025
0.480274
0.481341
0.475098
0.463176
0.448652
0.435461
0.427608
0.428259
0.438869
0.458485
0.483403
0.507329
0.522096
0.518909
0.489934
0.429956
0.337736
0.216742
0.075005
-0.075927
-0.222788
-0.352767
-0.455607
-0.525190
-0.560302
-0.564488
-0.545104
-0.511828
-0.474959
-0.443796
-0.425331
-0.423350
-0.438017
-0.465901
-0.500440
-0.532800
-0.553080
-0.551757
-0.521237
-0.457265
-0.359935
-0.234062
-0.088741
0.063885
0.210475
0.338597
0.438680
0.505403
0.538259
0.541261
0.521896
0.489629
0.454265
0.424459
0.406574
0.403962
0.416681
0.441607
0.472881
0.502641
0.522013
0.522282
0.496156
0.438962
0.349583
0.230940
0.089889
-0.063488
-0.217103
-0.358350
-0.475600
-0.559434
-0.603469
-0.604725
-0.563615
-0.483669
-0.371088
-0.234209
-0.082873
0.072288
0.220622
0.352217
0.458574
0.533090
0.571335
0.571150
0.532629
0.458069
0.351907
0.220619
0.072517
-0.082637
-0.234218
-0.371491
-0.484441
-0.564589
-0.605686
-0.604275
-0.560082
-0.476207
-0.359087
-0.218108
-0.064832
0.088183
0.228861
0.347141
0.436290
0.493687
0.520921
0.523163
0.507969
0.483796
0.458525
0.438287
0.426762
0.425000
0.431734
0.444018
0.458070
0.470120
0.477161
0.477500
0.471058
0.459383
0.445388
0.432821
0.425524
0.426557
0.437335
0.456919
0.481664
0.505344
0.519860
0.516466
0.487361
0.427353
0.335217
0.214433
0.073038
-0.077436
-0.223763
-0.353213
-0.455644
-0.525069
-0.560393
-0.565223
-0.546879
-0.514884
-0.479260
-0.448957
-0.430610
-0.427753
-0.440501
-0.465652
-0.497178
-0.527014
-0.546117
-0.545692
-0.518495
-0.460022
-0.369414
-0.249875
-0.108495
0.044538
0.197193
0.337094
0.452975
0.535831
0.579637
0.581608
0.542114
0.464369
0.354032
0.218778
0.067824
-0.088596
-0.239848
-0.375570
-0.486367
-0.564438
-0.604117
-0.602305
-0.558788
-0.476438
-0.361221
-0.221930
-0.069550
0.083776
0.226095
0.347107
0.439477
0.499716
0.528454
0.530062
0.511710
0.482102
0.450107
0.423508
0.408035
0.406717
0.419598
0.443768
0.473707
0.501922
0.519851
0.518998
0.492187
0.434773
0.345606
0.227537
0.087328
-0.065058
-0.217675
-0.358090
-0.474862
-0.558747
-0.603473
-0.606059
-0.566757
-0.488764
-0.377808
-0.241695
-0.089810
0.067447
0.219296
0.355268
0.465898
0.543367
0.582046
0.578936
0.534001
0.450361
0.334290
0.194895
0.043412
-0.107923
-0.247307
-0.364893
-0.454090
-0.512339
-0.541202
-0.545706
-0.533143
-0.511576
-0.488401
-0.469246
-0.457378
-0.453660
-0.456975
-0.464941
-0.474720
-0.483736
-0.490170
-0.493182
-0.492873
-0.490052
-0.485896
-0.481614
-0.478172
-0.476139
-0.475645
-0.476450
-0.478081
-0.479984
-0.481666
-0.482791
-0.483226
-0.483025
-0.482379
-0.481544
-0.480771
-0.480241
-0.480038
-0.480143
-0.480454
-0.480829
-0.481124
-0.481240
-0.481145
-0.480883
-0.480557
-0.480302
-0.480241
-0.480442
-0.480890
-0.481474
-0.482007
-0.482265
-0.482055
-0.481277
-0.479984
-0.478409
-0.476940
-0.476050
-0.476183
-0.477610
-0.480304
-0.483859
-0.487502
-0.490206
-0.490918
-0.488847
-0.483777
-0.476293
-0.467858
-0.460658
-0.457198
-0.459683
-0.469284
-0.485449
-0.505448
-0.524301
-0.535222
-0.530549
-0.503053
-0.447390
-0.361380
-0.246822
-0.109641
0.040700
0.192406
0.332913
0.450476
0.535501
0.581408
0.585003
0.546437
0.468891
0.358136
0.222036
0.070027
-0.087456
-0.239615
-0.375964
-0.487018
-0.564920
-0.603990
-0.601164
-0.556346
-0.472607
-0.356198
-0.216243
-0.064032
0.088098
0.228206
0.346281
0.435559
0.493343
0.521115
0.523939
0.509275
0.485500
0.460438
0.440188
0.428422
0.426227
0.432404
0.444127
0.457758
0.469683
0.477026
0.478154
0.472939
0.462753
0.450212
0.438689
0.431651
0.431896
0.440783
0.457613
0.479279
0.500342
0.513574
0.510967
0.485073
0.430450
0.344912
0.230324
0.092716
-0.058317
-0.210829
-0.352099
-0.470231
-0.555506
-0.601271
-0.604335
-0.564937
-0.486429
-0.374807
-0.238168
-0.086130
0.070797
0.221880
0.356850
0.466551
0.543503
0.582354
0.580233
0.537011
0.455483
0.341402
0.203263
0.051748
-0.101226
-0.243802
-0.365609
-0.459096
-0.520463
-0.550022
-0.551900
-0.533193
-0.502733
-0.469715
-0.442383
-0.426938
-0.426749
-0.441923
-0.469243
-0.502504
-0.533238
-0.551841
-0.548982
-0.517173
-0.452223
-0.354305
-0.228350
-0.083594
0.067711
0.212230
0.337739
0.435110
0.499675
0.531682
0.535799
0.519839
0.493042
0.464314
0.440770
0.426819
0.423884
0.430699
0.444034
0.459655
0.473314
0.481615
0.482641
0.476273
0.464188
0.449533
0.436329
0.428647
0.429682
0.440855
0.461108
0.486578
0.510782
0.525390
0.521521
0.491386
0.429973
0.336390
0.214538
0.072868
-0.076801
-0.221197
-0.347852
-0.447209
-0.514105
-0.548338
-0.554243
-0.539446
-0.513138
-0.484285
-0.460130
-0.445244
-0.441222
-0.446967
-0.459414
-0.474481
-0.488050
-0.496808
-0.498839
-0.493919
-0.483489
-0.470347
-0.458099
-0.450421
-0.450249
-0.458990
-0.475901
-0.497770
-0.519022
-0.532306
-0.529530
-0.503225
-0.447979
-0.361682
-0.246294
-0.107936
0.043721
0.196683
0.338194
0.456342
0.541390
0.586682
0.589043
0.548778
0.469370
0.357014
0.220060
0.068377
-0.087356
-0.236412
-0.368772
-0.475807
-0.550781
-0.589162
-0.588750
-0.549685
-0.474395
-0.367514
-0.235741
-0.087573
0.067132
0.217789
0.353841
0.465569
0.544837
0.585708
0.584910
0.542148
0.460275
0.345267
0.205928
0.053247
-0.100621
-0.243685
-0.365562
-0.458786
-0.519705
-0.548791
-0.550312
-0.531441
-0.501021
-0.468186
-0.441081
-0.425790
-0.425597
-0.440577
-0.467559
-0.500450
-0.530948
-0.549615
-0.547236
-0.516337
-0.452607
-0.355962
-0.230979
-0.086521
0.065443
0.211664
0.339718
0.439972
0.507001
0.540193
0.543471
0.524276
0.492068
0.456685
0.426834
0.408929
0.406356
0.419178
0.444244
0.475640
0.505446
0.524738
0.524785
0.498323
0.440752
0.351058
0.232274
0.091344
-0.061623
-0.214588
-0.355080
-0.471671
-0.555168
-0.599376
-0.601408
-0.561618
-0.483301
-0.372275
-0.236407
-0.085099
0.071296
0.222118
0.357083
0.466957
0.544153
0.583209
0.581174
0.537888
0.456159
0.341792
0.203356
0.051602
-0.101506
-0.244094
-0.365815
-0.459165
-0.520406
-0.549904
-0.551816
-0.533232
-0.502939
-0.470061
-0.442761
-0.427176
-0.426655
-0.441346
-0.468140
-0.500991
-0.531616
-0.550560
-0.548562
-0.518068
-0.454673
-0.358195
-0.233130
-0.088307
0.064287
0.211311
0.340183
0.441071
0.508345
0.541236
0.543610
0.522995
0.489099
0.452142
0.421291
0.403382
0.402063
0.417381
0.445810
0.480715
0.513200
0.533328
0.531582
0.500441
0.435807
0.338013
0.212157
0.067603
-0.083355
-0.227432
-0.352539
-0.449742
-0.514569
-0.547412
-0.552970
-0.538938
-0.514275
-0.487467
-0.465148
-0.451292
-0.447066
-0.451238
-0.460981
-0.472823
-0.483531
-0.490769
-0.493444
-0.491731
-0.486827
-0.480543
-0.474818
-0.471263
-0.470818
-0.473565
-0.478718
-0.484802
-0.489978
-0.492470
-0.491024
-0.485309
-0.476155
-0.465564
-0.456423
-0.451926
-0.454776
-0.466296
-0.485655
-0.509406
-0.531543
-0.544151
-0.538635
-0.507345
-0.445267
-0.351423
-0.229587
-0.088087
0.061340
0.205457
0.331790
0.430747
0.497130
0.530722
0.535879
0.520291
0.493251
0.463843
0.439422
0.424631
0.421073
0.427575
0.440913
0.456787
0.470835
0.479541
0.480885
0.474685
0.462603
0.447814
0.434393
0.426478
0.427320
0.438372
0.458579
0.484054
0.508275
0.522873
0.518943
0.488707
0.427187
0.333558
0.211789
0.070385
-0.078824
-0.222620
-0.348656
-0.447549
-0.514330
-0.548960
-0.555841
-0.542527
-0.517974
-0.490763
-0.467670
-0.452825
-0.447543
-0.450733
-0.459700
-0.471101
-0.481817
-0.489586
-0.493311
-0.493046
-0.489741
-0.484839
-0.479848
-0.475991
-0.473975
-0.473928
-0.475467
-0.477867
-0.480289
-0.481991
-0.482503
-0.481726
-0.479936
-0.477711
-0.475783
-0.474853
-0.475401
-0.477532
-0.480892
-0.484687
-0.487826
-0.489156
-0.487775
-0.483350
-0.476352
-0.468147
-0.460852
-0.456952
-0.458696
-0.467378
-0.482642
-0.501996
-0.520703
-0.532151
-0.528723
-0.503058
-0.449483
-0.365327
-0.251827
-0.114413
0.037731
0.192727
0.337489
0.459339
0.547475
0.594106
0.595160
0.550588
0.464308
0.343827
0.199560
0.043817
-0.110480
-0.251272
-0.368807
-0.456815
-0.513148
-0.539761
-0.542008
-0.527435
-0.504319
-0.480261
-0.461092
-0.450240
-0.448619
-0.454962
-0.466468
-0.479598
-0.490880
-0.497583
-0.498198
-0.492681
-0.482442
-0.470088
-0.458945
-0.452405
-0.453169
-0.462491
-0.479568
-0.501210
-0.521922
-0.534470
-0.530896
-0.503859
-0.448068
-0.361512
-0.246214
-0.108309
0.042584
0.194595
0.335164
0.452615
0.537448
0.583179
0.586682
0.548132
0.470690
0.360076
0.224088
0.072108
-0.085455
-0.237790
-0.374363
-0.485610
-0.563594
-0.602569
-0.599453
-0.554178
-0.469905
-0.353009
-0.212749
-0.060527
0.091274
0.230750
0.348024
0.436541
0.493846
0.521636
0.525094
0.511646
0.489455
0.465965
0.446796
0.435156
0.431813
0.435535
0.443828
0.453769
0.462730
0.468896
0.471480
0.470684
0.467439
0.463055
0.458845
0.455827
0.454540
0.455001
0.456781
0.459162
0.461353
0.462681
0.462759
0.461573
0.459479
0.457127
0.455304
0.454732
0.455869
0.458738
0.462850
0.467232
0.470601
0.471650
0.469414
0.463628
0.454994
0.445250
0.436965
0.433058
0.436064
0.447293
0.466055
0.489167
0.510938
0.523740
0.519151
0.489510
0.429589
0.338009
0.218028
0.077462
-0.072332
-0.218231
-0.347530
-0.450049
-0.519721
-0.555360
-0.560485
-0.542354
-0.510456
-0.474808
-0.444377
-0.425833
-0.422751
-0.435288
-0.460285
-0.491744
-0.521621
-0.540873
-0.540685
-0.513768
-0.455552
-0.365099
-0.245537
-0.103905
0.049610
0.202918
0.343522
0.459977
0.543087
0.586666
0.587860
0.547100
0.467824
0.356056
0.219916
0.069046
-0.086047
-0.234726
-0.366985
-0.474138
-0.549354
-0.588000
-0.587789
-0.548806
-0.473461
-0.366404
-0.234375
-0.085925
0.069034
0.219866
0.355978
0.467633
0.546696
0.587256
0.586083
0.542950
0.460786
0.345643
0.206387
0.054039
-0.099269
-0.241626
-0.362788
-0.455469
-0.516202
-0.545603
-0.547989
-0.530449
-0.501588
-0.470170
-0.443900
-0.428458
-0.426880
-0.439266
-0.462818
-0.492162
-0.519960
-0.537778
-0.537180
-0.510945
-0.454270
-0.365734
-0.247860
-0.107102
0.046767
0.201765
0.345133
0.464803
0.550688
0.595641
0.596017
0.551895
0.467004
0.348400
0.205893
0.051186
-0.103257
-0.245544
-0.365717
-0.456923
-0.516147
-0.544369
-0.546117
-0.528527
-0.500102
-0.469417
-0.443953
-0.429191
-0.428036
-0.440541
-0.463941
-0.492962
-0.520388
-0.537909
-0.537171
-0.510986
-0.454514
-0.366252
-0.248610
-0.107932
0.046075
0.201436
0.345318
0.465509
0.551741
0.596691
0.596603
0.551557
0.465424
0.345542
0.202089
0.047145
-0.106548
-0.247035
-0.364585
-0.452877
-0.509670
-0.536802
-0.539524
-0.525300
-0.502364
-0.478310
-0.458989
-0.447879
-0.445954
-0.452010
-0.463303
-0.476344
-0.487686
-0.494600
-0.495550
-0.490435
-0.480581
-0.468498
-0.457423
-0.450688
-0.450990
-0.459651
-0.476011
-0.497077
-0.517569
-0.530428
-0.527773
-0.502192
-0.448152
-0.363247
-0.249024
-0.111177
0.040961
0.195513
0.339543
0.460638
0.548301
0.595001
0.596801
0.553597
0.469046
0.350222
0.207012
0.051246
-0.104450
-0.247993
-0.369215
-0.461048
-0.520296
-0.547832
-0.548206
-0.528735
-0.498274
-0.465885
-0.439583
-0.425308
-0.426194
-0.442169
-0.469915
-0.503196
-0.533587
-0.551571
-0.547947
-0.515372
-0.449805
-0.351554
-0.225646
-0.081353
0.069116
0.212556
0.336954
0.433440
0.497606
0.529893
0.535030
0.520709
0.495853
0.468886
0.446366
0.432201
0.427526
0.431139
0.440306
0.451702
0.462263
0.469797
0.473272
0.472789
0.469323
0.464325
0.459296
0.455443
0.453462
0.453466
0.455060
0.457511
0.459970
0.461686
0.462186
0.461370
0.459523
0.457233
0.455251
0.454294
0.454850
0.457021
0.460435
0.464273
0.467409
0.468663
0.467124
0.462471
0.455222
0.446810
0.439433
0.435644
0.437728
0.446961
0.462907
0.482940
0.502155
0.513790
0.510142
0.483876
0.429486
0.344600
0.230839
0.093998
-0.056503
-0.208810
-0.350208
-0.468737
-0.554570
-0.600934
-0.604529
-0.565513
-0.487193
-0.375555
-0.238715
-0.086335
0.071016
0.222539
0.357897
0.467873
0.544943
0.583735
0.581387
0.537816
0.455894
0.341468
0.203133
0.051645
-0.101054
-0.243143
-0.364367
-0.457344
-0.518472
-0.548235
-0.550850
-0.533372
-0.504433
-0.472880
-0.446523
-0.431140
-0.429818
-0.442644
-0.466731
-0.496555
-0.524600
-0.542275
-0.541055
-0.513753
-0.455733
-0.365871
-0.247068
-0.106148
0.046854
0.199911
0.340507
0.457118
0.540441
0.584187
0.585434
0.544597
0.465141
0.353156
0.216833
0.065880
-0.089167
-0.237683
-0.369713
-0.476645
-0.551730
-0.590394
-0.590367
-0.551701
-0.476725
-0.369978
-0.238082
-0.089502
0.065879
0.217370
0.354241
0.466554
0.545954
0.586340
0.584397
0.539958
0.456187
0.339521
0.199294
0.046965
-0.105053
-0.244856
-0.362574
-0.451655
-0.509624
-0.538136
-0.542308
-0.529496
-0.507800
-0.484619
-0.465565
-0.453867
-0.450345
-0.453833
-0.461907
-0.471698
-0.480612
-0.486836
-0.489562
-0.488949
-0.485879
-0.481614
-0.477435
-0.474349
-0.472910
-0.473168
-0.474742
-0.476970
-0.479101
-0.480489
-0.480743
-0.479812
-0.477990
-0.475842
-0.474072
-0.473340
-0.474078
-0.476347
-0.479751
-0.483470
-0.486397
-0.487388
-0.485578
-0.480700
-0.473316
-0.464893
-0.457637
-0.454088
-0.456487
-0.466041
-0.482232
-0.502353
-0.521438
-0.532692
-0.528424
-0.501356
-0.446069
-0.360299
-0.245770
-0.108358
0.042473
0.194860
0.336106
0.454284
0.539598
0.585306
0.588142
0.548319
0.469244
0.357050
0.220047
0.068089
-0.088123
-0.237792
-0.370792
-0.478343
-0.553553
-0.591754
-0.590681
-0.550511
-0.473842
-0.365595
-0.232836
-0.084427
0.069518
0.218358
0.351771
0.460572
0.537393
0.577154
0.577297
0.537865
0.461447
0.353048
0.219858
0.070870
-0.083684
-0.233072
-0.366899
-0.475926
-0.552753
-0.592289
-0.592004
-0.552000
-0.474962
-0.366015
-0.232461
-0.083379
0.070972
0.219899
0.353114
0.461528
0.537901
0.577269
0.577164
0.537662
0.461339
0.353147
0.220200
0.071420
-0.083015
-0.232391
-0.366296
-0.475441
-0.552365
-0.591920
-0.591543
-0.551347
-0.474069
-0.364922
-0.231308
-0.082387
0.071548
0.219850
0.352351
0.460152
0.536229
0.575804
0.576496
0.538325
0.463639
0.357005
0.225069
0.076304
-0.079401
-0.231340
-0.368742
-0.481598
-0.561461
-0.602137
-0.600241
-0.555582
-0.471355
-0.354083
-0.213226
-0.060375
0.091944
0.231760
0.349191
0.437732
0.494995
0.522745
0.526206
0.512813
0.490706
0.467291
0.448146
0.436450
0.432973
0.436509
0.444621
0.454443
0.463408
0.469728
0.472609
0.472199
0.469344
0.465246
0.461116
0.457904
0.456143
0.455920
0.456948
0.458709
0.460623
0.462189
0.463093
0.463245
0.462764
0.461916
0.461024
0.460381
0.460170
0.460426
0.461026
0.461728
0.462234
0.462277
0.461702
0.460532
0.458993
0.457486
0.456511
0.456538
0.457872
0.460511
0.464073
0.467797
0.470659
0.471594
0.469782
0.464959
0.457658
0.449285
0.441988
0.438269
0.440370
0.449551
0.465392
0.485303
0.504435
0.516072
0.512535
0.486481
0.432352
0.347695
0.234041
0.097111
-0.053703
-0.206507
-0.348468
-0.467449
-0.553423
-0.599446
-0.602141
-0.561732
-0.481757
-0.368584
-0.230790
-0.078470
0.077530
0.226423
0.358241
0.464502
0.538669
0.576408
0.575663
0.536628
0.461687
0.355345
0.224125
0.076355
-0.078232
-0.229085
-0.365592
-0.477901
-0.557703
-0.598897
-0.598100
-0.555001
-0.472531
-0.356824
-0.216889
-0.063908
0.089840
0.232341
0.353312
0.445484
0.505464
0.533968
0.535425
0.517029
0.487467
0.455563
0.429053
0.413620
0.412273
0.425059
0.449100
0.478926
0.507092
0.525079
0.524400
0.497858
0.440750
0.351842
0.233898
0.093611
-0.059080
-0.212189
-0.353174
-0.470427
-0.554515
-0.599006
-0.600841
-0.560332
-0.480889
-0.368598
-0.231705
-0.080006
0.075835
0.225051
0.357538
0.464549
0.539236
0.576986
0.575587
0.535266
0.458647
0.350657
0.218341
0.070512
-0.082782
-0.230990
-0.363893
-0.472411
-0.549276
-0.589472
-0.590445
-0.552149
-0.476985
-0.369673
-0.237062
-0.087826
0.068002
0.219668
0.356458
0.468509
0.547565
0.587623
0.585439
0.540874
0.457079
0.340452
0.200273
0.047956
-0.104113
-0.244023
-0.361870
-0.451046
-0.509023
-0.537416
-0.541342
-0.528196
-0.506159
-0.482739
-0.463655
-0.452216
-0.449257
-0.453550
-0.462523
-0.473096
-0.482446
-0.488562
-0.490542
-0.488600
-0.483853
-0.477952
-0.472659
-0.469443
-0.469163
-0.471890
-0.476895
-0.482792
-0.487840
-0.490338
-0.489063
-0.483659
-0.474886
-0.464645
-0.455715
-0.451210
-0.453799
-0.464841
-0.483606
-0.506810
-0.528627
-0.541305
-0.536342
-0.506063
-0.445297
-0.352779
-0.231911
-0.090648
0.059545
0.205493
0.334501
0.436451
0.505375
0.540192
0.544518
0.525680
0.493200
0.457099
0.426326
0.407528
0.404264
0.416688
0.441659
0.473204
0.503309
0.522950
0.523314
0.497086
0.439651
0.350012
0.231232
0.090287
-0.062694
-0.215670
-0.356188
-0.472852
-0.556498
-0.600952
-0.603315
-0.563899
-0.485927
-0.375121
-0.239256
-0.087666
0.069306
0.220939
0.356812
0.467497
0.545186
0.584234
0.581595
0.537154
0.453933
0.338098
0.198666
0.046822
-0.105183
-0.245460
-0.363995
-0.453978
-0.512624
-0.541310
-0.544991
-0.531035
-0.507757
-0.482955
-0.462736
-0.450815
-0.448335
-0.454173
-0.465572
-0.478962
-0.490775
-0.498160
-0.499480
-0.494573
-0.484750
-0.472544
-0.461239
-0.454230
-0.454271
-0.462733
-0.478987
-0.500052
-0.520646
-0.533691
-0.531267
-0.505915
-0.452037
-0.367167
-0.252795
-0.114587
0.038105
0.193329
0.338017
0.459574
0.547317
0.593567
0.594333
0.549605
0.463287
0.342845
0.198629
0.042899
-0.111451
-0.252357
-0.370030
-0.458137
-0.514471
-0.540942
-0.542899
-0.527928
-0.504392
-0.480007
-0.460715
-0.450031
-0.448888
-0.455955
-0.468283
-0.482123
-0.493768
-0.500295
-0.500105
-0.493217
-0.481282
-0.467301
-0.455082
-0.448469
-0.450457
-0.462312
-0.482871
-0.508220
-0.531873
-0.545546
-0.540450
-0.508938
-0.446173
-0.351457
-0.228871
-0.086994
0.062310
0.205835
0.331293
0.429390
0.495263
0.528973
0.535010
0.520986
0.495884
0.468285
0.444948
0.429977
0.424659
0.427886
0.436956
0.448524
0.459472
0.467530
0.471582
0.471644
0.468611
0.463865
0.458859
0.454781
0.452348
0.451743
0.452690
0.454612
0.456823
0.458714
0.459877
0.460171
0.459712
0.458798
0.457813
0.457108
0.456913
0.457275
0.458051
0.458946
0.459597
0.459677
0.458997
0.457592
0.455740
0.453938
0.452793
0.452869
0.454512
0.457690
0.461904
0.466208
0.469363
0.470110
0.467533
0.461415
0.452508
0.442597
0.434299
0.430560
0.433919
0.445642
0.464950
0.488524
0.510520
0.523171
0.517978
0.487307
0.426091
0.333231
0.212348
0.071623
-0.077324
-0.221317
-0.347883
-0.447379
-0.514513
-0.548960
-0.554965
-0.540125
-0.513670
-0.484649
-0.460409
-0.445616
-0.441913
-0.448183
-0.461267
-0.476926
-0.490853
-0.499565
-0.501047
-0.495089
-0.483290
-0.468742
-0.455432
-0.447421
-0.447930
-0.458436
-0.477975
-0.502805
-0.526568
-0.541039
-0.537378
-0.507747
-0.446967
-0.353878
-0.232052
-0.089632
0.061738
0.208729
0.338510
0.440847
0.509681
0.543885
0.547102
0.526782
0.492695
0.455209
0.423681
0.405123
0.403320
0.418391
0.446823
0.481946
0.514799
0.535366
0.534055
0.503278
0.438881
0.341159
0.215187
0.070331
-0.081083
-0.225702
-0.351329
-0.448893
-0.513782
-0.546272
-0.551020
-0.535780
-0.509696
-0.481554
-0.458354
-0.444425
-0.441174
-0.447394
-0.459996
-0.474943
-0.488211
-0.496594
-0.498278
-0.493109
-0.482566
-0.469453
-0.457350
-0.449890
-0.449958
-0.458908
-0.475950
-0.497833
-0.518960
-0.531980
-0.528829
-0.502090
-0.446428
-0.359828
-0.244338
-0.106142
0.045076
0.197374
0.338125
0.455596
0.540257
0.585629
0.588628
0.549511
0.471553
0.360593
0.224539
0.072832
-0.084130
-0.235633
-0.371318
-0.481855
-0.559548
-0.598839
-0.596719
-0.553031
-0.470661
-0.355557
-0.216471
-0.064335
0.088764
0.230918
0.351863
0.444285
0.504698
0.533719
0.535681
0.517700
0.488406
0.456586
0.429955
0.414200
0.412359
0.424549
0.447999
0.477375
0.505384
0.523626
0.523671
0.498272
0.442549
0.354974
0.237942
0.097785
-0.055810
-0.210899
-0.354695
-0.475047
-0.561743
-0.607489
-0.608496
-0.564730
-0.479849
-0.360894
-0.217715
-0.062113
0.093306
0.236469
0.357221
0.448517
0.507187
0.534140
0.533956
0.513970
0.483046
0.450242
0.423563
0.408947
0.409537
0.425291
0.452939
0.486306
0.517017
0.535585
0.532796
0.501245
0.436785
0.339582
0.214515
0.070734
-0.079628
-0.223374
-0.348425
-0.445799
-0.510941
-0.544149
-0.550046
-0.536270
-0.511752
-0.484980
-0.462603
-0.448624
-0.444241
-0.448258
-0.457881
-0.469666
-0.480402
-0.487757
-0.490624
-0.489137
-0.484431
-0.478238
-0.472423
-0.468548
-0.467551
-0.469577
-0.473975
-0.479455
-0.484383
-0.487152
-0.486588
-0.482292
-0.474865
-0.465931
-0.457913
-0.453563
-0.455296
-0.464423
-0.480459
-0.500670
-0.520021
-0.531633
-0.527728
-0.500953
-0.445840
-0.360095
-0.245442
-0.107779
0.043385
0.196126
0.337675
0.456037
0.541361
0.586881
0.589344
0.549022
0.469417
0.356783
0.219547
0.067649
-0.088183
-0.237211
-0.369447
-0.476318
-0.551159
-0.589499
-0.589169
-0.550295
-0.475246
-0.368567
-0.236855
-0.088524
0.066598
0.217882
0.354651
0.467002
0.546589
0.587298
0.585766
0.541753
0.458328
0.341833
0.201523
0.048817
-0.103853
-0.244492
-0.363071
-0.452830
-0.511085
-0.539328
-0.542621
-0.528412
-0.505056
-0.480351
-0.460375
-0.448783
-0.446654
-0.452794
-0.464387
-0.477819
-0.489508
-0.496610
-0.497531
-0.492177
-0.481945
-0.469461
-0.458094
-0.451287
-0.451793
-0.460919
-0.477904
-0.499590
-0.520498
-0.533388
-0.530267
-0.503734
-0.448408
-0.362177
-0.246965
-0.108848
0.042560
0.195317
0.336714
0.454862
0.540037
0.585564
0.588230
0.548273
0.469092
0.356799
0.219675
0.067554
-0.088859
-0.238743
-0.371921
-0.479561
-0.554720
-0.592708
-0.591274
-0.550651
-0.473532
-0.364958
-0.232107
-0.083921
0.069472
0.217501
0.349995
0.457987
0.534345
0.574188
0.575056
0.536932
0.462171
0.355387
0.223286
0.074400
-0.081347
-0.233243
-0.370548
-0.483307
-0.563131
-0.603875
-0.602167
-0.557791
-0.473871
-0.356837
-0.216047
-0.063018
0.089741
0.230201
0.348345
0.437470
0.494974
0.522441
0.525013
0.510194
0.486362
0.461312
0.441097
0.429348
0.427121
0.433221
0.444844
0.458395
0.470305
0.477727
0.479032
0.474059
0.464112
0.451722
0.440176
0.432885
0.432640
0.440866
0.456998
0.478118
0.498991
0.512552
0.510863
0.486400
0.433479
0.349529
0.235948
0.098327
-0.054018
-0.209140
-0.353951
-0.475826
-0.564056
-0.610940
-0.612465
-0.568569
-0.483071
-0.363289
-0.219384
-0.063415
0.091874
0.234435
0.354297
0.444709
0.502843
0.529891
0.530566
0.512131
0.483135
0.452129
0.426519
0.411698
0.410495
0.422931
0.446261
0.475272
0.502832
0.520705
0.520574
0.495227
0.439737
0.352462
0.235651
0.095507
-0.058352
-0.213957
-0.358391
-0.479288
-0.566186
-0.611577
-0.611571
-0.566208
-0.479425
-0.358716
-0.214481
-0.059025
0.094739
0.234780
0.351418
0.438503
0.494047
0.520169
0.522345
0.508153
0.485771
0.462571
0.444052
0.433288
0.430919
0.435593
0.444692
0.455165
0.464260
0.470067
0.471773
0.469655
0.464860
0.459031
0.453898
0.450876
0.450773
0.453623
0.458676
0.464549
0.469520
0.471914
0.470531
0.465022
0.456143
0.445774
0.436673
0.431940
0.434258
0.445030
0.463604
0.486789
0.508852
0.522098
0.518029
0.488898
0.429394
0.338055
0.218072
0.077224
-0.073123
-0.219783
-0.349929
-0.453209
-0.523369
-0.559051
-0.563681
-0.544537
-0.511266
-0.474185
-0.442648
-0.423720
-0.421275
-0.435555
-0.463194
-0.497673
-0.530172
-0.550770
-0.549895
-0.519870
-0.456339
-0.359293
-0.233455
-0.087873
0.065299
0.212634
0.341549
0.442268
0.509259
0.541853
0.543998
0.523267
0.489372
0.452507
0.421789
0.404002
0.402759
0.418094
0.446498
0.481374
0.513875
0.534100
0.532550
0.501682
0.437338
0.339767
0.213977
0.069264
-0.082094
-0.226759
-0.352513
-0.450232
-0.515241
-0.547762
-0.552427
-0.537006
-0.510703
-0.482396
-0.459185
-0.445477
-0.442702
-0.449602
-0.462956
-0.478533
-0.492091
-0.500242
-0.501083
-0.494523
-0.482276
-0.467534
-0.454349
-0.446810
-0.448094
-0.459571
-0.480093
-0.505692
-0.529782
-0.543959
-0.539327
-0.508157
-0.445565
-0.350848
-0.228109
-0.085974
0.063634
0.207447
0.333119
0.431314
0.497144
0.530676
0.536430
0.522079
0.496685
0.468919
0.445616
0.430923
0.426117
0.430013
0.439765
0.451842
0.462926
0.470596
0.473675
0.472265
0.467505
0.461158
0.455135
0.451051
0.449890
0.451832
0.456238
0.461813
0.466899
0.469852
0.469450
0.465251
0.457823
0.448768
0.440514
0.435838
0.437201
0.445974
0.461741
0.481829
0.501252
0.513155
0.509760
0.483686
0.429415
0.344590
0.230867
0.094075
-0.056344
-0.208536
-0.349805
-0.468230
-0.554025
-0.600445
-0.604197
-0.565412
-0.487336
-0.375875
-0.239064
-0.086506
0.071238
0.223313
0.359253
0.469665
0.546827
0.585211
0.581889
0.536856
0.453224
0.337221
0.197900
0.046446
-0.104930
-0.244425
-0.362155
-0.451474
-0.509766
-0.538547
-0.542837
-0.529959
-0.508052
-0.484612
-0.465371
-0.453672
-0.450399
-0.454376
-0.463089
-0.473506
-0.482838
-0.489091
-0.491350
-0.489782
-0.485426
-0.479840
-0.474684
-0.471351
-0.470669
-0.472753
-0.476989
-0.482174
-0.486780
-0.489295
-0.488605
-0.484323
-0.477016
-0.468231
-0.460304
-0.455906
-0.457406
-0.466129
-0.481665
-0.501407
-0.520482
-0.532157
-0.528741
-0.502869
-0.448928
-0.364364
-0.250552
-0.113040
0.038915
0.193445
0.337562
0.458754
0.546427
0.592978
0.594453
0.550796
0.465768
0.346582
0.203264
0.047739
-0.107351
-0.250006
-0.370242
-0.461243
-0.520077
-0.547831
-0.549134
-0.531200
-0.502581
-0.471866
-0.446514
-0.431968
-0.431072
-0.443820
-0.467391
-0.496468
-0.523818
-0.541135
-0.540105
-0.513601
-0.456872
-0.368504
-0.250982
-0.110687
0.042697
0.197285
0.340404
0.460044
0.546145
0.591534
0.592501
0.549019
0.464688
0.346434
0.203965
0.048934
-0.106171
-0.249347
-0.370456
-0.462418
-0.521986
-0.549967
-0.550828
-0.531793
-0.501625
-0.469298
-0.442764
-0.427942
-0.428002
-0.442986
-0.469755
-0.502308
-0.532452
-0.550851
-0.548358
-0.517515
-0.453969
-0.357554
-0.232741
-0.088301
0.063854
0.210466
0.339031
0.439774
0.507095
0.540221
0.542980
0.522825
0.489368
0.452724
0.421966
0.403871
0.402087
0.416731
0.444420
0.478713
0.510924
0.531286
0.530359
0.500553
0.437536
0.341261
0.216370
0.071797
-0.080433
-0.227021
-0.355507
-0.456222
-0.523711
-0.557338
-0.561014
-0.542179
-0.510306
-0.475254
-0.445747
-0.428200
-0.425977
-0.439089
-0.464311
-0.495651
-0.525121
-0.543772
-0.542901
-0.515336
-0.456623
-0.365923
-0.246436
-0.105223
0.047571
0.199969
0.339656
0.455418
0.538292
0.582268
0.584548
0.545451
0.468113
0.358095
0.222973
0.071895
-0.084923
-0.236794
-0.373230
-0.484648
-0.563039
-0.602559
-0.600022
-0.555267
-0.471383
-0.354701
-0.214467
-0.062096
0.089988
0.229826
0.347465
0.436278
0.493744
0.521519
0.524781
0.510989
0.488383
0.464512
0.445107
0.433469
0.430408
0.434664
0.443633
0.454210
0.463559
0.469673
0.471659
0.469746
0.465064
0.459273
0.454132
0.451095
0.450997
0.453878
0.458977
0.464882
0.469834
0.472128
0.470556
0.464794
0.455653
0.445092
0.435955
0.431407
0.434148
0.445529
0.464773
0.488506
0.510793
0.523768
0.518855
0.488378
0.427256
0.334414
0.213510
0.072762
-0.076187
-0.220158
-0.346700
-0.446204
-0.513420
-0.548048
-0.554334
-0.539841
-0.513725
-0.484942
-0.460744
-0.445728
-0.441526
-0.447082
-0.459377
-0.474372
-0.487980
-0.496903
-0.499211
-0.494634
-0.484539
-0.471635
-0.459439
-0.451567
-0.450949
-0.459054
-0.475271
-0.496573
-0.517586
-0.531121
-0.529155
-0.504143
-0.450440
-0.365562
-0.251020
-0.112520
0.040522
0.196086
0.341035
0.462724
0.550441
0.596511
0.596982
0.551913
0.465304
0.344719
0.200594
0.045233
-0.108489
-0.248596
-0.365459
-0.452955
-0.509090
-0.535937
-0.538907
-0.525494
-0.503803
-0.481142
-0.462977
-0.452373
-0.449986
-0.454499
-0.463340
-0.473505
-0.482290
-0.487820
-0.489309
-0.487054
-0.482209
-0.476419
-0.471401
-0.468552
-0.468646
-0.471677
-0.476847
-0.482729
-0.487571
-0.489694
-0.487932
-0.482012
-0.472797
-0.462288
-0.453349
-0.449134
-0.452293
-0.464095
-0.483656
-0.507489
-0.529559
-0.541951
-0.536099
-0.504409
-0.441953
-0.347850
-0.225964
-0.084683
0.064254
0.207680
0.333264
0.431612
0.497740
0.531602
0.537627
0.523429
0.498060
0.470212
0.446773
0.431953
0.427083
0.431011
0.440894
0.453169
0.464463
0.472289
0.475409
0.473892
0.468884
0.462202
0.455849
0.451552
0.450402
0.452637
0.457608
0.463925
0.469746
0.473198
0.472825
0.468022
0.459323
0.448483
0.438267
0.431945
0.432524
0.441841
0.459706
0.483303
0.507067
0.523162
0.522590
0.496787
0.439439
0.348125
0.225405
0.079023
-0.078902
-0.233609
-0.370058
-0.475451
-0.541433
-0.565537
-0.551641
-0.509367
-0.452561
