-0.208696
-0.208696
-0.182609
-0.095652
0.130435
0.069565
0.052174
0.017391
-0.130435
-0.417391
-0.356522
0.017391
0.304348
0.217391
-0.069565
-0.147826
-0.208696
-0.226087
-0.313043
-0.373913
-0.382609
-0.252174
-0.069565
0.243478
0.234783
0.017391
-0.130435
-0.113043
-0.182609
-0.226087
-0.026087
0.156522
0.078261
-0.173913
-0.234783
-0.060870
0.086957
-0.034783
-0.269565
-0.313043
-0.130435
-0.008696
-0.147826
-0.408696
-0.460870
-0.504348
-0.478261
-0.434783
-0.339130
-0.321739
-0.339130
-0.347826
-0.060870
0.043478
0.104348
0.113043
0.139130
0.226087
0.347826
0.452174
0.478261
0.382609
0.026087
-0.113043
0.017391
0.217391
0.139130
-0.052174
-0.034783
0.226087
0.400000
0.286957
0.295652
0.234783
0.217391
0.104348
0.017391
-0.217391
-0.147826
0.147826
0.426087
0.321739
0.000000
-0.165217
0.008696
0.234783
0.234783
0.252174
0.086957
-0.130435
-0.086957
0.139130
0.173913
0.069565
-0.008696
-0.078261
-0.321739
-0.373913
-0.165217
0.147826
0.191304
0.286957
0.313043
0.208696
-0.121739
-0.200000
-0.260870
-0.208696
-0.173913
-0.191304
-0.234783
-0.208696
-0.147826
-0.113043
-0.173913
-0.260870
-0.313043
-0.321739
-0.304348
-0.313043
-0.347826
-0.347826
-0.260870
0.069565
0.139130
0.182609
0.113043
-0.008696
-0.295652
-0.286957
-0.304348
-0.330435
-0.400000
-0.365217
-0.339130
-0.321739
-0.356522
-0.365217
-0.330435
-0.252174
-0.017391
0.113043
0.078261
0.147826
0.234783
0.052174
-0.139130
-0.095652
0.139130
0.182609
0.234783
0.234783
0.173913
-0.113043
-0.130435
-0.191304
-0.243478
-0.200000
0.078261
0.130435
0.139130
0.043478
-0.243478
-0.304348
-0.313043
-0.286957
-0.286957
-0.269565
-0.278261
-0.260870
-0.217391
-0.130435
0.147826
0.200000
0.034783
-0.104348
0.026087
0.295652
0.356522
0.113043
-0.156522
-0.173913
0.000000
0.017391
0.034783
0.113043
0.156522
-0.060870
-0.086957
0.095652
0.304348
0.208696
-0.095652
-0.217391
-0.043478
0.208696
0.226087
0.269565
0.226087
0.182609
0.104348
-0.226087
-0.400000
-0.452174
-0.469565
-0.434783
-0.391304
-0.347826
-0.208696
0.034783
-0.017391
-0.026087
-0.113043
-0.269565
-0.556522
-0.521739
-0.234783
-0.017391
0.043478
0.121739
0.147826
0.182609
0.226087
0.269565
0.295652
0.313043
0.339130
0.391304
0.408696
0.434783
0.434783
0.200000
0.095652
0.052174
-0.034783
-0.104348
-0.156522
-0.139130
0.086957
0.043478
-0.156522
-0.278261
-0.226087
-0.217391
-0.147826
-0.165217
-0.130435
-0.060870
0.226087
0.269565
0.321739
0.330435
0.391304
0.434783
0.452174
0.408696
0.295652
0.078261
-0.339130
-0.452174
-0.513043
-0.443478
-0.286957
0.086957
0.182609
0.278261
0.260870
0.191304
0.034783
-0.052174
-0.078261
-0.078261
-0.304348
-0.339130
-0.113043
0.165217
0.182609
0.208696
0.147826
-0.069565
-0.295652
-0.208696
0.095652
0.226087
0.304348
0.373913
0.365217
0.052174
-0.086957
0.034783
0.217391
0.156522
-0.086957
-0.147826
-0.182609
-0.260870
-0.321739
-0.347826
-0.400000
-0.417391
-0.443478
-0.434783
-0.400000
-0.373913
-0.347826
-0.313043
-0.252174
-0.191304
0.000000
0.269565
0.226087
-0.034783
-0.191304
-0.069565
0.156522
0.139130
-0.113043
-0.217391
-0.191304
-0.173913
-0.121739
-0.095652
-0.113043
-0.165217
-0.234783
-0.313043
-0.121739
-0.034783
-0.173913
-0.400000
-0.356522
-0.060870
0.139130
0.121739
0.095652
0.043478
-0.226087
-0.330435
-0.269565
-0.078261
-0.286957
-0.321739
-0.121739
0.200000
0.217391
-0.052174
-0.278261
-0.191304
0.060870
0.147826
0.008696
-0.113043
-0.069565
-0.147826
-0.217391
-0.295652
-0.295652
-0.191304
0.095652
0.139130
0.182609
0.182609
0.217391
0.243478
0.286957
0.313043
0.339130
0.330435
0.286957
0.200000
-0.104348
-0.252174
-0.095652
0.226087
0.304348
0.321739
0.286957
0.269565
0.226087
0.234783
0.252174
0.234783
-0.069565
-0.156522
-0.200000
-0.165217
-0.086957
0.252174
0.347826
0.226087
0.017391
0.026087
-0.026087
-0.017391
0.139130
0.347826
0.304348
0.060870
0.000000
0.208696
0.443478
0.443478
0.460870
0.391304
0.200000
-0.060870
-0.095652
-0.165217
-0.165217
-0.121739
-0.043478
0.026087
0.043478
0.043478
0.043478
0.017391
0.260870
0.356522
0.208696
-0.060870
-0.043478
-0.043478
0.026087
0.139130
0.365217
0.278261
0.252174
0.191304
0.095652
-0.130435
-0.052174
-0.060870
-0.043478
0.052174
0.339130
0.321739
0.052174
-0.139130
-0.173913
-0.200000
-0.173913
-0.156522
-0.147826
-0.026087
0.286957
0.330435
0.165217
0.052174
0.182609
0.382609
0.104348
-0.113043
-0.173913
-0.226087
-0.191304
-0.147826
-0.086957
0.017391
0.286957
0.278261
0.260870
0.147826
0.060870
-0.191304
-0.113043
0.147826
0.365217
0.347826
0.356522
0.313043
0.026087
-0.217391
-0.191304
0.043478
0.086957
0.147826
0.191304
0.252174
0.295652
0.330435
0.104348
-0.113043
-0.182609
-0.252174
-0.226087
-0.182609
-0.130435
-0.104348
-0.104348
-0.078261
-0.043478
-0.060870
-0.113043
-0.182609
-0.052174
0.156522
0.200000
0.304348
0.365217
0.400000
0.339130
0.260870
0.260870
0.278261
0.078261
-0.243478
-0.321739
-0.356522
-0.260870
-0.217391
-0.156522
-0.086957
0.243478
0.400000
0.486957
0.495652
0.452174
0.347826
0.269565
0.034783
-0.200000
-0.156522
0.104348
0.226087
0.243478
0.226087
0.200000
0.165217
0.121739
0.060870
0.043478
0.121739
0.278261
0.408696
0.408696
0.304348
0.217391
0.156522
-0.026087
-0.365217
-0.443478
-0.469565
-0.339130
-0.104348
0.226087
0.226087
-0.017391
-0.156522
-0.200000
-0.321739
-0.426087
-0.434783
-0.356522
-0.234783
-0.139130
-0.130435
0.086957
0.139130
0.113043
0.139130
-0.086957
-0.278261
-0.304348
-0.365217
-0.339130
-0.330435
-0.260870
-0.139130
0.147826
0.121739
-0.121739
-0.321739
-0.217391
0.086957
0.191304
0.286957
0.347826
0.304348
0.017391
-0.017391
0.165217
0.356522
0.365217
0.443478
0.452174
0.486957
0.460870
0.339130
0.000000
-0.078261
0.095652
0.260870
0.147826
-0.121739
-0.182609
-0.234783
-0.234783
-0.226087
-0.121739
-0.078261
-0.008696
0.052174
0.356522
0.408696
0.400000
0.321739
0.243478
-0.069565
-0.113043
0.086957
0.321739
0.217391
-0.104348
-0.243478
-0.095652
0.130435
0.113043
-0.113043
-0.182609
-0.017391
0.208696
0.191304
0.208696
0.165217
-0.008696
-0.252174
-0.234783
-0.260870
-0.243478
-0.069565
0.217391
0.260870
0.373913
0.400000
0.443478
0.417391
0.391304
0.313043
0.165217
-0.095652
-0.026087
-0.069565
-0.095652
0.000000
0.304348
0.286957
-0.008696
-0.252174
-0.182609
0.069565
0.139130
0.269565
0.304348
0.173913
-0.156522
-0.191304
0.034783
0.208696
0.217391
0.173913
0.113043
-0.147826
-0.208696
-0.208696
-0.226087
-0.260870
-0.026087
0.086957
-0.026087
-0.243478
-0.191304
-0.165217
-0.113043
-0.104348
-0.104348
-0.130435
-0.173913
-0.208696
-0.226087
-0.234783
-0.026087
0.139130
0.069565
-0.139130
-0.139130
-0.173913
-0.208696
-0.304348
-0.330435
-0.391304
-0.191304
-0.043478
-0.130435
-0.400000
-0.434783
-0.426087
-0.313043
-0.191304
0.104348
0.121739
-0.086957
-0.260870
-0.278261
-0.347826
-0.304348
0.000000
0.286957
0.330435
0.373913
0.191304
-0.026087
-0.052174
-0.147826
-0.191304
-0.234783
-0.226087
-0.208696
-0.200000
-0.226087
-0.269565
-0.339130
-0.382609
-0.417391
-0.400000
-0.200000
0.069565
0.069565
-0.113043
-0.139130
0.078261
0.278261
0.217391
0.156522
0.026087
-0.217391
-0.460870
-0.400000
-0.356522
-0.295652
-0.252174
-0.191304
0.078261
0.200000
0.026087
-0.243478
-0.304348
-0.095652
0.043478
-0.043478
-0.217391
-0.156522
-0.191304
-0.191304
-0.147826
0.034783
-0.017391
0.052174
0.130435
0.226087
0.217391
0.182609
-0.060870
-0.130435
0.017391
0.286957
0.295652
0.356522
0.365217
0.278261
0.008696
0.026087
-0.017391
0.017391
0.121739
0.365217
0.356522
0.417391
0.382609
0.295652
0.165217
-0.113043
-0.234783
-0.165217
-0.173913
-0.121739
-0.104348
-0.043478
0.078261
0.347826
0.339130
0.078261
-0.156522
-0.069565
0.243478
0.339130
0.373913
0.330435
0.295652
0.243478
0.243478
0.243478
0.243478
0.217391
0.182609
0.165217
0.243478
0.321739
0.269565
-0.069565
-0.156522
0.052174
0.243478
0.113043
-0.217391
-0.104348
0.165217
0.217391
0.026087
-0.026087
-0.069565
-0.078261
-0.086957
-0.104348
-0.147826
0.008696
0.226087
0.182609
-0.052174
-0.200000
-0.078261
0.095652
0.060870
0.086957
0.043478
0.086957
0.121739
0.113043
-0.156522
-0.252174
-0.113043
0.121739
0.113043
0.113043
0.034783
-0.191304
-0.408696
-0.304348
0.000000
0.121739
-0.052174
-0.269565
-0.226087
0.043478
0.173913
0.260870
0.295652
0.052174
-0.113043
-0.165217
-0.226087
-0.234783
-0.226087
-0.191304
-0.173913
-0.208696
-0.217391
0.034783
0.173913
0.191304
0.182609
0.104348
-0.200000
-0.339130
-0.330435
-0.208696
-0.060870
0.286957
0.443478
0.452174
0.417391
0.304348
-0.060870
-0.226087
-0.060870
0.278261
0.373913
0.426087
0.295652
-0.026087
-0.121739
0.034783
0.182609
0.060870
-0.182609
-0.217391
0.034783
0.234783
0.147826
-0.130435
-0.182609
-0.217391
-0.191304
-0.191304
-0.191304
-0.226087
-0.217391
-0.182609
-0.139130
-0.139130
-0.130435
0.104348
0.313043
0.313043
0.295652
0.208696
0.208696
0.234783
0.182609
-0.052174
-0.060870
0.191304
0.417391
0.304348
0.026087
-0.069565
-0.156522
-0.139130
0.121739
0.182609
0.182609
0.182609
0.217391
0.269565
0.330435
0.365217
0.330435
0.200000
-0.191304
-0.356522
-0.217391
0.043478
0.069565
-0.139130
-0.208696
-0.243478
-0.234783
-0.243478
-0.008696
0.008696
0.060870
0.121739
0.191304
0.026087
0.060870
0.286957
0.539130
0.434783
0.121739
-0.034783
0.043478
0.182609
-0.069565
-0.113043
-0.147826
-0.139130
-0.182609
0.034783
0.086957
-0.078261
-0.339130
-0.321739
-0.347826
-0.269565
-0.095652
0.269565
0.365217
0.443478
0.391304
0.365217
0.278261
0.200000
-0.121739
-0.304348
-0.347826
-0.321739
-0.269565
-0.243478
-0.252174
-0.226087
-0.234783
-0.226087
-0.269565
-0.347826
-0.295652
-0.078261
-0.060870
0.026087
0.052174
0.095652
0.078261
0.052174
0.043478
0.034783
0.008696
-0.017391
-0.226087
-0.365217
-0.321739
-0.295652
-0.226087
0.052174
0.260870
0.260870
0.243478
0.173913
0.182609
0.217391
0.226087
0.008696
0.026087
-0.026087
-0.043478
-0.034783
0.208696
0.191304
0.217391
0.173913
0.113043
-0.156522
-0.130435
0.139130
0.400000
0.400000
0.408696
0.365217
0.373913
0.330435
0.260870
0.182609
-0.034783
-0.200000
-0.060870
0.252174
0.356522
0.130435
-0.182609
-0.278261
-0.373913
-0.330435
-0.330435
-0.295652
-0.260870
0.060870
0.156522
-0.052174
-0.347826
-0.356522
-0.095652
0.069565
-0.052174
-0.191304
-0.113043
0.217391
0.382609
0.226087
-0.026087
-0.026087
0.165217
0.234783
0.226087
0.226087
-0.017391
-0.139130
-0.026087
0.173913
0.130435
0.173913
0.234783
0.295652
0.252174
0.217391
0.243478
0.313043
0.330435
0.269565
0.147826
-0.173913
-0.278261
-0.243478
-0.226087
-0.208696
-0.208696
-0.200000
-0.191304
-0.173913
-0.139130
0.130435
0.226087
0.060870
-0.243478
-0.321739
-0.400000
-0.295652
0.000000
0.078261
0.165217
0.191304
0.234783
0.226087
0.234783
0.008696
-0.147826
-0.078261
0.121739
0.095652
-0.104348
-0.226087
-0.173913
-0.182609
-0.191304
-0.252174
-0.330435
-0.295652
-0.034783
0.060870
0.173913
0.226087
0.269565
0.252174
0.217391
-0.078261
-0.295652
-0.226087
0.060870
0.156522
0.034783
-0.060870
0.260870
0.356522
0.452174
0.460870
0.443478
0.391304
0.347826
0.304348
0.295652
0.295652
0.347826
0.426087
0.269565
0.017391
-0.008696
0.200000
0.252174
0.260870
0.234783
0.217391
-0.026087
-0.026087
0.182609
0.382609
0.260870
-0.060870
-0.165217
-0.182609
-0.139130
-0.043478
0.260870
0.286957
0.104348
-0.121739
-0.130435
-0.200000
-0.208696
-0.234783
-0.234783
-0.260870
-0.278261
-0.139130
0.173913
0.226087
0.060870
-0.008696
0.026087
0.008696
-0.017391
-0.052174
-0.104348
-0.121739
-0.139130
-0.104348
0.252174
0.443478
0.321739
0.008696
-0.095652
0.052174
0.156522
-0.008696
-0.234783
-0.217391
-0.234783
-0.173913
0.000000
0.347826
0.356522
0.069565
-0.130435
-0.052174
0.147826
-0.104348
-0.269565
-0.173913
0.182609
0.339130
0.443478
0.408696
0.269565
-0.104348
-0.182609
-0.269565
-0.260870
-0.269565
-0.260870
-0.243478
0.026087
0.243478
0.234783
0.217391
0.095652
0.078261
0.086957
0.060870
-0.173913
-0.156522
-0.191304
-0.139130
-0.069565
0.200000
0.191304
0.217391
0.165217
0.156522
0.113043
0.095652
0.139130
0.208696
0.243478
0.260870
0.278261
0.321739
0.356522
0.339130
0.304348
0.121739
-0.069565
0.000000
0.234783
0.252174
0.226087
0.226087
0.200000
-0.113043
-0.234783
-0.313043
-0.365217
-0.434783
-0.443478
-0.443478
-0.443478
-0.417391
-0.347826
0.000000
0.104348
-0.060870
-0.330435
-0.365217
-0.426087
-0.382609
-0.382609
-0.347826
-0.069565
0.139130
0.243478
0.278261
0.243478
-0.060870
-0.173913
-0.034783
0.208696
0.217391
0.034783
-0.043478
-0.034783
-0.104348
-0.165217
0.026087
0.130435
0.147826
0.139130
0.130435
0.156522
0.165217
0.069565
-0.217391
-0.243478
-0.304348
-0.278261
-0.156522
0.113043
0.104348
-0.130435
-0.286957
-0.278261
-0.252174
-0.156522
0.086957
0.121739
0.078261
0.104348
0.173913
0.234783
0.234783
0.217391
0.208696
-0.008696
-0.139130
-0.095652
-0.104348
-0.104348
-0.095652
-0.113043
-0.121739
-0.156522
-0.165217
0.017391
0.165217
0.165217
0.208696
0.200000
0.000000
-0.130435
0.000000
0.278261
0.304348
0.286957
0.217391
0.165217
0.078261
0.060870
-0.130435
-0.226087
-0.034783
0.269565
0.286957
0.208696
0.034783
-0.260870
-0.321739
-0.313043
-0.321739
-0.330435
-0.243478
-0.139130
0.086957
0.260870
0.173913
0.165217
0.165217
0.069565
-0.069565
0.017391
0.034783
0.078261
0.043478
0.017391
-0.017391
0.173913
0.182609
0.191304
0.173913
0.182609
0.182609
0.217391
0.217391
0.217391
0.156522
-0.078261
0.052174
0.295652
0.278261
0.252174
0.191304
0.208696
0.234783
0.260870
0.260870
0.234783
0.200000
0.147826
0.060870
-0.252174
-0.400000
-0.278261
-0.034783
0.017391
-0.121739
-0.095652
-0.017391
-0.052174
-0.113043
0.052174
0.095652
-0.043478
-0.278261
-0.234783
-0.226087
-0.139130
0.017391
0.260870
0.182609
-0.104348
-0.260870
-0.121739
0.060870
0.043478
-0.130435
-0.156522
-0.086957
-0.104348
-0.147826
-0.191304
-0.234783
-0.217391
-0.208696
-0.191304
-0.208696
-0.217391
-0.173913
-0.121739
0.130435
0.295652
0.252174
0.191304
0.078261
-0.226087
-0.408696
-0.304348
-0.017391
0.095652
-0.026087
-0.095652
-0.008696
-0.017391
0.000000
-0.052174
-0.069565
-0.017391
0.234783
0.269565
0.321739
0.295652
0.026087
-0.086957
-0.191304
-0.269565
-0.313043
-0.104348
-0.060870
-0.200000
-0.347826
-0.200000
0.130435
0.278261
0.321739
0.313043
0.260870
0.173913
0.113043
-0.130435
-0.382609
-0.304348
0.017391
0.208696
0.086957
-0.121739
-0.147826
-0.234783
-0.252174
-0.078261
0.147826
0.113043
-0.113043
-0.165217
0.008696
0.208696
0.165217
0.191304
0.156522
-0.008696
-0.243478
-0.034783
0.008696
-0.113043
-0.313043
-0.278261
-0.321739
-0.347826
-0.382609
-0.295652
-0.208696
0.086957
0.182609
0.026087
-0.200000
-0.139130
-0.147826
-0.113043
-0.139130
-0.095652
-0.078261
0.147826
0.173913
-0.026087
-0.243478
-0.139130
0.147826
0.278261
0.286957
0.321739
0.304348
-0.034783
-0.252174
-0.339130
-0.321739
-0.026087
0.260870
0.304348
0.304348
0.208696
-0.078261
-0.260870
-0.173913
0.060870
0.034783
-0.191304
-0.365217
-0.347826
-0.382609
-0.400000
-0.191304
0.000000
-0.078261
-0.304348
-0.286957
-0.017391
0.243478
0.217391
-0.008696
-0.052174
-0.139130
-0.147826
-0.104348
0.243478
0.321739
0.147826
-0.060870
-0.121739
-0.217391
-0.234783
-0.234783
-0.173913
0.095652
0.139130
0.165217
0.156522
0.113043
-0.234783
-0.365217
-0.417391
-0.330435
-0.243478
-0.173913
-0.139130
-0.139130
-0.104348
-0.034783
0.234783
0.234783
0.208696
0.200000
0.226087
0.234783
0.226087
0.008696
-0.191304
-0.165217
0.052174
0.078261
0.104348
0.165217
0.200000
-0.069565
-0.147826
-0.008696
0.200000
0.147826
0.113043
0.017391
-0.026087
-0.043478
0.008696
0.069565
0.000000
-0.200000
-0.217391
-0.339130
-0.400000
-0.469565
-0.460870
-0.443478
-0.373913
-0.321739
-0.295652
-0.295652
-0.278261
0.017391
0.182609
0.043478
-0.234783
-0.278261
-0.060870
0.113043
0.165217
0.304348
0.347826
0.365217
0.321739
0.139130
-0.130435
-0.130435
-0.173913
-0.147826
-0.052174
0.217391
0.017391
-0.052174
0.069565
0.313043
0.295652
0.043478
-0.130435
-0.008696
0.260870
0.356522
0.408696
0.400000
0.426087
0.417391
0.382609
0.086957
-0.191304
-0.269565
-0.269565
-0.191304
0.078261
0.269565
0.295652
0.321739
0.321739
0.347826
0.347826
0.243478
-0.113043
-0.217391
-0.017391
0.226087
0.252174
0.278261
0.252174
0.260870
0.243478
0.165217
-0.113043
0.017391
0.182609
0.200000
0.286957
0.365217
0.417391
0.391304
0.295652
-0.008696
-0.139130
-0.243478
-0.286957
-0.295652
0.008696
0.121739
0.208696
0.252174
0.252174
-0.026087
-0.104348
-0.147826
-0.147826
-0.139130
0.086957
0.104348
0.104348
0.104348
0.113043
0.095652
0.060870
-0.139130
-0.356522
-0.330435
-0.086957
-0.139130
-0.347826
-0.295652
-0.060870
0.034783
-0.130435
-0.347826
-0.304348
-0.034783
0.104348
0.104348
0.139130
0.156522
0.217391
0.260870
0.165217
-0.086957
-0.078261
0.165217
0.286957
0.278261
0.356522
0.400000
0.400000
0.365217
0.347826
0.313043
0.278261
-0.008696
-0.095652
0.034783
0.295652
0.295652
0.304348
0.243478
0.026087
-0.313043
-0.330435
-0.252174
-0.034783
0.295652
0.339130
0.095652
-0.113043
-0.069565
0.121739
0.086957
-0.165217
-0.365217
-0.356522
-0.330435
-0.252174
-0.234783
-0.217391
-0.156522
0.086957
0.104348
-0.052174
-0.165217
-0.113043
-0.113043
-0.095652
0.104348
0.260870
0.252174
0.226087
0.182609
-0.095652
-0.330435
-0.269565
-0.017391
0.060870
0.113043
0.086957
-0.191304
-0.260870
-0.252174
-0.191304
-0.113043
-0.034783
-0.026087
0.130435
0.286957
0.182609
-0.104348
-0.191304
-0.173913
-0.147826
-0.130435
-0.130435
-0.200000
-0.278261
-0.304348
-0.278261
-0.017391
0.034783
0.104348
0.182609
0.252174
0.226087
0.173913
-0.086957
-0.347826
-0.356522
-0.356522
-0.295652
-0.078261
0.217391
0.278261
0.130435
0.200000
0.365217
0.234783
0.191304
0.121739
0.139130
0.165217
0.234783
0.304348
0.382609
0.426087
0.452174
0.417391
0.095652
-0.113043
-0.208696
-0.234783
-0.208696
0.078261
0.200000
0.043478
-0.208696
-0.217391
0.017391
0.147826
-0.034783
-0.339130
-0.356522
-0.391304
-0.295652
-0.156522
0.086957
0.060870
0.069565
-0.052174
-0.347826
-0.443478
-0.513043
-0.469565
-0.373913
-0.078261
0.000000
0.121739
0.226087
0.234783
-0.078261
-0.173913
-0.304348
-0.304348
-0.217391
0.121739
0.191304
0.008696
-0.147826
-0.017391
0.252174
0.286957
0.043478
-0.139130
-0.078261
0.069565
0.026087
-0.191304
-0.269565
-0.052174
0.252174
0.313043
0.095652
-0.078261
-0.069565
-0.104348
-0.095652
0.121739
0.330435
0.391304
0.486957
0.513043
0.504348
0.469565
0.417391
0.347826
0.278261
0.217391
0.165217
0.121739
0.086957
-0.026087
-0.121739
0.017391
0.017391
-0.008696
0.095652
0.269565
0.234783
0.217391
0.165217
0.017391
-0.147826
-0.069565
-0.060870
-0.069565
-0.156522
-0.208696
-0.226087
0.034783
0.147826
0.252174
0.304348
0.086957
-0.095652
0.000000
0.208696
0.191304
-0.121739
-0.347826
-0.260870
-0.017391
0.052174
0.139130
0.147826
0.200000
0.269565
0.321739
0.321739
0.260870
0.086957
-0.208696
-0.200000
-0.200000
-0.121739
0.017391
0.260870
0.208696
0.234783
0.208696
0.078261
-0.226087
-0.269565
-0.104348
0.008696
-0.104348
-0.226087
-0.121739
0.139130
0.286957
0.295652
0.330435
0.052174
-0.191304
-0.147826
0.113043
0.234783
0.104348
-0.043478
-0.034783
-0.069565
-0.017391
0.191304
0.304348
0.252174
0.278261
0.286957
0.069565
-0.165217
-0.208696
-0.226087
-0.173913
-0.173913
-0.165217
-0.121739
0.104348
0.095652
-0.104348
-0.217391
-0.139130
-0.147826
-0.139130
0.069565
0.208696
0.026087
-0.295652
-0.156522
0.139130
0.243478
0.339130
0.330435
0.330435
0.278261
0.191304
-0.113043
-0.182609
-0.226087
-0.252174
-0.269565
-0.191304
-0.121739
-0.095652
-0.130435
-0.165217
0.060870
0.113043
-0.017391
-0.139130
-0.017391
0.260870
0.321739
0.313043
0.313043
0.295652
0.234783
0.208696
0.217391
0.234783
0.208696
-0.078261
-0.173913
-0.069565
0.139130
-0.113043
-0.113043
0.086957
0.417391
0.443478
0.200000
-0.017391
0.043478
0.217391
0.182609
-0.095652
-0.269565
-0.113043
0.173913
0.191304
-0.078261
-0.286957
-0.191304
0.060870
0.130435
0.243478
0.278261
0.304348
0.269565
0.243478
0.191304
0.156522
0.104348
0.052174
0.017391
0.026087
0.060870
0.130435
0.182609
0.217391
0.182609
0.052174
-0.234783
-0.200000
0.060870
0.313043
0.269565
0.069565
0.069565
0.034783
-0.017391
-0.104348
-0.130435
-0.156522
-0.173913
-0.234783
-0.260870
-0.226087
-0.173913
0.078261
0.217391
0.060870
-0.243478
-0.313043
-0.095652
0.113043
0.026087
-0.191304
-0.165217
0.147826
0.400000
0.269565
-0.069565
-0.191304
-0.208696
-0.165217
-0.130435
0.069565
-0.113043
-0.252174
-0.165217
0.104348
0.147826
0.139130
0.139130
0.156522
0.173913
0.191304
0.208696
0.191304
0.139130
-0.113043
-0.165217
-0.200000
-0.252174
-0.313043
-0.304348
-0.295652
-0.104348
0.086957
-0.008696
-0.234783
-0.286957
-0.052174
0.165217
0.086957
-0.182609
-0.286957
-0.173913
-0.008696
-0.034783
0.008696
0.034783
0.095652
0.113043
0.147826
0.191304
0.060870
-0.208696
-0.234783
-0.060870
0.052174
0.069565
0.156522
0.217391
0.278261
0.304348
0.165217
-0.104348
-0.121739
0.060870
0.147826
-0.026087
-0.269565
-0.208696
0.043478
0.173913
0.026087
-0.200000
-0.208696
-0.313043
-0.365217
-0.269565
0.086957
0.165217
0.252174
0.252174
0.182609
-0.034783
-0.026087
0.078261
0.095652
0.052174
0.104348
0.156522
0.156522
0.095652
-0.156522
-0.147826
-0.217391
-0.243478
-0.200000
0.069565
0.086957
-0.113043
-0.321739
-0.347826
-0.417391
-0.408696
-0.400000
-0.347826
-0.252174
0.000000
0.017391
0.069565
0.113043
0.173913
0.156522
0.130435
-0.121739
-0.278261
-0.295652
-0.304348
-0.252174
-0.165217
-0.095652
0.139130
0.113043
0.078261
0.130435
0.217391
0.269565
0.286957
0.304348
0.347826
0.382609
0.356522
0.330435
0.304348
0.313043
0.356522
0.391304
0.365217
0.347826
0.339130
0.356522
0.339130
0.313043
0.286957
0.252174
0.156522
-0.182609
-0.295652
-0.339130
-0.321739
-0.286957
-0.226087
-0.226087
-0.208696
-0.226087
-0.200000
-0.182609
-0.165217
-0.191304
-0.226087
-0.234783
-0.182609
-0.026087
0.243478
0.260870
0.347826
0.391304
0.460870
0.443478
0.400000
0.069565
-0.130435
-0.191304
-0.208696
-0.191304
-0.191304
-0.208696
-0.226087
-0.226087
-0.226087
-0.008696
0.086957
0.104348
0.182609
0.286957
0.400000
0.486957
0.469565
0.382609
0.243478
0.130435
0.086957
0.034783
-0.008696
-0.234783
-0.356522
-0.208696
0.086957
0.156522
0.156522
0.113043
0.069565
0.034783
0.026087
-0.156522
-0.286957
-0.200000
-0.165217
-0.095652
-0.147826
-0.226087
-0.226087
0.052174
0.147826
-0.008696
-0.182609
-0.182609
-0.217391
-0.173913
0.069565
0.278261
0.295652
0.313043
0.260870
0.226087
0.182609
0.173913
0.182609
0.226087
0.252174
0.269565
0.008696
-0.086957
-0.173913
-0.234783
-0.269565
-0.295652
-0.295652
-0.086957
0.226087
0.321739
0.382609
0.295652
0.078261
-0.147826
-0.130435
-0.243478
-0.339130
-0.208696
0.104348
0.208696
0.286957
0.269565
0.295652
0.347826
0.408696
0.391304
0.321739
0.234783
0.191304
0.156522
-0.069565
0.069565
0.321739
0.269565
-0.034783
-0.243478
-0.217391
-0.078261
-0.165217
-0.147826
-0.130435
-0.156522
-0.286957
-0.173913
-0.147826
-0.139130
-0.086957
0.104348
0.008696
-0.260870
-0.426087
-0.260870
0.078261
0.191304
0.330435
0.347826
0.226087
-0.095652
-0.130435
-0.234783
-0.260870
-0.130435
0.182609
0.234783
0.078261
-0.052174
-0.095652
-0.173913
0.008696
0.200000
0.121739
-0.173913
-0.260870
-0.278261
-0.208696
-0.104348
0.191304
0.147826
-0.130435
-0.382609
-0.408696
-0.434783
-0.373913
-0.339130
-0.304348
-0.278261
-0.269565
-0.243478
-0.217391
-0.234783
-0.269565
-0.286957
-0.304348
-0.339130
-0.373913
-0.382609
-0.339130
-0.243478
-0.208696
-0.217391
-0.165217
0.121739
-0.008696
-0.191304
-0.269565
-0.400000
-0.443478
-0.426087
-0.295652
-0.156522
-0.095652
-0.113043
-0.147826
-0.226087
-0.286957
-0.339130
-0.365217
-0.173913
0.113043
0.139130
-0.043478
-0.086957
-0.104348
-0.104348
-0.121739
0.104348
0.139130
0.000000
-0.130435
-0.052174
-0.060870
-0.052174
-0.095652
-0.113043
-0.113043
0.147826
0.234783
0.043478
-0.243478
-0.252174
-0.286957
-0.252174
-0.295652
-0.356522
-0.408696
-0.426087
-0.434783
-0.391304
-0.286957
0.069565
0.295652
0.365217
0.382609
0.347826
0.026087
-0.139130
-0.182609
-0.121739
-0.034783
0.243478
0.321739
0.139130
-0.139130
-0.173913
-0.269565
-0.330435
-0.260870
0.000000
0.026087
0.113043
0.147826
0.026087
-0.295652
-0.304348
-0.026087
0.191304
0.086957
-0.173913
-0.173913
-0.173913
-0.139130
-0.226087
-0.295652
-0.347826
-0.278261
-0.130435
0.173913
0.182609
0.017391
-0.113043
-0.086957
-0.156522
-0.217391
-0.043478
0.139130
0.069565
-0.156522
-0.191304
0.000000
0.121739
-0.043478
-0.330435
-0.408696
-0.217391
-0.052174
-0.130435
-0.330435
-0.339130
-0.365217
-0.400000
-0.452174
-0.443478
-0.486957
-0.504348
-0.443478
-0.060870
0.156522
0.278261
0.313043
0.278261
0.234783
0.234783
0.252174
0.260870
0.226087
-0.026087
-0.017391
0.226087
0.434783
0.321739
0.017391
-0.113043
0.026087
0.156522
0.104348
0.200000
0.278261
0.373913
0.321739
0.226087
-0.095652
-0.165217
0.008696
0.226087
0.130435
-0.139130
-0.182609
0.104348
0.417391
0.426087
0.391304
0.121739
-0.182609
-0.226087
-0.034783
0.026087
0.000000
0.017391
0.034783
-0.191304
-0.243478
-0.095652
0.147826
0.121739
0.173913
0.200000
0.139130
-0.139130
-0.165217
-0.182609
-0.121739
-0.113043
-0.156522
-0.226087
-0.252174
-0.208696
-0.165217
-0.200000
-0.260870
-0.304348
-0.286957
-0.278261
-0.278261
-0.321739
-0.330435
-0.260870
0.060870
0.130435
0.165217
0.095652
-0.034783
-0.321739
-0.286957
-0.286957
-0.295652
-0.347826
-0.330435
-0.304348
-0.321739
-0.391304
-0.443478
-0.400000
-0.304348
-0.026087
0.147826
0.156522
0.234783
0.304348
0.078261
-0.165217
-0.173913
0.034783
0.095652
0.191304
0.260870
0.252174
0.008696
-0.034783
-0.147826
-0.252174
-0.269565
-0.034783
0.034783
0.095652
0.069565
-0.156522
-0.191304
-0.208696
-0.243478
-0.313043
-0.356522
-0.373913
-0.347826
-0.260870
-0.104348
0.234783
0.304348
0.121739
-0.086957
-0.017391
0.208696
0.252174
0.034783
-0.182609
-0.139130
0.095652
0.130435
0.113043
0.121739
0.095652
-0.165217
-0.191304
0.026087
0.313043
0.286957
0.008696
-0.104348
0.017391
0.200000
0.156522
0.156522
0.113043
0.121739
0.113043
-0.147826
-0.286957
-0.339130
-0.417391
-0.434783
-0.460870
-0.443478
-0.295652
-0.026087
-0.008696
0.026087
-0.026087
-0.200000
-0.513043
-0.530435
-0.269565
-0.078261
-0.008696
0.095652
0.147826
0.200000
0.260870
0.286957
0.304348
0.304348
0.339130
0.382609
0.417391
0.443478
0.443478
0.191304
0.060870
-0.008696
-0.086957
-0.121739
-0.121739
-0.060870
0.191304
0.130435
-0.113043
-0.304348
-0.313043
-0.356522
-0.286957
-0.234783
-0.113043
0.060870
0.391304
0.434783
0.426087
0.321739
0.269565
0.243478
0.260870
0.295652
0.286957
0.200000
-0.147826
-0.226087
-0.365217
-0.408696
-0.400000
-0.121739
-0.052174
0.113043
0.208696
0.278261
0.226087
0.182609
0.121739
0.017391
-0.356522
-0.504348
-0.339130
-0.026087
0.095652
0.234783
0.269565
0.139130
-0.113043
-0.095652
0.104348
0.121739
0.147826
0.208696
0.252174
0.017391
-0.026087
0.147826
0.356522
0.269565
-0.026087
-0.165217
-0.252174
-0.347826
-0.417391
-0.426087
-0.417391
-0.391304
-0.382609
-0.356522
-0.339130
-0.330435
-0.330435
-0.321739
-0.295652
-0.234783
-0.060870
0.217391
0.200000
-0.026087
-0.165217
-0.017391
0.234783
0.208696
-0.060870
-0.234783
-0.260870
-0.269565
-0.217391
-0.165217
-0.139130
-0.121739
-0.139130
-0.191304
-0.008696
0.026087
-0.182609
-0.486957
-0.486957
-0.191304
0.043478
0.095652
0.156522
0.165217
-0.078261
-0.208696
-0.208696
-0.104348
-0.400000
-0.478261
-0.260870
0.113043
0.217391
0.034783
-0.130435
-0.026087
0.173913
0.182609
-0.052174
-0.252174
-0.243478
-0.295652
-0.295652
-0.278261
-0.173913
-0.034783
0.260870
0.234783
0.182609
0.095652
0.069565
0.086957
0.173913
0.286957
0.408696
0.460870
0.426087
0.304348
-0.069565
-0.295652
-0.217391
0.086957
0.182609
0.269565
0.321739
0.356522
0.339130
0.339130
0.304348
0.217391
-0.139130
-0.260870
-0.295652
-0.208696
-0.069565
0.304348
0.426087
0.295652
0.034783
0.017391
-0.060870
-0.069565
0.104348
0.339130
0.321739
0.095652
0.043478
0.217391
0.434783
0.417391
0.426087
0.373913
0.200000
-0.034783
-0.060870
-0.130435
-0.156522
-0.139130
-0.078261
-0.017391
0.034783
0.043478
0.078261
0.069565
0.295652
0.365217
0.191304
-0.104348
-0.095652
-0.078261
0.034783
0.165217
0.417391
0.330435
0.278261
0.173913
0.043478
-0.191304
-0.104348
-0.078261
-0.017391
0.113043
0.408696
0.365217
0.052174
-0.200000
-0.252174
-0.278261
-0.200000
-0.139130
-0.095652
0.069565
0.365217
0.356522
0.121739
-0.043478
0.060870
0.278261
0.078261
-0.060870
-0.060870
-0.086957
-0.078261
-0.104348
-0.130435
-0.113043
0.121739
0.147826
0.226087
0.217391
0.200000
-0.026087
0.008696
0.182609
0.304348
0.191304
0.182609
0.173913
-0.017391
-0.165217
-0.052174
0.226087
0.226087
0.217391
0.147826
0.139130
0.139130
0.200000
0.034783
-0.095652
-0.095652
-0.121739
-0.113043
-0.130435
-0.130435
-0.156522
-0.191304
-0.156522
-0.095652
-0.060870
-0.086957
-0.130435
0.000000
0.200000
0.208696
0.304348
0.356522
0.373913
0.321739
0.243478
0.234783
0.252174
0.043478
-0.260870
-0.321739
-0.321739
-0.200000
-0.147826
-0.095652
-0.069565
0.208696
0.304348
0.365217
0.400000
0.408696
0.400000
0.391304
0.182609
-0.069565
-0.086957
0.060870
0.086957
0.052174
0.052174
0.104348
0.165217
0.243478
0.252174
0.243478
0.252174
0.295652
0.295652
0.208696
0.086957
0.060870
0.104348
0.052174
-0.182609
-0.217391
-0.286957
-0.260870
-0.165217
0.052174
0.000000
-0.200000
-0.260870
-0.182609
-0.191304
-0.226087
-0.234783
-0.226087
-0.217391
-0.243478
-0.295652
-0.113043
-0.017391
0.052174
0.191304
0.043478
-0.104348
-0.173913
-0.295652
-0.356522
-0.434783
-0.408696
-0.260870
0.052174
0.130435
-0.052174
-0.191304
-0.095652
0.173913
0.226087
0.269565
0.252174
0.191304
-0.069565
-0.069565
0.182609
0.426087
0.452174
0.521739
0.513043
0.504348
0.426087
0.278261
-0.069565
-0.113043
0.078261
0.269565
0.165217
-0.095652
-0.147826
-0.208696
-0.234783
-0.234783
-0.139130
-0.086957
-0.026087
0.026087
0.339130
0.391304
0.400000
0.339130
0.269565
-0.034783
-0.078261
0.113043
0.321739
0.191304
-0.147826
-0.304348
-0.130435
0.104348
0.130435
-0.069565
-0.121739
0.043478
0.226087
0.173913
0.156522
0.086957
-0.078261
-0.286957
-0.226087
-0.191304
-0.156522
0.008696
0.252174
0.260870
0.313043
0.304348
0.356522
0.373913
0.400000
0.373913
0.260870
0.008696
0.008696
-0.095652
-0.165217
-0.086957
0.217391
0.252174
0.017391
-0.182609
-0.086957
0.147826
0.156522
0.234783
0.208696
0.069565
-0.234783
-0.208696
0.069565
0.295652
0.321739
0.260870
0.130435
-0.200000
-0.313043
-0.313043
-0.304348
-0.286957
0.026087
0.191304
0.086957
-0.165217
-0.173913
-0.226087
-0.208696
-0.217391
-0.182609
-0.147826
-0.130435
-0.113043
-0.113043
-0.156522
0.008696
0.113043
0.000000
-0.234783
-0.217391
-0.208696
-0.200000
-0.252174
-0.260870
-0.321739
-0.156522
-0.034783
-0.156522
-0.443478
-0.478261
-0.460870
-0.339130
-0.208696
0.121739
0.147826
-0.060870
-0.234783
-0.243478
-0.304348
-0.295652
-0.026087
0.234783
0.269565
0.313043
0.147826
-0.034783
0.008696
-0.043478
-0.078261
-0.139130
-0.208696
-0.260870
-0.313043
-0.373913
-0.400000
-0.408696
-0.347826
-0.295652
-0.234783
-0.034783
0.165217
0.052174
-0.226087
-0.304348
-0.104348
0.156522
0.191304
0.252174
0.208696
-0.017391
-0.295652
-0.347826
-0.426087
-0.452174
-0.460870
-0.382609
-0.008696
0.234783
0.173913
-0.043478
-0.113043
0.017391
0.043478
-0.156522
-0.400000
-0.356522
-0.321739
-0.226087
-0.069565
0.191304
0.165217
0.208696
0.200000
0.191304
0.104348
0.026087
-0.208696
-0.234783
0.000000
0.347826
0.417391
0.495652
0.469565
0.330435
-0.017391
-0.078261
-0.139130
-0.095652
0.043478
0.356522
0.408696
0.513043
0.495652
0.391304
0.208696
-0.113043
-0.286957
-0.243478
-0.260870
-0.200000
-0.139130
-0.026087
0.139130
0.434783
0.426087
0.147826
-0.139130
-0.086957
0.182609
0.252174
0.295652
0.278261
0.286957
0.278261
0.321739
0.339130
0.321739
0.278261
0.191304
0.121739
0.147826
0.226087
0.182609
-0.113043
-0.147826
0.121739
0.356522
0.234783
-0.139130
-0.086957
0.104348
0.095652
-0.113043
-0.147826
-0.113043
-0.043478
0.026087
0.052174
-0.008696
0.078261
0.217391
0.086957
-0.208696
-0.356522
-0.182609
0.078261
0.130435
0.226087
0.226087
0.217391
0.147826
0.052174
-0.304348
-0.426087
-0.234783
0.069565
0.156522
0.234783
0.182609
-0.060870
-0.356522
-0.339130
-0.104348
-0.017391
-0.165217
-0.339130
-0.200000
0.139130
0.313043
0.365217
0.339130
0.026087
-0.200000
-0.278261
-0.330435
-0.286957
-0.200000
-0.130435
-0.086957
-0.130435
-0.191304
0.008696
0.104348
0.113043
0.130435
0.095652
-0.173913
-0.269565
-0.260870
-0.165217
-0.060870
0.243478
0.382609
0.408696
0.382609
0.304348
-0.034783
-0.173913
-0.026087
0.295652
0.356522
0.391304
0.260870
-0.052174
-0.130435
0.052174
0.217391
0.086957
-0.165217
-0.217391
0.017391
0.217391
0.130435
-0.121739
-0.173913
-0.208696
-0.182609
-0.191304
-0.200000
-0.243478
-0.234783
-0.173913
-0.104348
-0.104348
-0.104348
0.104348
0.286957
0.260870
0.243478
0.165217
0.200000
0.269565
0.269565
0.034783
0.008696
0.200000
0.365217
0.208696
-0.086957
-0.156522
-0.165217
-0.078261
0.243478
0.321739
0.286957
0.208696
0.156522
0.147826
0.191304
0.252174
0.295652
0.252174
-0.069565
-0.200000
-0.095652
0.095652
0.026087
-0.252174
-0.356522
-0.365217
-0.313043
-0.226087
0.086957
0.147826
0.191304
0.200000
0.191304
-0.052174
-0.060870
0.156522
0.434783
0.408696
0.156522
0.043478
0.147826
0.278261
-0.017391
-0.113043
-0.182609
-0.226087
-0.260870
-0.034783
0.060870
-0.069565
-0.304348
-0.260870
-0.278261
-0.208696
-0.060870
0.278261
0.330435
0.373913
0.321739
0.295652
0.243478
0.208696
-0.078261
-0.208696
-0.243478
-0.243478
-0.243478
-0.278261
-0.321739
-0.347826
-0.347826
-0.295652
-0.260870
-0.260870
-0.156522
0.078261
0.060870
0.069565
0.008696
-0.034783
-0.086957
-0.086957
-0.034783
0.043478
0.113043
0.139130
-0.069565
-0.269565
-0.304348
-0.365217
-0.365217
-0.113043
0.130435
0.217391
0.304348
0.304348
0.339130
0.365217
0.304348
0.000000
-0.086957
-0.182609
-0.200000
-0.147826
0.182609
0.243478
0.356522
0.339130
0.252174
-0.104348
-0.165217
0.034783
0.252174
0.252174
0.313043
0.365217
0.460870
0.469565
0.408696
0.286957
0.000000
-0.260870
-0.182609
0.104348
0.234783
0.078261
-0.156522
-0.182609
-0.243478
-0.208696
-0.260870
-0.304348
-0.330435
-0.060870
0.043478
-0.121739
-0.356522
-0.286957
0.000000
0.165217
0.008696
-0.182609
-0.139130
0.139130
0.295652
0.156522
-0.034783
0.000000
0.208696
0.286957
0.269565
0.243478
-0.043478
-0.173913
-0.052174
0.156522
0.130435
0.191304
0.243478
0.304348
0.252174
0.208696
0.234783
0.304348
0.347826
0.286957
0.182609
-0.156522
-0.269565
-0.269565
-0.252174
-0.243478
-0.217391
-0.200000
-0.156522
-0.130435
-0.095652
0.147826
0.208696
0.008696
-0.304348
-0.365217
-0.408696
-0.269565
0.052174
0.156522
0.217391
0.200000
0.200000
0.156522
0.165217
-0.034783
-0.147826
-0.043478
0.200000
0.182609
-0.078261
-0.252174
-0.217391
-0.260870
-0.260870
-0.286957
-0.304348
-0.226087
0.060870
0.139130
0.200000
0.182609
0.182609
0.147826
0.130435
-0.104348
-0.252174
-0.130435
0.173913
0.252174
0.052174
-0.104348
0.147826
0.234783
0.356522
0.426087
0.478261
0.478261
0.469565
0.408696
0.339130
0.260870
0.260870
0.304348
0.165217
-0.034783
0.000000
0.269565
0.356522
0.356522
0.286957
0.217391
-0.078261
-0.113043
0.078261
0.304348
0.234783
-0.034783
-0.113043
-0.113043
-0.069565
0.008696
0.269565
0.260870
0.043478
-0.200000
-0.191304
-0.243478
-0.226087
-0.200000
-0.165217
-0.182609
-0.208696
-0.086957
0.182609
0.173913
-0.026087
-0.104348
-0.052174
-0.026087
0.000000
0.017391
0.026087
-0.008696
-0.060870
-0.095652
0.182609
0.321739
0.182609
-0.113043
-0.139130
0.095652
0.269565
0.156522
-0.095652
-0.139130
-0.243478
-0.260870
-0.156522
0.182609
0.234783
0.043478
-0.060870
0.086957
0.321739
0.034783
-0.208696
-0.217391
0.060870
0.165217
0.278261
0.313043
0.278261
-0.008696
-0.043478
-0.113043
-0.147826
-0.234783
-0.304348
-0.365217
-0.147826
0.086957
0.156522
0.217391
0.191304
0.217391
0.234783
0.165217
-0.139130
-0.217391
-0.304348
-0.286957
-0.200000
0.121739
0.200000
0.295652
0.304348
0.295652
0.208696
0.121739
0.086957
0.095652
0.113043
0.147826
0.217391
0.330435
0.443478
0.469565
0.426087
0.191304
-0.060870
-0.043478
0.139130
0.139130
0.139130
0.191304
0.217391
-0.043478
-0.139130
-0.234783
-0.313043
-0.417391
-0.486957
-0.513043
-0.513043
-0.478261
-0.382609
-0.017391
0.121739
-0.008696
-0.278261
-0.321739
-0.391304
-0.365217
-0.391304
-0.382609
-0.139130
0.052174
0.182609
0.260870
0.260870
0.008696
-0.095652
0.043478
0.269565
0.226087
-0.034783
-0.147826
-0.147826
-0.182609
-0.191304
0.078261
0.243478
0.278261
0.260870
0.173913
0.121739
0.060870
-0.086957
-0.347826
-0.304348
-0.278261
-0.173913
-0.017391
0.260870
0.191304
-0.147826
-0.391304
-0.426087
-0.382609
-0.234783
0.086957
0.217391
0.226087
0.260870
0.260870
0.226087
0.147826
0.078261
0.078261
-0.086957
-0.139130
-0.008696
0.026087
0.017391
-0.034783
-0.130435
-0.200000
-0.260870
-0.260870
-0.026087
0.200000
0.252174
0.313043
0.286957
0.034783
-0.165217
-0.086957
0.173913
0.234783
0.269565
0.252174
0.243478
0.182609
0.139130
-0.121739
-0.278261
-0.121739
0.191304
0.234783
0.200000
0.078261
-0.182609
-0.226087
-0.252174
-0.321739
-0.373913
-0.321739
-0.208696
0.043478
0.252174
0.208696
0.234783
0.234783
0.121739
-0.052174
0.008696
0.000000
0.026087
0.000000
-0.008696
-0.034783
0.182609
0.200000
0.226087
0.200000
0.182609
0.200000
0.217391
0.208696
0.182609
0.113043
-0.113043
0.034783
0.304348
0.313043
0.295652
0.252174
0.269565
0.260870
0.234783
0.200000
0.156522
0.121739
0.095652
0.069565
-0.200000
-0.304348
-0.173913
0.034783
0.026087
-0.156522
-0.182609
-0.130435
-0.139130
-0.156522
0.069565
0.182609
0.069565
-0.173913
-0.182609
-0.217391
-0.200000
-0.078261
0.147826
0.095652
-0.139130
-0.217391
-0.052174
0.173913
0.139130
-0.069565
-0.156522
-0.139130
-0.200000
-0.252174
-0.278261
-0.260870
-0.200000
-0.139130
-0.095652
-0.113043
-0.147826
-0.156522
-0.165217
0.034783
0.173913
0.147826
0.130435
0.086957
-0.156522
-0.286957
-0.182609
0.078261
0.121739
-0.078261
-0.200000
-0.130435
-0.130435
-0.060870
-0.026087
0.017391
0.121739
0.365217
0.365217
0.330435
0.226087
-0.095652
-0.217391
-0.304348
-0.321739
-0.286957
0.000000
0.069565
-0.086957
-0.278261
-0.200000
0.069565
0.165217
0.191304
0.208696
0.226087
0.208696
0.191304
-0.026087
-0.278261
-0.243478
0.034783
0.156522
0.000000
-0.226087
-0.234783
-0.286957
-0.243478
-0.026087
0.252174
0.217391
-0.034783
-0.139130
-0.017391
0.121739
0.060870
0.086957
0.086957
-0.017391
-0.182609
0.078261
0.147826
-0.008696
-0.278261
-0.321739
-0.434783
-0.486957
-0.521739
-0.373913
-0.191304
0.182609
0.330435
0.182609
-0.104348
-0.121739
-0.217391
-0.252174
-0.295652
-0.200000
-0.104348
0.217391
0.304348
0.113043
-0.130435
-0.113043
0.086957
0.165217
0.147826
0.217391
0.260870
0.008696
-0.147826
-0.208696
-0.234783
0.008696
0.226087
0.226087
0.200000
0.130435
-0.104348
-0.217391
-0.104348
0.139130
0.086957
-0.191304
-0.400000
-0.408696
-0.443478
-0.434783
-0.173913
0.043478
-0.017391
-0.269565
-0.286957
-0.043478
0.191304
0.156522
-0.043478
-0.043478
-0.095652
-0.104348
-0.052174
0.252174
0.286957
0.086957
-0.130435
-0.156522
-0.217391
-0.200000
-0.182609
-0.113043
0.139130
0.130435
0.113043
0.095652
0.052174
-0.252174
-0.356522
-0.373913
-0.278261
-0.182609
-0.156522
-0.173913
-0.200000
-0.156522
-0.069565
0.226087
0.269565
0.278261
0.269565
0.260870
0.226087
0.165217
-0.060870
-0.252174
-0.173913
0.078261
0.147826
0.173913
0.226087
0.200000
-0.121739
-0.234783
-0.095652
0.147826
0.156522
0.173913
0.121739
0.095652
0.034783
0.008696
0.000000
-0.104348
-0.321739
-0.295652
-0.339130
-0.330435
-0.356522
-0.330435
-0.339130
-0.347826
-0.365217
-0.400000
-0.417391
-0.373913
-0.017391
0.217391
0.147826
-0.104348
-0.156522
0.000000
0.095652
0.095652
0.182609
0.234783
0.286957
0.295652
0.191304
-0.017391
-0.017391
-0.086957
-0.095652
-0.069565
0.139130
-0.086957
-0.156522
-0.008696
0.295652
0.339130
0.130435
-0.017391
0.086957
0.313043
0.347826
0.347826
0.304348
0.304348
0.330435
0.365217
0.130435
-0.113043
-0.156522
-0.173913
-0.121739
0.069565
0.208696
0.182609
0.208696
0.226087
0.313043
0.373913
0.321739
0.008696
-0.095652
0.060870
0.234783
0.191304
0.173913
0.121739
0.147826
0.191304
0.182609
-0.026087
0.139130
0.304348
0.295652
0.313043
0.304348
0.304348
0.252174
0.182609
-0.078261
-0.121739
-0.156522
-0.147826
-0.147826
0.104348
0.147826
0.147826
0.121739
0.095652
-0.165217
-0.156522
-0.121739
-0.043478
0.008696
0.252174
0.208696
0.104348
0.008696
-0.043478
-0.069565
-0.060870
-0.173913
-0.304348
-0.200000
0.078261
-0.008696
-0.269565
-0.313043
-0.156522
-0.113043
-0.260870
-0.426087
-0.304348
0.034783
0.234783
0.234783
0.226087
0.191304
0.165217
0.165217
0.043478
-0.165217
-0.104348
0.173913
0.339130
0.365217
0.426087
0.434783
0.417391
0.347826
0.304348
0.278261
0.243478
-0.026087
-0.113043
0.043478
0.304348
0.304348
0.347826
0.278261
0.060870
-0.278261
-0.321739
-0.286957
-0.095652
0.217391
0.278261
0.078261
-0.086957
0.000000
0.226087
0.191304
-0.121739
-0.391304
-0.443478
-0.460870
-0.365217
-0.304348
-0.226087
-0.069565
0.226087
0.269565
0.043478
-0.165217
-0.200000
-0.260870
-0.243478
0.008696
0.260870
0.330435
0.373913
0.330435
0.008696
-0.313043
-0.347826
-0.156522
-0.095652
0.000000
0.060870
-0.130435
-0.130435
-0.113043
-0.095652
-0.095652
-0.104348
-0.156522
0.008696
0.208696
0.173913
-0.034783
-0.078261
-0.069565
-0.086957
-0.139130
-0.208696
-0.313043
-0.382609
-0.365217
-0.260870
0.069565
0.156522
0.200000
0.226087
0.208696
0.139130
0.060870
-0.165217
-0.382609
-0.321739
-0.269565
-0.191304
-0.008696
0.252174
0.234783
0.034783
0.086957
0.278261
0.208696
0.226087
0.217391
0.243478
0.252174
0.269565
0.278261
0.295652
0.321739
0.365217
0.382609
0.104348
-0.060870
-0.121739
-0.147826
-0.165217
0.069565
0.147826
-0.026087
-0.278261
-0.269565
-0.017391
0.156522
0.008696
-0.278261
-0.313043
-0.356522
-0.295652
-0.182609
0.043478
0.017391
0.026087
-0.078261
-0.356522
-0.417391
-0.469565
-0.417391
-0.330435
-0.043478
0.008696
0.113043
0.182609
0.173913
-0.130435
-0.200000
-0.295652
-0.278261
-0.173913
0.182609
0.252174
0.043478
-0.156522
-0.060870
0.191304
0.217391
-0.008696
-0.165217
-0.060870
0.139130
0.113043
-0.104348
-0.217391
-0.052174
0.208696
0.217391
-0.008696
-0.156522
-0.113043
-0.086957
-0.008696
0.252174
0.452174
0.460870
0.495652
0.452174
0.382609
0.321739
0.295652
0.304348
0.321739
0.347826
0.321739
0.252174
0.173913
-0.034783
-0.217391
-0.156522
-0.156522
-0.113043
0.078261
0.356522
0.382609
0.391304
0.304348
0.060870
-0.200000
-0.208696
-0.226087
-0.208696
-0.243478
-0.191304
-0.121739
0.191304
0.295652
0.339130
0.313043
0.000000
-0.217391
-0.139130
0.113043
0.156522
-0.078261
-0.252174
-0.147826
0.086957
0.095652
0.113043
0.086957
0.130435
0.200000
0.260870
0.286957
0.269565
0.121739
-0.156522
-0.139130
-0.147826
-0.086957
0.026087
0.234783
0.139130
0.156522
0.130435
0.034783
-0.243478
-0.234783
-0.026087
0.113043
0.000000
-0.173913
-0.147826
0.052174
0.156522
0.165217
0.252174
0.052174
-0.113043
-0.008696
0.269565
0.347826
0.121739
-0.121739
-0.191304
-0.234783
-0.147826
0.156522
0.365217
0.408696
0.460870
0.434783
0.121739
-0.217391
-0.356522
-0.408696
-0.321739
-0.234783
-0.113043
0.000000
0.269565
0.234783
-0.034783
-0.243478
-0.260870
-0.304348
-0.252174
0.017391
0.234783
0.130435
-0.165217
-0.052174
0.173913
0.208696
0.234783
0.226087
0.252174
0.252174
0.226087
-0.026087
-0.095652
-0.165217
-0.252174
-0.313043
-0.269565
-0.182609
-0.121739
-0.121739
-0.113043
0.139130
0.182609
0.000000
-0.165217
-0.078261
0.191304
0.295652
0.321739
0.365217
0.365217
0.304348
0.243478
0.200000
0.182609
0.139130
-0.139130
-0.191304
-0.043478
0.208696
-0.034783
-0.060870
0.095652
0.382609
0.373913
0.130435
-0.060870
0.060870
0.260870
0.243478
-0.043478
-0.234783
-0.130435
0.113043
0.113043
-0.130435
-0.286957
-0.156522
0.130435
0.200000
0.278261
0.269565
0.260870
0.200000
0.165217
0.147826
0.165217
0.173913
0.139130
0.095652
0.069565
0.043478
0.052174
0.078261
0.121739
0.139130
0.086957
-0.139130
-0.086957
0.156522
0.356522
0.234783
-0.026087
-0.060870
-0.095652
-0.095652
-0.086957
-0.034783
-0.017391
-0.043478
-0.156522
-0.260870
-0.313043
-0.313043
-0.069565
0.113043
0.034783
-0.182609
-0.182609
0.052174
0.234783
0.069565
-0.234783
-0.286957
-0.008696
0.260870
0.191304
-0.052174
-0.086957
-0.060870
-0.017391
-0.034783
0.095652
-0.182609
-0.391304
-0.313043
-0.034783
0.086957
0.165217
0.252174
0.313043
0.313043
0.278261
0.208696
0.113043
0.017391
-0.252174
-0.260870
-0.243478
-0.217391
-0.208696
-0.191304
-0.191304
-0.043478
0.078261
-0.069565
-0.330435
-0.391304
-0.130435
0.139130
0.104348
-0.113043
-0.200000
-0.078261
0.052174
-0.026087
-0.008696
-0.017391
0.008696
0.017391
0.086957
0.165217
0.095652
-0.130435
-0.130435
0.043478
0.121739
0.086957
0.104348
0.104348
0.156522
0.200000
0.113043
-0.069565
-0.017391
0.208696
0.304348
0.060870
-0.252174
-0.304348
-0.104348
0.000000
-0.113043
-0.243478
-0.139130
-0.165217
-0.173913
-0.104348
0.156522
0.121739
0.113043
0.060870
0.000000
-0.130435
-0.017391
0.191304
0.269565
0.226087
0.226087
0.165217
0.069565
-0.069565
-0.321739
-0.269565
-0.243478
-0.173913
-0.069565
0.226087
0.200000
-0.069565
-0.356522
-0.443478
-0.530435
-0.504348
-0.443478
-0.321739
-0.191304
0.078261
0.078261
0.104348
0.113043
0.147826
0.130435
0.095652
-0.139130
-0.286957
-0.304348
-0.313043
-0.260870
-0.182609
-0.095652
0.165217
0.147826
0.121739
0.156522
0.208696
0.226087
0.217391
0.217391
0.286957
0.365217
0.417391
0.434783
0.408696
0.400000
0.373913
0.330435
0.252174
0.217391
0.234783
0.313043
0.391304
0.434783
0.434783
0.356522
0.191304
-0.243478
-0.443478
-0.504348
-0.452174
-0.321739
-0.165217
-0.086957
-0.052174
-0.113043
-0.165217
-0.234783
-0.286957
-0.339130
-0.347826
-0.260870
-0.121739
0.104348
0.382609
0.365217
0.365217
0.330435
0.339130
0.313043
0.321739
0.069565
-0.052174
-0.078261
-0.086957
-0.130435
-0.191304
-0.286957
-0.347826
-0.347826
-0.295652
0.008696
0.182609
0.243478
0.304348
0.339130
0.373913
0.408696
0.347826
0.278261
0.182609
0.156522
0.191304
0.173913
0.113043
-0.173913
-0.382609
-0.304348
-0.034783
0.034783
0.095652
0.130435
0.156522
0.147826
0.147826
-0.095652
-0.278261
-0.278261
-0.269565
-0.208696
-0.217391
-0.234783
-0.173913
0.156522
0.260870
0.078261
-0.165217
-0.208696
-0.286957
-0.260870
-0.008696
0.243478
0.304348
0.356522
0.330435
0.295652
0.234783
0.191304
0.156522
0.173913
0.200000
0.217391
-0.017391
-0.095652
-0.165217
-0.217391
-0.252174
-0.269565
-0.278261
-0.078261
0.226087
0.304348
0.356522
0.252174
0.034783
-0.173913
-0.156522
-0.234783
-0.295652
-0.147826
0.165217
0.252174
0.304348
0.234783
0.226087
0.252174
0.313043
0.339130
0.339130
0.313043
0.304348
0.269565
0.017391
0.078261
0.252174
0.130435
-0.191304
-0.365217
-0.252174
-0.017391
-0.026087
0.026087
0.017391
-0.086957
-0.330435
-0.304348
-0.339130
-0.313043
-0.182609
0.121739
0.147826
-0.069565
-0.226087
-0.121739
0.086957
0.086957
0.130435
0.130435
0.069565
-0.130435
-0.043478
-0.052174
-0.043478
0.034783
0.243478
0.173913
-0.069565
-0.243478
-0.260870
-0.269565
0.034783
0.330435
0.295652
-0.017391
-0.165217
-0.278261
-0.278261
-0.217391
0.069565
0.060870
-0.156522
-0.339130
-0.321739
-0.339130
-0.304348
-0.304348
-0.304348
-0.313043
-0.321739
-0.286957
-0.252174
-0.260870
-0.269565
-0.286957
-0.278261
-0.304348
-0.321739
-0.321739
-0.286957
-0.217391
-0.226087
-0.278261
-0.260870
0.008696
-0.069565
-0.191304
-0.191304
-0.269565
-0.304348
-0.321739
-0.278261
-0.234783
-0.226087
-0.278261
-0.269565
-0.260870
-0.217391
-0.191304
-0.182609
-0.034783
0.156522
0.052174
-0.208696
-0.278261
-0.269565
-0.173913
-0.060870
0.269565
0.339130
0.173913
-0.060870
-0.104348
-0.208696
-0.243478
-0.278261
-0.191304
-0.086957
0.295652
0.408696
0.191304
-0.165217
-0.295652
-0.426087
-0.417391
-0.434783
-0.417391
-0.373913
-0.313043
-0.286957
-0.278261
-0.243478
0.034783
0.182609
0.234783
0.295652
0.330435
0.086957
-0.034783
-0.078261
-0.052174
-0.034783
0.182609
0.217391
0.043478
-0.182609
