-0.191304
-0.234783
-0.217391
-0.104348
0.191304
0.191304
0.243478
0.208696
0.078261
-0.191304
-0.173913
0.069565
0.226087
0.078261
-0.173913
-0.191304
-0.243478
-0.243478
-0.260870
-0.234783
-0.243478
-0.226087
-0.139130
0.156522
0.191304
-0.008696
-0.200000
-0.200000
-0.226087
-0.208696
0.026087
0.217391
0.113043
-0.156522
-0.200000
0.034783
0.217391
0.095652
-0.156522
-0.200000
0.026087
0.208696
0.113043
-0.147826
-0.191304
-0.243478
-0.243478
-0.269565
-0.234783
-0.252174
-0.234783
-0.182609
0.121739
0.200000
0.234783
0.243478
0.252174
0.252174
0.252174
0.243478
0.234783
0.173913
-0.130435
-0.191304
-0.017391
0.200000
0.147826
-0.113043
-0.208696
-0.026087
0.191304
0.191304
0.260870
0.243478
0.260870
0.226087
0.165217
-0.130435
-0.200000
-0.017391
0.208696
0.147826
-0.104348
-0.200000
-0.026087
0.200000
0.200000
0.252174
0.086957
-0.173913
-0.173913
0.052174
0.200000
0.208696
0.217391
0.208696
-0.086957
-0.208696
-0.086957
0.182609
0.182609
0.234783
0.217391
0.104348
-0.182609
-0.200000
-0.252174
-0.234783
-0.260870
-0.252174
-0.252174
-0.252174
-0.260870
-0.252174
-0.260870
-0.252174
-0.260870
-0.252174
-0.252174
-0.252174
-0.252174
-0.234783
-0.147826
0.147826
0.182609
0.234783
0.217391
0.139130
-0.156522
-0.200000
-0.252174
-0.234783
-0.260870
-0.243478
-0.260870
-0.243478
-0.252174
-0.252174
-0.243478
-0.226087
0.017391
0.200000
0.200000
0.234783
0.208696
-0.034783
-0.208696
-0.130435
0.147826
0.191304
0.226087
0.226087
0.147826
-0.156522
-0.191304
-0.234783
-0.200000
-0.139130
0.156522
0.217391
0.243478
0.173913
-0.113043
-0.200000
-0.234783
-0.243478
-0.252174
-0.252174
-0.243478
-0.243478
-0.234783
-0.165217
0.130435
0.200000
0.017391
-0.200000
-0.139130
0.113043
0.208696
0.017391
-0.200000
-0.156522
0.104348
0.191304
0.217391
0.226087
0.173913
-0.139130
-0.208696
-0.026087
0.208696
0.139130
-0.113043
-0.208696
-0.034783
0.191304
0.191304
0.252174
0.234783
0.234783
0.200000
-0.078261
-0.200000
-0.217391
-0.252174
-0.243478
-0.243478
-0.234783
-0.086957
0.173913
0.182609
0.243478
0.208696
0.086957
-0.191304
-0.173913
0.060870
0.208696
0.217391
0.252174
0.252174
0.260870
0.252174
0.252174
0.260870
0.260870
0.260870
0.260870
0.260870
0.234783
0.217391
-0.060870
-0.191304
-0.226087
-0.226087
-0.243478
-0.217391
-0.130435
0.182609
0.191304
-0.017391
-0.200000
-0.208696
-0.260870
-0.243478
-0.260870
-0.234783
-0.139130
0.156522
0.200000
0.243478
0.243478
0.260870
0.252174
0.252174
0.252174
0.243478
0.147826
-0.156522
-0.182609
-0.234783
-0.208696
-0.139130
0.165217
0.208696
0.252174
0.243478
0.260870
0.243478
0.252174
0.226087
0.173913
-0.130435
-0.200000
-0.043478
0.191304
0.191304
0.234783
0.208696
0.034783
-0.208696
-0.147826
0.113043
0.191304
0.217391
0.217391
0.173913
-0.130435
-0.200000
-0.026087
0.208696
0.147826
-0.104348
-0.191304
-0.226087
-0.234783
-0.252174
-0.243478
-0.252174
-0.252174
-0.252174
-0.252174
-0.252174
-0.243478
-0.260870
-0.252174
-0.243478
-0.234783
-0.086957
0.191304
0.165217
-0.078261
-0.217391
-0.078261
0.182609
0.173913
-0.060870
-0.191304
-0.208696
-0.243478
-0.252174
-0.252174
-0.243478
-0.252174
-0.234783
-0.200000
0.078261
0.208696
0.060870
-0.182609
-0.182609
0.052174
0.200000
0.200000
0.226087
0.191304
-0.095652
-0.208696
-0.086957
0.182609
0.182609
-0.026087
-0.060870
0.200000
0.182609
-0.034783
-0.208696
-0.104348
0.156522
0.200000
-0.008696
-0.191304
-0.200000
-0.252174
-0.243478
-0.252174
-0.226087
-0.130435
0.147826
0.191304
0.243478
0.243478
0.260870
0.252174
0.252174
0.252174
0.269565
0.252174
0.234783
0.217391
-0.034783
-0.208696
-0.121739
0.156522
0.208696
0.252174
0.243478
0.269565
0.252174
0.260870
0.243478
0.191304
-0.113043
-0.182609
-0.217391
-0.200000
-0.165217
0.139130
0.208696
0.043478
-0.191304
-0.182609
-0.226087
-0.208696
-0.026087
0.208696
0.147826
-0.121739
-0.217391
-0.034783
0.191304
0.182609
0.234783
0.226087
0.043478
-0.200000
-0.200000
-0.252174
-0.243478
-0.252174
-0.243478
-0.252174
-0.252174
-0.252174
-0.234783
-0.208696
0.086957
0.217391
0.078261
-0.165217
-0.182609
-0.243478
-0.217391
-0.113043
0.182609
0.191304
0.243478
0.217391
0.095652
-0.182609
-0.182609
-0.234783
-0.200000
-0.078261
0.191304
0.173913
-0.060870
-0.200000
-0.208696
-0.243478
-0.243478
-0.243478
-0.217391
-0.069565
0.182609
0.165217
-0.069565
-0.217391
-0.069565
0.173913
0.173913
-0.069565
-0.191304
-0.208696
-0.243478
-0.243478
-0.234783
-0.139130
0.156522
0.191304
0.234783
0.217391
0.130435
-0.165217
-0.191304
0.008696
0.200000
0.200000
0.226087
0.208696
-0.026087
-0.217391
-0.121739
0.147826
0.200000
0.243478
0.243478
0.269565
0.243478
0.217391
-0.017391
-0.191304
-0.208696
-0.252174
-0.243478
-0.252174
-0.252174
-0.252174
-0.260870
-0.252174
-0.252174
-0.252174
-0.243478
-0.226087
-0.043478
0.200000
0.208696
0.252174
0.243478
0.252174
0.252174
0.243478
0.243478
0.234783
0.043478
-0.191304
-0.200000
-0.252174
-0.234783
-0.260870
-0.234783
-0.173913
0.121739
0.200000
0.243478
0.252174
0.252174
0.243478
0.234783
0.017391
-0.191304
-0.147826
0.113043
0.208696
0.234783
0.252174
0.260870
0.252174
0.260870
0.252174
0.260870
0.260870
0.260870
0.260870
0.260870
0.252174
0.260870
0.243478
0.104348
-0.173913
-0.182609
-0.226087
-0.208696
-0.078261
0.200000
0.182609
-0.052174
-0.200000
-0.217391
-0.243478
-0.252174
-0.252174
-0.243478
-0.243478
-0.234783
-0.200000
0.078261
0.208696
0.226087
0.226087
-0.017391
-0.200000
-0.217391
-0.260870
-0.243478
-0.252174
-0.234783
-0.130435
0.156522
0.182609
-0.026087
-0.217391
-0.121739
0.139130
0.173913
0.226087
0.217391
0.130435
-0.165217
-0.191304
0.008696
0.200000
0.208696
0.260870
0.243478
0.260870
0.226087
0.121739
-0.165217
-0.191304
0.026087
0.226087
0.121739
-0.139130
-0.191304
-0.234783
-0.243478
-0.260870
-0.234783
-0.252174
-0.234783
-0.191304
0.113043
0.191304
0.226087
0.217391
0.165217
-0.139130
-0.200000
-0.034783
0.208696
0.147826
-0.121739
-0.208696
-0.008696
0.200000
0.139130
-0.113043
-0.200000
-0.034783
0.191304
0.191304
0.243478
0.217391
0.052174
-0.200000
-0.200000
-0.226087
-0.208696
-0.034783
0.200000
0.208696
0.260870
0.243478
0.260870
0.243478
0.252174
0.234783
0.104348
-0.173913
-0.182609
-0.234783
-0.208696
-0.078261
0.200000
0.173913
-0.069565
-0.208696
-0.086957
0.173913
0.182609
0.234783
0.208696
0.086957
-0.191304
-0.173913
0.060870
0.200000
0.208696
0.226087
0.200000
-0.069565
-0.191304
-0.217391
-0.217391
-0.191304
0.086957
0.217391
0.086957
-0.173913
-0.191304
-0.243478
-0.234783
-0.252174
-0.252174
-0.252174
-0.243478
-0.252174
-0.234783
-0.217391
0.026087
0.208696
0.113043
-0.147826
-0.200000
-0.243478
-0.243478
-0.260870
-0.226087
-0.217391
0.026087
0.208696
0.121739
-0.147826
-0.182609
-0.234783
-0.208696
-0.130435
0.165217
0.191304
-0.008696
-0.200000
-0.191304
-0.226087
-0.208696
0.026087
0.217391
0.226087
0.234783
0.043478
-0.182609
-0.200000
-0.260870
-0.234783
-0.252174
-0.260870
-0.243478
-0.252174
-0.252174
-0.252174
-0.260870
-0.243478
-0.234783
-0.226087
-0.026087
0.208696
0.139130
-0.121739
-0.217391
-0.043478
0.191304
0.182609
0.243478
0.226087
0.034783
-0.200000
-0.208696
-0.252174
-0.243478
-0.260870
-0.234783
-0.191304
0.086957
0.008696
-0.200000
-0.173913
0.078261
0.217391
0.078261
-0.173913
-0.182609
-0.234783
-0.217391
-0.104348
0.182609
0.200000
0.252174
0.234783
0.260870
0.226087
0.200000
-0.086957
-0.200000
-0.086957
0.173913
0.191304
0.243478
0.217391
0.104348
-0.182609
-0.182609
-0.243478
-0.208696
-0.095652
0.182609
0.200000
0.252174
0.234783
0.243478
0.217391
-0.026087
-0.200000
-0.208696
-0.252174
-0.234783
-0.252174
-0.226087
-0.121739
0.156522
0.191304
-0.026087
-0.217391
-0.121739
0.139130
0.191304
0.234783
0.243478
0.260870
0.243478
0.252174
0.252174
0.252174
0.260870
0.260870
0.252174
0.252174
0.234783
0.130435
-0.156522
-0.182609
0.034783
0.226087
0.113043
-0.139130
-0.191304
-0.008696
0.113043
-0.173913
-0.191304
-0.243478
-0.243478
-0.252174
-0.234783
-0.226087
-0.017391
0.200000
0.139130
-0.113043
-0.208696
-0.034783
0.191304
0.191304
0.260870
0.234783
0.260870
0.226087
0.173913
-0.130435
-0.200000
-0.043478
0.200000
0.191304
0.234783
0.217391
0.026087
-0.200000
-0.147826
0.121739
0.217391
0.017391
-0.200000
-0.139130
0.113043
0.217391
0.217391
0.208696
-0.060870
-0.200000
-0.217391
-0.252174
-0.243478
-0.243478
-0.252174
-0.234783
-0.234783
-0.208696
0.060870
0.191304
0.208696
0.226087
0.200000
-0.078261
-0.191304
-0.226087
-0.217391
-0.200000
0.069565
0.191304
0.226087
0.217391
0.191304
-0.086957
-0.208696
-0.078261
0.182609
0.208696
0.243478
0.130435
-0.156522
-0.191304
0.026087
0.217391
0.113043
-0.147826
-0.191304
0.034783
0.208696
0.121739
-0.139130
-0.182609
-0.234783
-0.234783
-0.269565
-0.252174
-0.252174
-0.243478
-0.260870
-0.252174
-0.234783
-0.217391
0.017391
0.200000
0.217391
0.252174
0.234783
0.252174
0.234783
0.121739
-0.165217
-0.182609
0.034783
0.217391
0.113043
-0.139130
-0.200000
-0.234783
-0.173913
0.104348
0.200000
0.243478
0.252174
0.252174
0.260870
0.252174
0.243478
0.234783
0.173913
-0.130435
-0.200000
-0.026087
0.208696
0.156522
-0.104348
-0.191304
-0.208696
-0.217391
-0.182609
0.130435
0.191304
0.226087
0.217391
0.165217
-0.139130
-0.208696
-0.026087
0.208696
0.147826
-0.113043
-0.208696
-0.052174
0.130435
-0.130435
-0.191304
-0.226087
-0.208696
-0.200000
0.086957
0.217391
0.095652
-0.173913
-0.182609
-0.234783
-0.208696
-0.104348
0.182609
0.200000
0.252174
0.234783
0.260870
0.234783
0.200000
-0.078261
-0.200000
-0.226087
-0.243478
-0.252174
-0.243478
-0.252174
-0.243478
-0.260870
-0.243478
-0.243478
-0.234783
-0.095652
0.182609
0.200000
0.252174
0.243478
0.252174
0.252174
0.252174
0.260870
0.252174
0.252174
0.226087
-0.008696
-0.191304
-0.200000
-0.226087
-0.200000
0.017391
0.208696
0.226087
0.260870
0.243478
0.260870
0.234783
0.147826
-0.147826
-0.173913
-0.234783
-0.208696
-0.147826
0.156522
0.191304
0.243478
0.208696
0.130435
-0.165217
-0.182609
0.008696
0.208696
0.208696
0.252174
0.252174
0.260870
0.243478
0.243478
0.234783
0.034783
-0.200000
-0.139130
0.121739
0.217391
0.034783
-0.182609
-0.191304
-0.252174
-0.234783
-0.260870
-0.226087
-0.165217
0.130435
0.208696
0.017391
-0.200000
-0.147826
0.113043
0.208696
0.008696
-0.200000
-0.139130
0.113043
0.208696
0.017391
-0.191304
-0.147826
0.104348
0.217391
0.217391
0.200000
-0.060870
-0.208696
-0.086957
0.173913
0.191304
0.252174
0.243478
0.269565
0.243478
0.252174
0.260870
0.260870
0.260870
0.234783
0.208696
-0.069565
-0.191304
-0.217391
-0.243478
-0.243478
-0.243478
-0.243478
-0.234783
-0.226087
-0.200000
0.086957
0.217391
0.078261
-0.173913
-0.200000
-0.252174
-0.139130
0.139130
0.200000
0.252174
0.243478
0.252174
0.234783
0.217391
-0.034783
-0.200000
-0.113043
0.156522
0.208696
-0.008696
-0.191304
-0.191304
-0.260870
-0.243478
-0.252174
-0.234783
-0.139130
0.147826
0.200000
0.252174
0.234783
0.260870
0.226087
0.217391
-0.034783
-0.200000
-0.113043
0.147826
0.200000
-0.026087
-0.217391
-0.121739
0.139130
0.191304
0.243478
0.243478
0.269565
0.252174
0.252174
0.252174
0.260870
0.243478
0.226087
0.034783
-0.200000
-0.147826
0.113043
0.191304
0.226087
0.217391
0.173913
-0.130435
-0.200000
-0.026087
0.217391
0.156522
-0.104348
-0.173913
-0.208696
-0.200000
-0.173913
0.139130
0.217391
0.043478
-0.191304
-0.191304
-0.252174
-0.243478
-0.260870
-0.234783
-0.243478
-0.226087
-0.086957
0.191304
0.173913
-0.069565
-0.200000
-0.217391
-0.243478
-0.243478
-0.252174
-0.243478
-0.234783
-0.234783
-0.200000
0.086957
0.217391
0.069565
-0.182609
-0.173913
0.069565
0.226087
0.078261
-0.165217
-0.173913
-0.234783
-0.208696
-0.086957
0.200000
0.173913
-0.069565
-0.217391
-0.104348
0.130435
-0.104348
-0.217391
-0.121739
0.156522
0.182609
0.234783
0.217391
0.147826
-0.165217
-0.200000
-0.252174
-0.234783
-0.260870
-0.234783
-0.217391
0.017391
0.200000
0.208696
0.260870
0.243478
0.260870
0.243478
0.147826
-0.156522
-0.182609
-0.234783
-0.217391
-0.139130
0.156522
0.200000
0.252174
0.234783
0.260870
0.252174
0.252174
0.260870
0.260870
0.260870
0.260870
0.260870
0.260870
0.252174
0.243478
0.226087
0.034783
-0.200000
-0.147826
0.113043
0.200000
0.226087
0.226087
0.182609
-0.121739
-0.200000
-0.234783
-0.234783
-0.252174
-0.243478
-0.243478
-0.243478
-0.234783
-0.173913
0.130435
0.208696
0.043478
-0.191304
-0.200000
-0.252174
-0.234783
-0.260870
-0.226087
-0.173913
0.121739
0.217391
0.226087
0.191304
-0.078261
-0.208696
-0.069565
0.182609
0.182609
-0.052174
-0.191304
-0.200000
-0.226087
-0.200000
0.069565
0.217391
0.234783
0.252174
0.252174
0.252174
0.234783
0.095652
-0.173913
-0.182609
-0.234783
-0.200000
-0.086957
0.191304
0.182609
-0.060870
-0.191304
-0.200000
-0.226087
-0.191304
0.069565
0.208696
0.226087
0.252174
0.252174
0.252174
0.252174
0.234783
0.226087
-0.008696
-0.200000
-0.208696
-0.243478
-0.243478
-0.252174
-0.243478
-0.243478
-0.234783
-0.217391
0.017391
0.200000
0.208696
0.226087
0.208696
-0.034783
-0.208696
-0.121739
0.147826
0.200000
0.243478
0.252174
0.260870
0.234783
0.226087
-0.026087
-0.208696
-0.104348
0.156522
0.217391
0.234783
0.173913
-0.104348
-0.200000
-0.234783
-0.243478
-0.252174
-0.234783
-0.226087
-0.034783
0.182609
0.191304
0.234783
0.208696
0.034783
-0.191304
-0.208696
-0.260870
-0.234783
-0.252174
-0.234783
-0.173913
0.113043
0.191304
0.243478
0.243478
0.260870
0.252174
0.252174
0.252174
0.234783
0.173913
-0.130435
-0.200000
-0.043478
0.200000
0.200000
0.252174
0.243478
0.260870
0.260870
0.252174
0.260870
0.260870
0.234783
0.208696
-0.086957
-0.200000
-0.069565
0.191304
0.191304
-0.052174
-0.191304
-0.200000
-0.217391
-0.191304
0.086957
0.217391
0.086957
-0.173913
-0.182609
-0.226087
-0.208696
-0.078261
0.200000
0.165217
-0.078261
-0.208696
-0.069565
0.182609
0.173913
-0.069565
-0.191304
-0.200000
-0.243478
-0.252174
-0.252174
-0.252174
-0.243478
-0.260870
-0.252174
-0.252174
-0.252174
-0.234783
-0.217391
0.008696
0.191304
0.200000
0.226087
0.208696
-0.043478
-0.208696
-0.121739
0.147826
0.200000
-0.017391
-0.191304
-0.191304
-0.252174
-0.243478
-0.252174
-0.234783
-0.139130
0.147826
0.182609
0.234783
0.208696
0.139130
-0.165217
-0.208696
-0.226087
-0.165217
0.121739
0.217391
0.026087
-0.200000
-0.156522
0.095652
0.208696
0.226087
0.252174
0.252174
0.243478
0.234783
0.017391
-0.200000
-0.147826
0.113043
0.217391
0.043478
-0.182609
-0.173913
-0.226087
-0.208696
-0.017391
0.217391
0.147826
-0.113043
-0.208696
-0.043478
0.182609
0.191304
0.243478
0.226087
0.069565
-0.139130
0.121739
0.208696
0.086957
-0.173913
-0.182609
-0.252174
-0.234783
-0.260870
-0.217391
-0.200000
0.086957
0.217391
0.086957
-0.173913
-0.200000
-0.252174
-0.234783
-0.260870
-0.217391
-0.191304
0.086957
0.208696
0.069565
-0.182609
-0.173913
0.052174
0.200000
0.208696
0.226087
0.200000
-0.069565
-0.191304
-0.226087
-0.217391
-0.191304
0.078261
0.217391
0.226087
0.217391
-0.026087
-0.208696
-0.113043
0.147826
0.200000
0.000000
-0.191304
-0.182609
-0.226087
-0.200000
0.034783
0.217391
0.113043
-0.156522
-0.191304
0.026087
0.217391
0.121739
-0.139130
-0.173913
-0.226087
-0.208696
-0.139130
0.165217
0.191304
-0.017391
-0.200000
-0.200000
-0.260870
-0.234783
-0.252174
-0.226087
-0.130435
0.156522
0.208696
0.234783
0.173913
-0.113043
-0.200000
-0.234783
-0.252174
-0.252174
-0.243478
-0.252174
-0.252174
-0.243478
-0.182609
0.113043
0.200000
0.234783
0.243478
0.252174
0.234783
0.234783
0.017391
-0.200000
-0.147826
0.113043
0.191304
0.217391
0.208696
0.173913
-0.139130
-0.208696
-0.034783
0.200000
0.200000
0.252174
0.252174
0.269565
0.243478
0.243478
0.243478
0.104348
-0.173913
-0.191304
-0.252174
-0.234783
-0.252174
-0.243478
-0.252174
-0.252174
-0.252174
-0.243478
-0.234783
-0.200000
0.086957
0.217391
0.069565
-0.182609
-0.182609
0.052174
0.200000
0.208696
0.260870
0.252174
0.252174
0.226087
0.095652
-0.165217
-0.182609
-0.226087
-0.208696
-0.086957
0.200000
0.191304
-0.026087
-0.069565
0.200000
0.191304
-0.026087
-0.208696
-0.113043
0.147826
0.200000
0.243478
0.252174
0.260870
0.234783
0.226087
-0.017391
-0.191304
-0.200000
-0.226087
-0.208696
0.026087
0.208696
0.217391
0.260870
0.243478
0.252174
0.234783
0.130435
-0.165217
-0.182609
0.008696
0.208696
0.200000
0.252174
0.243478
0.260870
0.243478
0.156522
-0.121739
0.026087
0.208696
0.226087
0.260870
0.252174
0.260870
0.243478
0.182609
-0.113043
-0.182609
-0.226087
-0.217391
-0.173913
0.130435
0.191304
0.243478
0.226087
0.182609
-0.121739
-0.182609
-0.234783
-0.208696
-0.173913
0.121739
0.208696
0.243478
0.252174
0.252174
0.243478
0.234783
0.026087
-0.191304
-0.139130
0.113043
0.208696
0.069565
-0.130435
0.139130
0.208696
0.069565
-0.191304
-0.173913
0.069565
0.208696
0.217391
0.269565
0.252174
0.243478
0.226087
0.078261
-0.182609
-0.173913
0.060870
0.208696
0.226087
0.260870
0.260870
0.260870
0.252174
0.260870
0.234783
0.208696
-0.086957
-0.200000
-0.086957
0.182609
0.182609
0.243478
0.217391
0.095652
-0.191304
-0.208696
-0.234783
-0.121739
0.165217
0.200000
-0.026087
-0.208696
-0.113043
0.147826
0.200000
-0.008696
-0.191304
-0.191304
-0.260870
-0.234783
-0.252174
-0.226087
-0.130435
0.156522
0.191304
-0.008696
-0.191304
-0.200000
-0.234783
-0.208696
0.017391
0.200000
0.208696
0.226087
0.200000
-0.034783
-0.208696
-0.121739
0.147826
0.217391
0.234783
0.173913
-0.104348
-0.191304
-0.234783
-0.243478
-0.252174
-0.234783
-0.226087
-0.017391
0.208696
0.156522
-0.104348
-0.200000
-0.226087
-0.243478
-0.252174
-0.252174
-0.243478
-0.252174
-0.234783
-0.182609
0.113043
0.200000
0.234783
0.243478
0.252174
0.252174
0.234783
0.043478
-0.191304
-0.191304
-0.226087
-0.200000
-0.026087
0.208696
0.147826
-0.113043
-0.208696
-0.034783
0.191304
0.200000
0.252174
0.243478
0.260870
0.252174
0.243478
0.260870
0.252174
0.243478
0.208696
-0.069565
-0.191304
-0.208696
-0.217391
-0.191304
0.095652
0.217391
0.069565
-0.173913
-0.165217
0.078261
0.217391
0.086957
-0.165217
-0.173913
-0.234783
-0.217391
-0.104348
0.182609
0.191304
0.243478
0.208696
0.086957
-0.182609
-0.208696
-0.234783
-0.130435
0.147826
0.191304
0.234783
0.217391
0.147826
-0.156522
-0.182609
-0.234783
-0.208696
-0.130435
0.173913
0.191304
-0.026087
-0.217391
-0.104348
0.147826
0.191304
-0.034783
-0.208696
-0.095652
0.156522
0.200000
-0.026087
-0.208696
-0.104348
0.147826
0.200000
-0.017391
-0.191304
-0.191304
-0.234783
-0.208696
0.017391
0.208696
0.217391
0.260870
0.243478
0.260870
0.252174
0.252174
0.260870
0.252174
0.260870
0.260870
0.243478
0.234783
0.043478
-0.182609
-0.191304
-0.234783
-0.208696
-0.034783
0.200000
0.200000
0.243478
0.217391
0.043478
-0.200000
-0.200000
-0.260870
-0.234783
-0.260870
-0.226087
-0.173913
0.113043
0.191304
0.234783
0.234783
0.200000
-0.095652
-0.017391
0.208696
0.182609
-0.078261
-0.217391
-0.078261
0.173913
0.191304
0.252174
0.243478
0.260870
0.252174
0.252174
0.252174
0.234783
0.095652
-0.173913
-0.182609
-0.226087
-0.208696
-0.095652
0.191304
0.191304
0.243478
0.217391
0.078261
-0.191304
-0.173913
0.078261
0.226087
0.069565
-0.173913
-0.173913
0.069565
0.217391
0.208696
0.226087
-0.026087
-0.208696
-0.104348
0.156522
0.208696
-0.008696
-0.191304
-0.182609
-0.234783
-0.208696
0.008696
0.191304
0.208696
0.234783
0.217391
-0.017391
-0.208696
-0.217391
-0.252174
-0.234783
-0.252174
-0.226087
-0.130435
0.165217
0.191304
0.000000
-0.200000
-0.191304
-0.217391
-0.200000
0.026087
0.226087
0.113043
-0.156522
-0.191304
0.008696
0.200000
0.200000
0.252174
0.243478
0.234783
0.173913
-0.121739
-0.182609
-0.234783
-0.243478
-0.252174
-0.243478
-0.243478
-0.243478
-0.226087
-0.173913
0.130435
0.208696
0.017391
-0.208696
-0.156522
0.104348
0.200000
0.226087
0.252174
0.260870
0.252174
0.243478
0.243478
0.226087
0.165217
-0.139130
-0.200000
-0.034783
0.208696
0.165217
-0.069565
-0.008696
0.217391
0.165217
-0.086957
-0.208696
-0.060870
0.182609
0.173913
-0.078261
-0.208696
-0.069565
0.182609
0.173913
-0.069565
-0.208696
-0.078261
0.173913
0.191304
0.243478
0.243478
0.269565
0.252174
0.260870
0.252174
0.260870
0.260870
0.260870
0.260870
0.252174
0.252174
0.260870
0.252174
0.252174
0.234783
0.130435
-0.156522
-0.182609
0.034783
0.217391
0.121739
-0.130435
-0.191304
-0.226087
-0.234783
-0.260870
-0.243478
-0.260870
-0.243478
-0.252174
-0.243478
-0.234783
-0.226087
0.034783
0.217391
0.104348
-0.156522
-0.200000
0.026087
0.217391
0.095652
-0.156522
-0.200000
0.026087
0.217391
0.121739
-0.139130
-0.173913
-0.226087
-0.208696
-0.147826
0.165217
0.200000
0.008696
-0.121739
0.165217
0.200000
0.243478
0.243478
0.260870
0.252174
0.252174
0.243478
0.243478
0.182609
-0.121739
-0.200000
-0.234783
-0.243478
-0.252174
-0.234783
-0.226087
-0.017391
0.208696
0.139130
-0.113043
-0.208696
-0.026087
0.208696
0.147826
-0.113043
-0.208696
-0.043478
0.182609
0.191304
0.260870
0.252174
0.269565
0.243478
0.234783
0.234783
0.086957
-0.191304
-0.173913
0.060870
0.200000
0.217391
0.260870
0.252174
0.252174
0.234783
0.069565
-0.182609
-0.165217
0.078261
0.226087
0.069565
-0.173913
-0.173913
0.078261
0.217391
0.086957
-0.165217
-0.173913
-0.234783
-0.217391
-0.104348
0.182609
0.191304
0.243478
0.217391
0.078261
-0.182609
-0.173913
0.060870
0.208696
0.217391
0.243478
0.252174
0.234783
0.147826
-0.156522
-0.173913
-0.226087
-0.208696
-0.130435
0.173913
0.200000
-0.008696
-0.200000
-0.200000
-0.252174
-0.243478
-0.260870
-0.234783
-0.139130
0.147826
0.191304
0.252174
0.243478
0.260870
0.243478
0.226087
-0.026087
-0.200000
-0.208696
-0.252174
-0.234783
-0.252174
-0.234783
-0.139130
0.147826
0.191304
0.252174
0.243478
0.269565
0.252174
0.260870
0.260870
0.260870
0.260870
0.252174
0.269565
0.260870
0.260870
0.260870
0.260870
0.260870
0.260870
0.260870
0.260870
0.260870
0.260870
0.243478
0.191304
-0.121739
-0.191304
-0.234783
-0.243478
-0.252174
-0.243478
-0.252174
-0.243478
-0.260870
-0.252174
-0.260870
-0.260870
-0.252174
-0.252174
-0.252174
-0.234783
-0.095652
0.182609
0.208696
0.252174
0.243478
0.260870
0.234783
0.200000
-0.078261
-0.200000
-0.217391
-0.243478
-0.243478
-0.252174
-0.252174
-0.252174
-0.234783
-0.208696
0.069565
0.200000
0.226087
0.252174
0.252174
0.252174
0.260870
0.252174
0.260870
0.260870
0.252174
0.260870
0.252174
0.252174
0.217391
-0.052174
-0.069565
0.191304
0.217391
0.260870
0.252174
0.260870
0.243478
0.226087
-0.017391
-0.191304
-0.208696
-0.252174
-0.234783
-0.252174
-0.226087
-0.130435
0.165217
0.191304
-0.008696
-0.200000
-0.191304
-0.226087
-0.208696
0.017391
0.208696
0.217391
0.252174
0.252174
0.260870
0.252174
0.252174
0.252174
0.260870
0.234783
0.182609
-0.113043
-0.200000
-0.234783
-0.243478
-0.252174
-0.243478
-0.226087
-0.043478
0.191304
0.200000
0.243478
0.217391
0.043478
-0.191304
-0.191304
-0.234783
-0.208696
-0.043478
0.208696
0.208696
0.260870
0.243478
0.260870
0.252174
0.252174
0.260870
0.260870
0.252174
0.234783
0.173913
-0.121739
-0.208696
-0.060870
0.139130
-0.139130
-0.200000
-0.086957
0.182609
0.182609
0.234783
0.226087
0.104348
-0.182609
-0.182609
-0.226087
-0.200000
-0.078261
0.200000
0.182609
-0.069565
-0.208696
-0.086957
0.165217
0.182609
0.234783
0.226087
0.095652
-0.182609
-0.191304
-0.226087
-0.208696
-0.078261
0.200000
0.173913
-0.069565
-0.217391
-0.200000
-0.226087
0.026087
0.217391
0.130435
-0.139130
-0.182609
-0.234783
-0.208696
-0.139130
0.173913
0.200000
-0.008696
-0.200000
-0.208696
-0.243478
-0.243478
-0.260870
-0.243478
-0.243478
-0.260870
-0.252174
-0.252174
-0.252174
-0.252174
-0.252174
-0.252174
-0.260870
-0.252174
-0.260870
-0.260870
-0.252174
-0.260870
-0.234783
-0.156522
0.121739
-0.026087
-0.208696
-0.226087
-0.260870
-0.252174
-0.260870
-0.260870
-0.252174
-0.252174
-0.269565
-0.252174
-0.260870
-0.252174
-0.243478
-0.234783
-0.034783
0.200000
0.147826
-0.113043
-0.191304
-0.226087
-0.208696
-0.173913
0.130435
0.208696
0.034783
-0.200000
-0.200000
-0.260870
-0.243478
-0.260870
-0.226087
-0.173913
0.121739
0.200000
0.034783
-0.191304
-0.200000
-0.252174
-0.243478
-0.260870
-0.252174
-0.252174
-0.252174
-0.252174
-0.234783
-0.208696
0.069565
0.200000
0.217391
0.226087
0.191304
-0.078261
-0.191304
-0.217391
-0.217391
-0.191304
0.078261
0.208696
0.086957
-0.182609
