-0.095652
-0.443478
-0.678261
-0.843478
-0.913043
-0.773913
-0.104348
0.391304
0.747826
0.730435
0.173913
-0.034783
0.130435
0.139130
0.513043
0.452174
0.417391
0.704348
0.808696
0.617391
-0.182609
0.060870
0.573913
0.243478
-0.460870
-0.800000
-0.704348
-0.017391
0.660870
0.791304
0.843478
0.573913
0.104348
0.539130
0.652174
0.400000
0.400000
0.234783
0.260870
-0.060870
-0.530435
-0.773913
-0.808696
-0.400000
-0.226087
-0.791304
-0.826087
-0.904348
-0.852174
-0.530435
-0.347826
0.026087
0.043478
-0.078261
-0.121739
0.591304
0.226087
-0.513043
-0.704348
-0.869565
-0.617391
-0.434783
-0.634783
-0.843478
-0.860870
-0.330435
-0.434783
-0.765217
-0.330435
0.252174
0.495652
-0.026087
0.043478
0.373913
0.660870
0.843478
0.686956
0.243478
0.713043
0.686956
0.139130
-0.478261
-0.252174
-0.191304
0.104348
0.356522
0.617391
0.765217
0.878261
1.008696
1.000000
0.913043
0.895652
0.826087
0.469565
0.373913
0.008696
0.008696
0.104348
0.460870
0.539130
0.078261
-0.626087
-0.704348
-0.826087
-0.426087
0.356522
0.234783
-0.382609
-0.704348
-0.330435
0.104348
0.634783
0.217391
-0.347826
-0.695652
-0.747826
-0.443478
0.017391
-0.130435
-0.634783
-0.539130
-0.104348
-0.113043
0.243478
0.426087
-0.043478
-0.060870
0.182609
0.130435
0.347826
0.643478
0.826087
0.913043
0.765217
0.426087
0.269565
0.452174
0.686956
0.286957
-0.200000
-0.626087
-0.747826
0.000000
0.434783
-0.043478
-0.400000
-0.713043
-0.626087
0.200000
0.382609
0.200000
0.139130
-0.313043
-0.373913
0.347826
-0.086957
-0.704348
-0.773913
-0.321739
-0.200000
-0.817391
-0.886956
-1.000000
-0.939130
-0.330435
-0.069565
0.086957
-0.034783
-0.313043
-0.200000
-0.182609
0.026087
0.434783
0.660870
0.756522
0.530435
-0.017391
-0.330435
-0.747826
-0.878261
-0.869565
-0.530435
-0.382609
-0.608696
-0.573913
-0.321739
-0.304348
-0.486957
-0.339130
0.452174
0.730435
0.860870
0.686956
-0.156522
-0.591304
-0.643478
-0.365217
-0.130435
0.060870
0.617391
0.452174
0.260870
0.104348
-0.469565
-0.495652
-0.252174
0.139130
0.704348
0.643478
0.234783
0.400000
0.817391
0.313043
0.104348
0.121739
0.017391
-0.034783
-0.104348
0.130435
0.243478
0.139130
0.147826
-0.008696
-0.069565
0.678261
0.878261
0.547826
-0.104348
-0.452174
-0.600000
-0.078261
0.034783
0.052174
0.026087
0.669565
0.478261
0.295652
0.321739
0.643478
0.547826
0.391304
0.591304
0.800000
0.878261
0.913043
0.921739
0.739130
0.295652
-0.391304
-0.591304
-0.017391
0.000000
-0.339130
-0.556522
-0.721739
-0.513043
-0.339130
0.208696
0.513043
0.069565
-0.469565
0.121739
0.556522
0.286957
0.104348
-0.286957
-0.773913
-0.808696
-1.026087
-1.000000
-0.921739
-0.513043
-0.043478
-0.060870
0.008696
-0.060870
-0.008696
-0.113043
-0.347826
0.086957
0.173913
-0.165217
-0.034783
0.539130
0.947826
0.895652
0.539130
-0.200000
-0.539130
-0.260870
-0.156522
0.156522
-0.043478
-0.521739
-0.356522
0.539130
0.713043
0.860870
0.765217
0.208696
-0.234783
-0.556522
-0.243478
0.043478
0.043478
0.226087
0.573913
0.556522
0.347826
0.539130
0.460870
-0.095652
-0.443478
-0.721739
-0.852174
-0.939130
-0.226087
0.565217
0.713043
0.521739
0.173913
0.208696
0.495652
0.565217
0.347826
-0.069565
-0.713043
-0.573913
0.200000
0.573913
0.608696
0.400000
0.217391
0.017391
-0.556522
-0.400000
-0.017391
-0.095652
-0.478261
-0.513043
-0.304348
-0.286957
-0.200000
-0.156522
-0.121739
-0.286957
-0.504348
-0.208696
-0.034783
-0.052174
0.069565
-0.234783
-0.721739
-0.252174
0.191304
0.304348
-0.078261
0.121739
0.217391
0.086957
-0.026087
-0.339130
-0.582609
0.252174
0.330435
0.165217
0.200000
0.095652
0.095652
0.756522
0.904348
1.017391
1.008696
0.973913
0.704348
0.008696
-0.408696
-0.234783
0.052174
0.026087
0.086957
-0.365217
-0.573913
-0.721739
-0.539130
-0.408696
-0.686956
-0.834783
-0.930435
-0.930435
-0.382609
0.356522
-0.260870
-0.773913
-0.739130
-0.078261
0.373913
0.443478
-0.365217
-0.730435
-0.608696
-0.165217
-0.565217
-0.521739
0.321739
0.486957
0.347826
0.182609
0.173913
0.452174
0.678261
0.800000
0.895652
0.860870
0.243478
0.017391
0.339130
0.765217
0.304348
0.173913
0.434783
0.582609
0.260870
-0.113043
0.226087
-0.026087
-0.626087
-0.356522
0.286957
0.260870
-0.495652
-0.339130
-0.373913
-0.573913
-0.773913
-0.947826
-0.991304
-0.982609
-0.904348
-0.913043
-0.921739
-0.582609
0.008696
-0.208696
-0.260870
-0.226087
0.147826
-0.086957
-0.521739
-0.756522
-0.713043
-0.130435
0.286957
-0.400000
-0.208696
0.565217
0.686956
0.034783
-0.278261
0.539130
0.826087
0.921739
0.913043
0.947826
0.930435
0.956522
0.965217
0.521739
0.113043
0.086957
0.034783
0.495652
0.695652
0.304348
-0.026087
0.356522
0.626087
0.765217
0.817391
0.886956
0.408696
-0.356522
0.234783
0.530435
0.356522
0.295652
0.391304
0.434783
-0.269565
-0.669565
-0.860870
-0.939130
-0.991304
-0.973913
-0.973913
-0.921739
-0.608696
-0.391304
-0.252174
-0.321739
0.052174
0.173913
0.495652
0.382609
0.234783
0.156522
-0.295652
-0.800000
-0.782609
-0.521739
0.313043
0.278261
0.173913
0.043478
0.000000
-0.234783
-0.686956
-0.373913
0.260870
0.486957
-0.008696
0.000000
-0.026087
0.104348
0.695652
0.669565
0.182609
0.104348
-0.260870
-0.382609
0.069565
0.086957
0.078261
0.043478
0.078261
0.347826
0.565217
0.260870
-0.043478
0.208696
0.086957
-0.321739
-0.721739
-0.147826
0.321739
0.660870
0.791304
0.513043
0.408696
0.017391
-0.043478
0.339130
0.617391
-0.165217
-0.069565
0.608696
0.721739
0.269565
-0.313043
-0.600000
-0.826087
-0.921739
-0.886956
-0.347826
-0.182609
-0.686956
-0.443478
-0.513043
-0.678261
-0.191304
-0.078261
-0.400000
-0.582609
-0.739130
-0.773913
-0.913043
-0.947826
-0.643478
0.269565
0.660870
0.469565
0.269565
-0.026087
-0.391304
-0.626087
-0.721739
-0.078261
0.530435
0.660870
0.869565
0.860870
0.756522
-0.008696
-0.339130
-0.104348
-0.026087
-0.052174
-0.226087
-0.460870
-0.113043
0.617391
0.739130
0.443478
0.191304
0.765217
0.860870
0.913043
0.582609
0.347826
0.113043
0.121739
0.104348
-0.165217
-0.043478
0.521739
0.478261
0.217391
-0.356522
-0.791304
-0.643478
-0.113043
0.252174
0.573913
0.191304
-0.008696
-0.060870
-0.113043
0.382609
0.678261
0.373913
0.321739
0.156522
-0.208696
0.078261
0.139130
-0.269565
-0.895652
-0.982609
-1.052174
-0.886956
-0.565217
-0.243478
-0.217391
0.043478
0.113043
0.086957
0.478261
0.713043
0.539130
-0.278261
-0.243478
0.269565
0.582609
0.817391
0.895652
0.852174
0.547826
0.217391
-0.069565
-0.617391
-0.486957
-0.443478
-0.721739
-0.843478
-0.660870
-0.339130
0.200000
0.800000
0.895652
1.086957
1.052174
0.904348
0.478261
0.269565
0.191304
0.226087
0.173913
0.208696
0.469565
0.400000
0.252174
0.217391
0.078261
-0.069565
-0.713043
-0.939130
-1.008696
-0.860870
-0.460870
-0.200000
-0.139130
-0.156522
-0.069565
0.147826
0.747826
0.608696
0.391304
0.269565
0.165217
0.078261
-0.043478
-0.539130
-0.982609
-0.860870
-0.313043
-0.130435
-0.052174
0.034783
0.000000
0.000000
0.000000
-0.017391
0.095652
-0.104348
-0.182609
-0.086957
-0.017391
0.069565
0.095652
0.226087
0.791304
0.521739
0.052174
0.182609
0.121739
0.017391
0.026087
-0.034783
-0.104348
-0.686956
-0.565217
-0.295652
-0.243478
0.008696
0.165217
0.086957
0.069565
-0.426087
-0.791304
-0.791304
-0.591304
0.130435
0.460870
0.147826
-0.017391
0.000000
-0.052174
-0.069565
-0.278261
-0.547826
-0.391304
-0.391304
-0.208696
0.026087
-0.208696
-0.739130
-0.817391
-0.669565
0.260870
0.765217
0.669565
0.034783
0.078261
0.156522
-0.121739
-0.626087
-0.356522
-0.173913
0.452174
0.495652
0.321739
0.408696
0.600000
0.652174
0.173913
0.034783
0.356522
0.765217
0.713043
0.713043
-0.017391
-0.426087
-0.278261
0.086957
-0.191304
-0.165217
-0.182609
-0.434783
-0.643478
-0.365217
0.339130
0.182609
0.139130
0.260870
0.608696
0.765217
0.747826
-0.095652
-0.739130
-0.860870
-0.886956
-0.417391
0.173913
0.513043
0.739130
0.530435
0.286957
0.208696
0.321739
0.582609
0.591304
0.026087
-0.417391
-0.165217
-0.139130
0.217391
0.704348
0.730435
0.600000
-0.356522
-0.704348
-0.486957
0.008696
0.017391
-0.052174
-0.695652
-0.530435
-0.400000
-0.226087
-0.147826
-0.104348
0.208696
0.121739
-0.434783
-0.669565
-0.165217
-0.504348
-0.834783
-0.756522
-0.243478
-0.095652
-0.260870
-0.086957
-0.086957
-0.147826
0.078261
-0.295652
-0.669565
-0.400000
-0.347826
-0.460870
-0.652174
-0.269565
0.252174
0.573913
0.869565
0.973913
0.913043
0.304348
-0.313043
-0.634783
-0.713043
-0.460870
-0.356522
0.086957
0.486957
0.721739
0.626087
-0.121739
-0.017391
0.756522
0.869565
0.956522
0.591304
-0.260870
0.008696
0.695652
0.800000
0.391304
0.173913
0.626087
-0.026087
-0.582609
-0.556522
-0.078261
0.069565
0.173913
0.504348
0.608696
0.513043
0.043478
0.026087
-0.269565
-0.591304
-0.686956
-0.504348
-0.034783
-0.191304
-0.408696
-0.608696
-0.756522
-0.504348
0.008696
0.339130
0.443478
-0.043478
-0.582609
-0.391304
-0.530435
-0.660870
-0.504348
0.034783
0.400000
-0.382609
-0.721739
-0.826087
-0.843478
-0.852174
-0.521739
0.347826
0.382609
-0.113043
-0.113043
-0.147826
-0.373913
-0.565217
-0.286957
-0.191304
-0.156522
-0.182609
-0.452174
-0.669565
-0.756522
-0.869565
-0.669565
-0.304348
0.226087
0.652174
0.139130
0.000000
-0.330435
-0.539130
-0.391304
-0.243478
-0.113043
-0.034783
0.295652
0.643478
-0.182609
-0.304348
-0.191304
-0.113043
-0.043478
0.017391
0.652174
0.947826
0.939130
0.904348
0.321739
-0.017391
-0.026087
-0.078261
-0.034783
0.034783
0.052174
0.052174
0.382609
0.573913
0.217391
-0.034783
0.008696
0.408696
0.895652
0.895652
0.956522
0.617391
0.400000
0.078261
-0.104348
0.017391
0.017391
0.373913
0.660870
0.252174
-0.391304
-0.469565
0.052174
-0.104348
-0.200000
0.086957
0.643478
0.417391
0.086957
0.591304
0.504348
0.260870
0.295652
0.086957
-0.147826
