-0.626087
-0.739130
-0.443478
-0.226087
-0.104348
-0.078261
0.269565
0.678261
0.391304
0.295652
-0.095652
-0.547826
0.139130
0.347826
0.113043
0.139130
0.391304
0.556522
0.365217
0.252174
0.200000
-0.156522
-0.008696
0.234783
-0.113043
-0.208696
-0.165217
-0.147826
0.113043
0.200000
0.086957
0.008696
-0.460870
-0.695652
-0.086957
0.295652
0.686956
0.895652
0.930435
0.539130
-0.347826
-0.313043
-0.139130
0.104348
0.634783
0.486957
0.017391
0.086957
-0.017391
-0.278261
-0.504348
0.104348
0.530435
0.139130
-0.495652
-0.513043
0.052174
-0.017391
-0.121739
-0.034783
-0.104348
-0.417391
-0.530435
-0.330435
-0.226087
0.095652
0.652174
0.321739
0.026087
0.260870
0.165217
-0.269565
-0.565217
0.295652
0.443478
0.208696
0.069565
-0.356522
-0.539130
0.008696
0.286957
0.330435
-0.113043
-0.356522
-0.243478
0.408696
0.182609
0.191304
0.086957
0.104348
0.130435
0.060870
0.017391
0.052174
0.252174
0.486957
-0.060870
-0.478261
-0.069565
0.547826
0.521739
0.304348
0.069565
-0.069565
0.034783
-0.052174
-0.026087
0.260870
-0.017391
-0.173913
-0.452174
-0.617391
-0.165217
0.243478
0.408696
0.095652
0.095652
0.095652
0.634783
0.895652
0.721739
0.234783
0.626087
0.843478
0.826087
0.634783
-0.043478
-0.495652
0.313043
0.721739
0.834783
0.495652
0.234783
0.130435
0.156522
0.478261
0.591304
0.313043
0.165217
-0.017391
-0.600000
-0.400000
-0.286957
-0.286957
-0.026087
-0.208696
-0.704348
-0.365217
-0.243478
-0.139130
0.226087
0.495652
0.704348
0.252174
0.060870
0.060870
0.286957
-0.026087
-0.173913
0.121739
0.800000
0.521739
0.078261
0.026087
-0.060870
0.260870
0.878261
0.843478
0.626087
-0.347826
-0.747826
-0.869565
-0.652174
0.226087
0.434783
0.156522
0.000000
-0.513043
-0.634783
-0.295652
-0.321739
-0.304348
-0.643478
-0.800000
-0.582609
-0.373913
-0.643478
-0.765217
-0.713043
-0.426087
-0.286957
0.095652
0.060870
0.095652
0.069565
-0.173913
-0.147826
-0.217391
-0.495652
-0.669565
-0.530435
0.000000
0.373913
0.739130
0.721739
0.104348
-0.321739
-0.686956
-0.260870
-0.026087
-0.226087
-0.660870
-0.339130
-0.286957
-0.817391
-0.860870
-0.913043
-0.973913
-0.991304
-0.478261
0.460870
0.713043
0.843478
0.513043
-0.373913
-0.408696
0.043478
0.026087
-0.434783
-0.469565
-0.217391
0.156522
0.686956
0.478261
-0.234783
-0.208696
0.278261
0.565217
0.800000
0.652174
0.469565
0.626087
0.617391
0.339130
0.208696
0.121739
0.104348
0.060870
0.130435
0.278261
-0.069565
0.321739
0.660870
-0.139130
-0.295652
-0.147826
-0.173913
-0.426087
-0.591304
-0.086957
0.365217
0.321739
-0.008696
0.278261
0.504348
0.704348
0.730435
0.373913
0.113043
0.086957
-0.069565
0.043478
0.156522
0.704348
1.000000
0.982609
1.052174
0.965217
0.600000
-0.260870
-0.086957
0.478261
-0.182609
-0.695652
-0.652174
-0.095652
0.086957
0.286957
0.478261
-0.026087
-0.365217
-0.495652
0.260870
0.704348
0.626087
0.113043
0.069565
0.208696
0.130435
0.121739
-0.182609
-0.634783
-0.304348
-0.104348
0.617391
0.834783
0.956522
0.913043
0.608696
0.539130
0.669565
0.452174
-0.156522
-0.478261
-0.278261
-0.252174
-0.147826
-0.217391
0.034783
0.226087
0.156522
0.443478
0.713043
0.660870
0.460870
0.634783
0.791304
0.382609
0.043478
0.000000
0.173913
0.086957
0.217391
0.573913
0.765217
0.626087
0.191304
0.704348
0.939130
0.713043
0.182609
-0.234783
-0.643478
-0.817391
-0.956522
-0.895652
-0.765217
-0.365217
-0.095652
0.600000
0.739130
0.843478
0.886956
0.426087
0.234783
0.721739
0.417391
-0.130435
-0.260870
0.617391
0.860870
0.921739
0.817391
0.347826
0.026087
0.321739
0.565217
0.808696
0.591304
-0.234783
-0.200000
0.147826
0.095652
0.147826
0.060870
-0.026087
-0.469565
-0.817391
-0.339130
0.400000
0.678261
0.660870
-0.043478
-0.373913
-0.139130
-0.095652
-0.339130
-0.504348
-0.330435
-0.191304
-0.095652
-0.104348
0.026087
0.339130
-0.017391
-0.086957
0.269565
0.721739
0.408696
0.365217
-0.043478
0.017391
0.434783
0.730435
0.156522
0.034783
0.156522
0.147826
0.504348
0.669565
0.826087
0.582609
0.252174
0.086957
0.052174
-0.113043
-0.652174
-0.321739
-0.069565
-0.200000
-0.608696
0.026087
0.426087
0.060870
-0.504348
-0.217391
0.521739
0.200000
-0.286957
-0.460870
-0.026087
-0.052174
-0.356522
-0.539130
-0.391304
-0.156522
-0.147826
-0.156522
-0.104348
-0.078261
0.017391
0.060870
0.104348
0.539130
0.400000
-0.373913
-0.200000
0.278261
0.452174
-0.417391
-0.434783
-0.226087
-0.156522
0.026087
0.130435
-0.260870
-0.113043
0.208696
0.234783
-0.078261
-0.226087
0.156522
0.104348
0.008696
-0.026087
0.026087
0.026087
-0.008696
-0.139130
-0.721739
-0.834783
-0.756522
0.034783
0.469565
0.095652
-0.539130
-0.034783
0.504348
0.313043
0.191304
0.034783
0.139130
0.078261
-0.226087
0.139130
0.495652
0.739130
0.686956
0.382609
0.382609
-0.008696
-0.008696
0.000000
0.000000
-0.052174
-0.034783
-0.052174
-0.156522
-0.521739
-0.678261
-0.747826
-0.139130
0.608696
0.634783
0.469565
0.469565
0.669565
0.373913
0.095652
0.078261
-0.104348
-0.078261
0.400000
0.660870
0.808696
0.860870
0.956522
0.495652
-0.182609
-0.408696
-0.026087
-0.391304
-0.826087
-0.869565
-0.930435
-0.686956
-0.147826
-0.513043
-0.808696
-0.843478
-0.660870
-0.008696
0.652174
0.826087
0.895652
0.773913
0.478261
0.269565
0.078261
-0.434783
-0.008696
0.634783
0.678261
0.321739
0.234783
0.739130
0.495652
0.400000
0.469565
0.678261
0.182609
-0.573913
-0.704348
-0.295652
0.017391
-0.313043
-0.130435
0.086957
-0.104348
-0.713043
-0.643478
-0.400000
-0.243478
-0.139130
0.130435
0.782609
0.504348
-0.034783
-0.382609
-0.434783
0.043478
0.556522
-0.130435
-0.400000
-0.191304
-0.095652
0.000000
-0.078261
-0.060870
-0.034783
0.226087
0.269565
0.539130
0.347826
-0.373913
-0.313043
-0.182609
-0.191304
0.026087
0.078261
-0.026087
0.008696
-0.026087
0.052174
-0.226087
-0.530435
-0.695652
-0.765217
-0.913043
-0.704348
-0.382609
-0.113043
0.121739
-0.130435
-0.652174
-0.556522
-0.017391
0.000000
0.321739
0.669565
0.808696
0.791304
0.669565
-0.217391
-0.713043
-0.600000
0.052174
0.460870
0.652174
0.139130
0.043478
0.313043
0.600000
0.217391
0.069565
-0.669565
-0.782609
-0.904348
-0.860870
-0.260870
0.313043
0.695652
0.669565
-0.130435
-0.139130
0.626087
0.721739
0.339130
-0.060870
-0.017391
-0.086957
-0.121739
-0.408696
-0.539130
-0.278261
0.478261
0.600000
0.660870
0.339130
0.243478
0.165217
-0.034783
0.513043
0.678261
0.365217
0.243478
0.156522
0.269565
0.565217
0.600000
0.469565
-0.052174
-0.347826
-0.521739
-0.304348
-0.269565
-0.408696
-0.591304
-0.182609
0.000000
0.052174
0.173913
0.173913
0.269565
0.582609
0.747826
0.930435
1.008696
0.973913
0.669565
0.382609
0.617391
0.860870
1.008696
1.000000
0.721739
0.095652
0.017391
-0.078261
-0.304348
-0.617391
-0.695652
-0.843478
-0.930435
-0.913043
-0.556522
0.095652
0.460870
0.739130
0.817391
0.904348
0.895652
0.817391
0.226087
0.000000
0.252174
0.826087
0.930435
1.104348
1.095652
1.060870
0.982609
1.000000
0.973913
0.556522
-0.365217
-0.626087
-0.826087
-0.782609
-0.791304
-0.556522
-0.026087
-0.052174
-0.513043
-0.400000
0.443478
0.573913
0.782609
0.808696
0.860870
0.573913
-0.034783
-0.408696
-0.634783
-0.304348
0.530435
0.773913
0.921739
0.869565
0.330435
0.173913
0.121739
0.573913
0.826087
0.304348
-0.426087
-0.695652
-0.860870
-0.852174
-0.660870
-0.330435
-0.313043
-0.521739
-0.495652
0.330435
0.634783
0.443478
0.017391
0.043478
-0.121739
0.234783
0.208696
-0.243478
-0.443478
0.382609
0.347826
-0.017391
-0.182609
-0.530435
-0.460870
0.034783
0.452174
0.826087
0.773913
0.443478
-0.026087
-0.721739
-0.773913
-0.391304
-0.147826
-0.130435
-0.347826
-0.747826
-0.356522
0.278261
0.060870
-0.634783
-0.713043
-0.608696
-0.252174
-0.182609
-0.008696
0.330435
0.504348
0.452174
0.234783
0.226087
0.173913
0.208696
-0.104348
-0.200000
-0.156522
0.000000
0.591304
0.617391
0.339130
0.347826
0.608696
0.773913
0.817391
0.539130
0.217391
0.113043
-0.156522
-0.426087
-0.643478
-0.765217
-0.486957
-0.147826
-0.086957
0.113043
-0.200000
-0.078261
0.530435
0.860870
0.852174
0.539130
-0.139130
-0.504348
-0.773913
-0.843478
-0.765217
0.078261
0.739130
0.721739
0.182609
0.373913
0.739130
0.252174
0.139130
0.347826
0.678261
-0.173913
-0.643478
-0.730435
-0.713043
-0.104348
0.495652
0.008696
-0.443478
-0.782609
-0.817391
-0.513043
-0.200000
0.504348
0.486957
0.313043
0.260870
0.165217
-0.043478
-0.634783
-0.504348
-0.356522
-0.408696
-0.608696
-0.173913
0.443478
0.260870
0.217391
0.191304
-0.078261
0.034783
0.234783
0.121739
0.113043
0.034783
-0.260870
-0.034783
0.182609
-0.078261
-0.678261
-0.547826
-0.052174
-0.208696
-0.156522
0.226087
0.808696
0.843478
0.739130
0.373913
0.191304
-0.330435
-0.773913
-0.756522
-0.704348
-0.347826
-0.139130
0.373913
0.426087
-0.434783
-0.304348
-0.121739
0.034783
0.573913
0.582609
0.382609
0.643478
0.295652
-0.156522
-0.443478
-0.426087
-0.391304
-0.678261
-0.286957
0.000000
-0.243478
-0.147826
-0.043478
0.034783
-0.008696
-0.069565
0.139130
-0.391304
-0.852174
-0.947826
-0.956522
-0.617391
-0.452174
-0.695652
-0.904348
-1.008696
-0.895652
-0.504348
-0.200000
-0.121739
-0.226087
-0.504348
-0.608696
-0.191304
-0.234783
-0.756522
-0.660870
-0.486957
-0.565217
-0.860870
-0.956522
-1.008696
-0.939130
-0.400000
0.026087
-0.269565
-0.521739
-0.739130
-0.843478
-0.939130
-0.756522
-0.165217
-0.017391
0.017391
-0.217391
-0.852174
-1.052174
-1.113043
-1.060870
-1.017391
-0.913043
-0.817391
0.017391
0.408696
0.026087
-0.643478
-0.852174
-0.791304
-0.252174
-0.026087
0.008696
0.121739
0.382609
0.208696
-0.573913
-0.765217
-0.878261
-0.843478
-0.356522
0.000000
-0.269565
-0.139130
0.313043
0.434783
-0.452174
-0.678261
-0.495652
-0.113043
-0.669565
-0.652174
-0.086957
0.269565
0.617391
0.513043
-0.321739
