-0.426087
-0.530435
-0.486957
-0.504348
-0.469565
-0.278261
0.313043
0.408696
0.495652
0.373913
-0.165217
-0.078261
0.417391
0.417391
0.530435
0.504348
0.521739
0.521739
0.486957
0.391304
-0.156522
-0.052174
0.426087
0.373913
-0.104348
-0.373913
-0.382609
-0.043478
0.408696
0.434783
0.521739
0.243478
-0.269565
0.147826
0.443478
0.452174
0.530435
0.469565
0.426087
-0.139130
-0.434783
-0.460870
-0.460870
-0.017391
0.252174
-0.321739
-0.426087
-0.495652
-0.495652
-0.469565
-0.278261
0.321739
0.417391
0.000000
-0.269565
0.278261
0.086957
-0.391304
-0.426087
-0.504348
-0.486957
-0.530435
-0.521739
-0.486957
-0.391304
0.165217
0.060870
-0.426087
-0.365217
0.086957
0.208696
-0.330435
0.017391
0.434783
0.452174
0.495652
0.226087
-0.252174
0.182609
0.434783
0.278261
-0.278261
-0.347826
-0.365217
0.173913
0.408696
0.469565
0.513043
0.521739
0.521739
0.513043
0.513043
0.513043
0.521739
0.469565
0.286957
-0.321739
-0.391304
0.000000
0.391304
0.365217
0.182609
-0.382609
-0.417391
-0.486957
-0.260870
0.321739
0.408696
0.000000
-0.365217
-0.365217
-0.156522
0.400000
0.356522
-0.095652
-0.356522
-0.373913
-0.060870
0.426087
0.330435
-0.147826
-0.060870
0.426087
0.443478
0.513043
0.313043
-0.226087
0.043478
0.426087
0.434783
0.530435
0.513043
0.521739
0.530435
0.513043
0.513043
0.521739
0.478261
0.426087
-0.139130
-0.417391
-0.460870
-0.469565
-0.017391
0.243478
-0.330435
-0.434783
-0.478261
-0.408696
0.139130
0.426087
0.452174
0.478261
-0.008696
-0.269565
0.269565
0.069565
-0.391304
-0.373913
0.069565
0.182609
-0.400000
-0.443478
-0.469565
-0.365217
0.200000
0.365217
0.400000
-0.043478
-0.443478
-0.434783
-0.478261
-0.078261
0.400000
0.426087
0.495652
0.191304
-0.356522
-0.400000
-0.521739
-0.486957
-0.513043
-0.513043
-0.504348
-0.513043
-0.530435
-0.504348
-0.513043
-0.469565
-0.356522
0.243478
0.443478
0.469565
0.417391
-0.130435
-0.417391
-0.460870
-0.521739
-0.469565
-0.365217
0.234783
0.434783
0.469565
0.426087
-0.104348
-0.365217
-0.382609
-0.043478
0.434783
0.330435
-0.173913
-0.104348
0.339130
-0.130435
-0.434783
-0.452174
-0.495652
-0.469565
-0.426087
0.139130
0.443478
0.452174
0.469565
0.034783
-0.217391
0.339130
0.417391
0.113043
-0.365217
-0.347826
-0.252174
0.347826
0.382609
0.043478
-0.243478
0.330435
0.426087
0.504348
0.504348
0.539130
0.521739
0.521739
0.521739
0.539130
0.521739
0.513043
0.521739
0.504348
0.434783
-0.095652
-0.200000
0.321739
-0.017391
-0.417391
-0.434783
-0.513043
-0.460870
-0.460870
0.034783
0.443478
0.286957
-0.234783
0.060870
0.443478
0.452174
0.478261
0.200000
-0.347826
-0.408696
-0.530435
-0.486957
-0.478261
-0.086957
0.408696
0.426087
0.513043
0.486957
0.478261
0.000000
-0.269565
0.260870
0.078261
-0.408696
-0.347826
0.130435
0.434783
0.443478
0.452174
0.017391
-0.365217
-0.373913
-0.165217
0.408696
0.382609
-0.069565
-0.147826
0.391304
0.434783
0.486957
0.365217
-0.191304
-0.347826
-0.400000
0.052174
0.434783
0.434783
0.513043
0.521739
0.504348
0.513043
0.469565
0.191304
-0.347826
-0.417391
-0.504348
-0.478261
-0.486957
-0.078261
0.400000
0.417391
0.513043
0.504348
0.521739
0.521739
0.513043
0.521739
0.504348
0.130435
-0.269565
0.243478
0.443478
0.486957
0.521739
0.513043
0.408696
-0.165217
-0.060870
0.443478
0.365217
-0.121739
-0.408696
-0.443478
-0.495652
-0.513043
-0.513043
-0.495652
-0.478261
-0.460870
0.034783
0.434783
0.443478
0.504348
0.130435
-0.260870
0.252174
0.443478
0.226087
-0.269565
0.156522
0.452174
0.460870
0.478261
0.147826
-0.260870
0.260870
0.434783
0.486957
0.478261
0.026087
-0.208696
0.330435
0.426087
0.504348
0.513043
0.478261
0.295652
-0.321739
-0.400000
0.017391
0.400000
0.373913
0.191304
-0.373913
-0.391304
-0.521739
-0.495652
-0.521739
-0.504348
-0.513043
-0.513043
-0.495652
-0.234783
0.286957
-0.165217
-0.434783
-0.269565
0.286957
0.339130
0.373913
-0.182609
-0.408696
-0.200000
0.286957
-0.104348
-0.252174
0.286957
0.434783
0.486957
0.495652
0.530435
0.530435
0.513043
0.504348
0.486957
0.365217
-0.243478
-0.408696
-0.095652
0.313043
-0.191304
-0.165217
0.365217
0.417391
0.000000
-0.269565
0.278261
0.095652
-0.400000
-0.382609
0.086957
0.182609
-0.382609
-0.426087
-0.504348
-0.495652
-0.530435
-0.513043
-0.513043
-0.504348
-0.521739
-0.504348
-0.478261
-0.130435
0.278261
-0.260870
-0.434783
-0.226087
0.278261
-0.165217
-0.452174
-0.469565
-0.460870
-0.113043
0.286957
-0.191304
-0.147826
0.356522
0.408696
0.026087
-0.252174
0.330435
0.443478
0.495652
0.495652
0.539130
0.513043
0.504348
0.443478
0.008696
-0.365217
-0.382609
-0.156522
0.408696
0.382609
-0.069565
-0.156522
0.400000
0.434783
0.521739
0.504348
0.513043
0.243478
-0.278261
0.147826
0.452174
0.452174
0.521739
0.486957
0.426087
-0.121739
-0.417391
-0.452174
-0.495652
-0.513043
-0.504348
-0.521739
-0.495652
-0.530435
-0.504348
-0.504348
-0.478261
-0.191304
0.373913
0.417391
0.521739
0.486957
0.486957
0.104348
-0.373913
-0.365217
-0.260870
0.330435
0.417391
0.504348
0.495652
0.486957
0.182609
-0.356522
-0.373913
0.086957
0.182609
-0.391304
-0.426087
-0.504348
-0.373913
0.156522
0.060870
-0.417391
-0.434783
-0.495652
-0.269565
0.295652
0.400000
0.513043
0.513043
0.521739
0.504348
0.469565
0.026087
-0.217391
0.339130
0.434783
0.130435
-0.278261
0.252174
0.443478
0.478261
0.504348
0.486957
0.373913
-0.234783
-0.417391
-0.095652
0.313043
-0.191304
-0.147826
0.365217
0.408696
-0.026087
-0.417391
-0.426087
-0.504348
-0.495652
-0.452174
0.095652
0.173913
-0.391304
-0.426087
-0.486957
-0.373913
0.173913
0.060870
-0.408696
-0.426087
-0.530435
-0.486957
-0.521739
-0.478261
-0.408696
0.147826
0.426087
0.452174
0.452174
-0.034783
-0.417391
-0.434783
-0.486957
-0.069565
0.400000
0.417391
0.521739
0.478261
0.460870
-0.017391
-0.408696
-0.434783
-0.504348
-0.486957
-0.504348
-0.469565
-0.269565
0.313043
0.391304
0.034783
-0.243478
0.339130
0.434783
0.504348
0.513043
0.530435
0.504348
0.469565
0.060870
-0.391304
-0.313043
0.200000
0.373913
0.382609
-0.069565
-0.426087
-0.260870
0.278261
0.356522
0.382609
-0.165217
-0.417391
-0.452174
-0.460870
0.026087
0.426087
0.443478
0.513043
0.139130
-0.269565
0.278261
0.426087
0.182609
-0.347826
-0.400000
-0.495652
-0.478261
-0.530435
-0.469565
-0.408696
0.139130
0.417391
0.460870
0.521739
0.504348
0.391304
-0.173913
-0.078261
0.417391
0.434783
0.513043
0.504348
0.513043
0.521739
0.469565
0.365217
-0.217391
-0.408696
-0.469565
-0.486957
-0.504348
-0.486957
-0.460870
-0.069565
0.391304
0.417391
0.521739
0.495652
0.530435
0.521739
0.521739
0.530435
0.539130
0.530435
0.530435
0.530435
0.530435
0.513043
0.513043
0.486957
0.373913
-0.226087
-0.400000
-0.478261
-0.486957
-0.504348
-0.504348
-0.495652
-0.495652
-0.478261
-0.365217
0.234783
0.417391
0.478261
0.513043
0.513043
0.495652
0.469565
0.052174
-0.400000
-0.295652
0.217391
0.426087
0.469565
0.504348
0.521739
0.513043
0.513043
0.495652
0.434783
-0.121739
-0.400000
-0.443478
-0.486957
-0.504348
-0.478261
-0.304348
0.269565
0.000000
-0.313043
0.226087
0.443478
0.469565
0.513043
0.486957
0.382609
-0.226087
-0.434783
-0.452174
-0.408696
0.139130
0.434783
0.460870
0.478261
-0.008696
-0.365217
-0.365217
-0.156522
0.408696
0.365217
-0.113043
-0.391304
-0.443478
-0.504348
-0.504348
-0.513043
-0.495652
-0.469565
-0.452174
0.052174
0.434783
0.234783
-0.295652
-0.417391
-0.486957
-0.356522
0.173913
0.130435
-0.321739
0.147826
0.426087
0.260870
-0.286957
-0.356522
-0.365217
0.173913
0.408696
0.469565
0.521739
0.478261
0.347826
-0.243478
-0.417391
-0.095652
0.382609
0.347826
0.278261
-0.339130
-0.373913
-0.034783
0.243478
-0.330435
-0.408696
-0.495652
-0.486957
-0.495652
-0.295652
0.313043
0.417391
0.486957
0.495652
0.521739
0.478261
0.452174
-0.043478
-0.408696
-0.434783
-0.478261
-0.078261
0.391304
0.417391
0.521739
0.504348
0.513043
0.521739
0.504348
0.504348
0.486957
0.086957
-0.400000
-0.426087
-0.495652
-0.200000
0.330435
0.347826
0.347826
-0.278261
-0.408696
-0.086957
0.373913
0.356522
0.295652
-0.330435
-0.400000
-0.495652
-0.495652
-0.478261
-0.165217
0.365217
0.373913
-0.104348
-0.208696
0.321739
-0.034783
-0.417391
-0.339130
0.182609
0.086957
-0.426087
-0.452174
-0.486957
-0.313043
0.226087
-0.043478
-0.417391
-0.443478
-0.521739
-0.469565
-0.452174
0.026087
0.434783
0.434783
0.513043
0.486957
0.426087
-0.139130
-0.434783
-0.452174
-0.504348
-0.478261
-0.356522
0.234783
0.426087
0.478261
0.434783
-0.069565
-0.156522
0.391304
0.434783
0.513043
0.391304
-0.156522
-0.043478
0.417391
0.365217
-0.078261
-0.208696
0.321739
-0.034783
-0.426087
-0.313043
0.234783
0.434783
0.469565
0.504348
0.495652
0.286957
-0.304348
-0.400000
-0.495652
-0.495652
-0.495652
-0.226087
0.278261
-0.147826
-0.443478
-0.452174
-0.460870
-0.069565
0.400000
0.417391
0.513043
0.182609
-0.356522
-0.408696
-0.521739
-0.486957
-0.486957
-0.121739
0.286957
-0.243478
-0.434783
-0.486957
-0.504348
-0.495652
-0.391304
0.182609
0.095652
-0.426087
-0.426087
-0.513043
-0.504348
-0.521739
-0.521739
-0.513043
-0.513043
-0.530435
-0.513043
-0.513043
-0.521739
-0.513043
-0.513043
-0.478261
-0.130435
0.278261
-0.252174
-0.434783
-0.486957
-0.504348
-0.521739
-0.513043
-0.513043
-0.460870
-0.147826
0.278261
-0.243478
-0.443478
-0.478261
-0.513043
-0.478261
-0.365217
0.234783
0.443478
0.452174
0.417391
-0.130435
-0.417391
-0.452174
-0.513043
-0.495652
-0.495652
-0.469565
-0.165217
0.373913
0.356522
-0.104348
-0.373913
-0.382609
-0.060870
0.417391
0.426087
0.539130
0.478261
0.460870
-0.043478
-0.426087
-0.434783
-0.460870
-0.060870
0.408696
0.313043
-0.165217
-0.113043
0.330435
-0.130435
-0.434783
-0.260870
0.269565
0.017391
-0.313043
0.217391
0.452174
0.452174
0.452174
-0.026087
-0.382609
