-0.014766
-0.013133
-0.011035
-0.008304
-0.005301
-0.002997
-0.002867
-0.006618
-0.015809
-0.031453
-0.053696
-0.081667
-0.113538
-0.146794
-0.178659
-0.206573
-0.228625
-0.243838
-0.252259
-0.254854
-0.253239
-0.249325
-0.244960
-0.241621
-0.240220
-0.241022
-0.243695
-0.247453
-0.251263
-0.254087
-0.255117
-0.253970
-0.250805
-0.246344
-0.241771
-0.238514
-0.237928
-0.240928
-0.247639
-0.257138
-0.267383
-0.275366
-0.277513
-0.270287
-0.250883
-0.217878
-0.171683
-0.114653
-0.050828
0.014696
0.076620
0.130336
0.172662
0.202258
0.219642
0.226838
0.226770
0.222566
0.216941
0.211799
0.208100
0.205990
0.205118
0.205017
0.205427
0.206471
0.208611
0.212421
0.218224
0.225707
0.233644
0.239828
0.241276
0.234695
0.217130
0.186663
0.142982
0.087684
0.024203
-0.042633
-0.107345
-0.164686
-0.210476
-0.242234
-0.259487
-0.263731
-0.258077
-0.246678
-0.234026
-0.224241
-0.220416
-0.224111
-0.235044
-0.251035
-0.268242
-0.281703
-0.286150
-0.276994
-0.251340
-0.208817
-0.152030
-0.086469
-0.019824
0.039228
0.082528
0.103947
0.100541
0.073095
0.025917
-0.034061
-0.098665
-0.160006
-0.211815
-0.250308
-0.274439
-0.285579
-0.286756
-0.281716
-0.274027
-0.266444
-0.260611
-0.257128
-0.255854
-0.256347
-0.258238
-0.261456
-0.266210
-0.272757
-0.281041
-0.290317
-0.298927
-0.304315
-0.303348
-0.292904
-0.270591
-0.235433
-0.188321
-0.132074
-0.071042
-0.010318
0.045268
0.092132
0.128612
0.155167
0.174001
0.188224
0.200753
0.213259
0.225466
0.235019
0.238002
0.230015
0.207562
0.169387
0.117389
0.056809
-0.004436
-0.057194
-0.093002
-0.106030
-0.094571
-0.061667
-0.014666
0.036207
0.079958
0.107098
0.111551
0.091751
0.050689
-0.005035
-0.066891
-0.126358
-0.176669
-0.213945
-0.237522
-0.249466
-0.253496
-0.253630
-0.252928
-0.252629
-0.251876
-0.248032
-0.237494
-0.216744
-0.183390
-0.136932
-0.079105
-0.013736
0.053809
0.117433
0.171188
0.210058
0.230526
0.230888
0.211312
0.173710
0.121448
0.058952
-0.008748
-0.076502
-0.139493
-0.193614
-0.235697
-0.263607
-0.276189
-0.273140
-0.254869
-0.222397
-0.177342
-0.121958
-0.059195
0.007268
0.073093
0.133464
0.183420
0.218305
0.234333
0.229193
0.202609
0.156736
0.096263
0.028098
-0.039382
-0.097479
-0.138519
-0.157144
-0.151246
-0.122324
-0.075141
-0.016760
0.044846
0.102263
0.149878
0.184624
0.206108
0.216177
0.218078
0.215479
0.211594
0.208611
0.207509
0.208252
0.210233
0.212794
0.215663
0.219139
0.223980
0.231031
0.240672
0.252301
0.263992
0.272509
0.273730
0.263444
0.238375
0.197209
0.141339
0.075131
0.005555
-0.058789
-0.109077
-0.137828
-0.140300
-0.115404
-0.065992
0.001546
0.078239
0.153851
0.218309
0.263034
0.282023
0.272599
0.235774
0.176205
0.101706
0.022306
-0.051104
-0.108410
-0.141964
-0.148014
-0.127539
-0.086237
-0.033560
0.019061
0.060499
0.082208
0.080011
0.054965
0.013108
-0.035854
-0.080622
-0.110649
-0.118245
-0.099999
-0.057265
0.004304
0.075981
0.147626
0.209401
0.253223
0.273766
0.268923
0.239769
0.190137
0.125896
0.054062
-0.018168
-0.084370
-0.139704
-0.181485
-0.209389
-0.225251
-0.232450
-0.234999
-0.236513
-0.239285
-0.243675
-0.247980
-0.248825
-0.242026
-0.223734
-0.191618
-0.145796
-0.089279
-0.027791
0.031035
0.078935
0.108513
0.114623
0.095381
0.052585
-0.008492
-0.079874
-0.152036
-0.215245
-0.260880
-0.282565
-0.277033
-0.244617
-0.189323
-0.118436
-0.041622
0.030402
0.087518
0.121914
0.129540
0.110967
0.071419
0.019873
-0.032615
-0.075062
-0.098684
-0.098555
-0.074394
-0.030338
0.026225
0.086440
0.141952
0.186559
0.217207
0.234139
0.240239
0.239807
0.237118
0.235153
0.234783
0.234601
0.231385
0.221052
0.199834
0.165375
0.117487
0.058390
-0.007605
-0.074861
-0.137440
-0.190148
-0.229370
-0.253567
-0.263352
-0.261213
-0.250954
-0.236998
-0.223661
-0.214498
-0.211793
-0.216240
-0.226842
-0.241035
-0.255039
-0.264401
-0.264663
-0.252088
-0.224299
-0.180759
-0.122973
-0.054387
0.020002
0.094248
0.162173
0.218053
0.257215
0.276466
0.274358
0.251286
0.209431
0.152557
0.085635
0.014318
-0.055708
-0.119409
-0.173007
-0.214390
-0.243219
-0.260735
-0.269281
-0.271693
-0.270670
-0.268297
-0.265788
-0.263506
-0.261203
-0.258399
-0.254778
-0.250475
-0.246181
-0.243014
-0.242192
-0.244595
-0.250324
-0.258388
-0.266625
-0.271905
-0.270599
-0.259230
-0.235181
-0.197289
-0.146213
-0.084479
-0.016207
0.053416
0.118799
0.174614
0.216347
0.240692
0.245758
0.231133
0.197842
0.148236
0.085824
0.015051
-0.058974
-0.130802
-0.194994
-0.246496
-0.281015
-0.295403
-0.288034
-0.259145
-0.211092
-0.148410
-0.077603
-0.006587
0.056203
0.102923
0.127482
0.126506
0.099915
0.050973
-0.014198
-0.087524
-0.160138
-0.223561
-0.270738
-0.296789
-0.299438
-0.279102
-0.238678
-0.183066
-0.118459
-0.051475
0.011771
0.066538
0.110084
0.141928
0.163648
0.178226
0.189079
0.198978
0.209141
0.218734
0.224951
0.223709
0.210814
0.183348
0.140917
0.086389
0.025870
-0.032199
-0.078682
-0.105797
-0.109069
-0.088683
-0.049807
-0.001723
0.044105
0.076617
0.087754
0.074444
0.039412
-0.009395
-0.060683
-0.102529
-0.125281
-0.123912
-0.099247
-0.057751
-0.009947
0.032147
0.057901
0.060600
0.038998
-0.002438
-0.054588
-0.105752
-0.144202
-0.160626
-0.149923
-0.112046
-0.051797
0.022258
0.099433
0.168770
0.220723
0.248474
0.248741
0.222068
0.172620
0.107560
0.036063
-0.031938
-0.087138
-0.122217
-0.132927
-0.118710
-0.082686
-0.030985
0.028481
0.087540
0.139249
0.179029
0.205205
0.218855
0.223048
0.221704
0.218369
0.215214
0.212496
0.208586
0.200530
0.184982
0.159242
0.122135
0.074499
0.019147
-0.039666
-0.097142
-0.148948
-0.192067
-0.225274
-0.249120
-0.265444
-0.276570
-0.284423
-0.289800
-0.292018
-0.289028
-0.277965
-0.256012
-0.221327
-0.173787
-0.115348
-0.049889
0.017422
0.081106
0.136421
0.180247
0.211558
0.231381
0.242267
0.247429
0.249771
0.251052
0.251396
0.249262
0.241852
0.225864
0.198399
0.157804
0.104264
0.040024
-0.030791
-0.102679
-0.169486
-0.225180
-0.264571
-0.283891
-0.281214
-0.256716
-0.212773
-0.153881
-0.086363
-0.017828
0.043617
0.090332
0.116160
0.117331
0.093082
0.045877
-0.018819
-0.093183
-0.167983
-0.233711
-0.281768
-0.305582
-0.301542
-0.269643
-0.213719
-0.141151
-0.061995
0.012452
0.071484
0.106910
0.114690
0.095875
0.056549
0.006691
-0.041878
-0.078047
-0.093893
-0.086470
-0.058466
-0.017519
0.025674
0.060001
0.076696
0.071521
0.045819
0.006180
-0.037216
-0.073138
-0.092102
-0.088708
-0.062963
-0.020261
0.029921
0.076268
0.108210
0.118226
0.103302
0.065278
0.010057
-0.054015
-0.118146
-0.174948
-0.219706
-0.250838
-0.269517
-0.278669
-0.281680
-0.281181
-0.278243
-0.272147
-0.260762
-0.241378
-0.211726
-0.170906
-0.119923
-0.061713
-0.000618
0.058511
0.111357
0.155014
0.188470
0.212558
0.229414
0.241580
0.251037
0.258429
0.262713
0.261351
0.251023
0.228682
0.192696
0.143753
0.085277
0.023191
-0.034951
-0.081294
-0.109177
-0.114430
-0.096189
-0.057047
-0.002540
0.059878
0.122097
0.176580
0.217302
0.240298
0.243781
0.227955
0.194620
0.146732
0.088001
0.022569
-0.045223
-0.111009
-0.170549
-0.219896
-0.255591
-0.274921
-0.276201
-0.259063
-0.224668
-0.175763
-0.116504
-0.052009
0.012318
0.071580
0.122122
0.162046
0.191327
0.211523
0.225100
0.234558
0.241578
0.246414
0.247716
0.242851
0.228680
0.202600
0.163606
0.113071
0.055005
-0.004327
-0.057406
-0.096859
-0.116949
-0.114777
-0.090894
-0.049161
0.004118
0.061554
0.116183
0.162754
0.198481
0.223117
0.238378
0.246915
0.251155
0.252334
0.249984
0.242042
0.225527
0.197631
0.156910
0.104252
0.043316
-0.019720
-0.077085
-0.120841
-0.144467
-0.144212
-0.119896
-0.074963
-0.015771
0.049669
0.113226
0.168065
0.209677
0.236337
0.248955
0.250464
0.244906
0.236487
0.228759
0.224095
0.223484
0.226635
0.232311
0.238776
0.244269
0.247395
0.247393
0.244236
0.238577
0.231575
0.224619
0.219036
0.215814
0.215403
0.217635
0.221778
0.226716
0.231229
0.234316
0.235479
0.234895
0.233426
0.232424
0.233357
0.237313
0.244500
0.253865
0.262970
0.268194
0.265318
0.250384
0.220701
0.175763
0.117837
0.052024
-0.014300
-0.072614
-0.114743
-0.134403
-0.128454
-0.097546
-0.046022
0.018908
0.088520
0.154158
0.208680
0.247504
0.269081
0.274773
0.268245
0.254545
0.239072
0.226610
0.220562
0.222451
0.231720
0.245846
0.260733
0.271365
0.272663
0.260433
0.232283
0.188337
0.131567
0.067622
0.004102
-0.050637
-0.088944
-0.105307
-0.097430
-0.066690
-0.017855
0.041879
0.104321
0.161838
0.208684
0.241804
0.260984
0.268362
0.267466
0.262068
0.255111
0.247983
0.240257
0.229940
0.214123
0.189856
0.155035
0.109091
0.053345
-0.009040
-0.073447
-0.134447
-0.186530
-0.224806
-0.245577
-0.246721
-0.227896
-0.190569
-0.137865
-0.074257
-0.005110
0.063912
0.127480
0.181216
0.222176
0.249135
0.262616
0.264690
0.258584
0.248170
0.237404
0.229776
0.227823
0.232735
0.244104
0.259871
0.276495
0.289402
0.293680
0.284965
0.260382
0.219357
0.164102
0.099624
0.033162
-0.026880
-0.072323
-0.096669
-0.096288
-0.071096
-0.024583
0.036807
0.104761
0.170423
0.225663
0.264099
0.281720
0.277115
0.251350
0.207593
0.150571
0.085932
0.019558
-0.043121
-0.097754
-0.141550
-0.173523
-0.194455
-0.206531
-0.212732
-0.216073
-0.218864
-0.222129
-0.225322
-0.226402
-0.222258
-0.209396
-0.184761
-0.146520
-0.094656
-0.031267
0.039492
0.111807
0.178865
0.233708
0.270146
0.283656
0.272158
0.236570
0.181020
0.112612
0.040662
-0.024580
-0.073586
-0.099315
-0.098706
-0.073525
-0.030261
0.021011
0.068653
0.101967
0.113593
0.101226
0.068180
0.022624
-0.024386
-0.061604
-0.080376
-0.076789
-0.052653
-0.015030
0.025557
0.057812
0.072552
0.065070
0.036362
-0.007074
-0.054831
-0.095146
-0.117785
-0.116532
-0.090694
-0.045269
0.010204
0.063793
0.103778
0.121083
0.111021
0.074008
0.015217
-0.056653
-0.131121
-0.197775
-0.247854
-0.275352
-0.277527
-0.254880
-0.210713
-0.150405
-0.080561
-0.008112
0.060517
0.120101
0.167121
0.199995
0.219043
0.226196
0.224513
0.217606
0.209078
0.202047
0.198812
0.200660
0.207801
0.219398
0.233665
0.248027
0.259346
0.264225
0.259390
0.242128
0.210725
0.164849
0.105776
0.036435
-0.038785
-0.114410
-0.184416
-0.242841
-0.284415
-0.305166
-0.302948
-0.277853
-0.232449
-0.171736
-0.102782
-0.033969
0.026065
0.069670
0.091383
0.088827
0.063103
0.018552
-0.038056
-0.098772
-0.155854
-0.203032
-0.236395
-0.254770
-0.259582
-0.254284
-0.243518
-0.232174
-0.224517
-0.223480
-0.230199
-0.243823
-0.261609
-0.279302
-0.291779
-0.293904
-0.281505
-0.252322
-0.206746
-0.148159
-0.082718
-0.018541
0.035631
0.072070
0.085656
0.075072
0.043284
-0.002846
-0.053763
-0.098993
-0.129110
-0.137442
-0.121191
-0.081742
-0.024178
0.043836
0.113468
0.176142
0.224681
0.254021
0.261479
0.246658
0.211110
0.157910
0.091235
0.016000
-0.062434
-0.138506
-0.206694
-0.261794
-0.299258
-0.315626
-0.309010
-0.279575
-0.229893
-0.165030
-0.092246
-0.020243
0.041988
0.086534
0.107885
0.103909
0.076213
0.029801
-0.027943
-0.088711
-0.144832
-0.190600
-0.223061
-0.242141
-0.250126
-0.250675
-0.247634
-0.243940
-0.240872
-0.237781
-0.232337
-0.221203
-0.200953
-0.169019
-0.124465
-0.068433
-0.004183
0.063241
0.127658
0.182567
0.222026
0.241479
0.238440
0.212971
0.167880
0.108561
0.042456
-0.021872
-0.075958
-0.112748
-0.127765
-0.119865
-0.091369
-0.047515
0.004680
0.057889
0.105925
0.144823
0.173298
0.192481
0.205035
0.213923
0.221164
0.226959
0.229428
0.225067
0.209837
0.180589
0.136459
0.079810
0.016384
-0.045447
-0.096272
-0.127709
-0.134467
-0.115864
-0.076343
-0.024804
0.027184
0.067877
0.087988
0.082822
0.053370
0.006119
-0.048388
-0.097879
-0.131005
-0.139698
-0.120714
-0.076059
-0.012296
0.061036
0.133459
0.195580
0.240681
0.265629
0.271007
0.260573
0.240226
0.216732
0.196442
0.184195
0.182532
0.191310
0.207752
0.226922
0.242587
0.248372
0.239039
0.211690
0.166651
0.107802
0.042198
-0.021043
-0.072430
-0.104077
-0.111510
-0.094872
-0.059169
-0.013412
0.031218
0.063810
0.076194
0.064859
0.031829
-0.015751
-0.067226
-0.110885
-0.136658
-0.138428
-0.115421
-0.072364
-0.018416
0.034828
0.075792
0.095250
0.088056
0.053968
-0.002507
-0.073119
-0.147425
-0.214553
-0.264862
-0.291277
-0.290178
-0.261794
-0.210124
-0.142392
-0.068078
0.002389
0.059166
0.094557
0.104328
0.088530
0.051598
0.001660
-0.050862
-0.095107
-0.121714
-0.124455
-0.101238
-0.054305
0.010341
0.084123
0.157381
0.220865
0.266981
0.290622
0.289557
0.264409
0.218316
0.156360
0.084859
0.010561
-0.060152
-0.122006
-0.171398
-0.206714
-0.228333
-0.238319
-0.239878
-0.236670
-0.232136
-0.228947
-0.228674
-0.231698
-0.237351
-0.244228
-0.250581
-0.254732
-0.255429
-0.252103
-0.245000
-0.235182
-0.224382
-0.214738
-0.208420
-0.207183
-0.211909
-0.222220
-0.236268
-0.250768
-0.261357
-0.263265
-0.252222
-0.225450
-0.182527
-0.125896
-0.060847
0.005098
0.063342
0.105695
0.125869
0.120676
0.090624
0.039809
-0.024856
-0.094891
-0.161659
-0.217624
-0.257243
-0.277355
-0.277113
-0.257577
-0.221163
-0.171100
-0.111017
-0.044713
0.023927
0.090915
0.152146
0.203449
0.240776
0.260562
0.260229
0.238769
0.197265
0.139215
0.070487
-0.001157
-0.066976
-0.118467
-0.148658
-0.153240
-0.131278
-0.085382
-0.021314
0.052864
0.127926
0.194683
0.245084
0.273114
0.275416
0.251639
0.204503
0.139559
0.064647
-0.010971
-0.077718
-0.126945
-0.152126
-0.149793
-0.120051
-0.066559
0.003990
0.082796
0.160120
0.226489
0.273811
0.296288
0.291078
0.258668
0.202923
0.130767
0.051439
-0.024647
-0.087377
-0.128528
-0.143204
-0.130814
-0.095331
-0.044712
0.010448
0.058786
0.090190
0.097563
0.077973
0.033021
-0.031608
-0.107234
-0.183664
-0.250756
-0.299825
-0.324727
-0.322536
-0.293809
-0.242461
-0.175268
-0.101036
-0.029483
0.030064
0.069995
0.085541
0.075495
0.042331
-0.008308
-0.068693
-0.130428
-0.185924
-0.229602
-0.258611
-0.272945
-0.275010
-0.268785
-0.258813
-0.249255
-0.243174
-0.242163
-0.246320
-0.254503
-0.264780
-0.274929
-0.282919
-0.287266
-0.287256
-0.283013
-0.275426
-0.265960
-0.256393
-0.248485
-0.243645
-0.242614
-0.245235
-0.250327
-0.255732
-0.258529
-0.255423
-0.243241
-0.219489
-0.182848
-0.133537
-0.073470
-0.006178
0.063501
0.129903
0.187136
0.229734
0.253304
0.255128
0.234645
0.193755
0.136846
0.070477
0.002686
-0.058023
-0.103884
-0.129024
-0.130375
-0.108098
-0.065475
-0.008271
0.056262
0.120502
0.177477
0.221587
0.248974
0.257561
0.246859
0.217693
0.171950
0.112421
0.042733
-0.032659
-0.108525
-0.179021
-0.238027
-0.279710
-0.299272
-0.293804
-0.263096
-0.210181
-0.141426
-0.065982
0.005415
0.062195
0.095916
0.102048
0.081099
0.038762
-0.015081
-0.068330
-0.109238
-0.128980
-0.123621
-0.094982
-0.050183
0.000041
0.043865
0.071127
0.075652
0.056611
0.018616
-0.029414
-0.076319
-0.111157
-0.125485
-0.114965
-0.080000
-0.025370
0.040953
0.109437
0.170693
0.216889
0.242674
0.245552
0.225766
0.185843
0.129963
0.063281
-0.008680
-0.080541
-0.147426
-0.205210
-0.250632
-0.281334
-0.295848
-0.293577
-0.274801
-0.240701
-0.193380
-0.135828
-0.071801
-0.005583
0.058343
0.115666
0.162595
0.196125
0.214212
0.215840
0.201040
0.170857
0.127296
0.073238
0.012303
-0.051359
-0.113329
-0.169237
-0.215070
-0.247477
-0.264014
-0.263355
-0.245432
-0.211513
-0.164167
-0.107089
-0.044763
0.018027
0.076768
0.127787
0.168684
0.198544
0.217889
0.228379
0.232351
0.232298
0.230415
0.228279
0.226727
0.225908
0.225482
0.224878
0.223557
0.221203
0.217818
0.213710
0.209393
0.205449
0.202374
0.200479
0.199844
0.200346
0.201750
0.203817
0.206405
0.209520
0.213293
0.217867
0.223224
0.228981
0.234218
0.237398
0.236426
0.228880
0.212377
0.185036
0.145935
0.095474
0.035555
-0.030464
-0.098046
-0.161926
-0.216685
-0.257350
-0.279972
-0.282108
-0.263174
-0.224606
-0.169792
-0.103733
-0.032442
0.037851
0.101573
0.154588
0.194718
0.221874
0.237773
0.245292
0.247609
0.247342
0.245878
0.243050
0.237230
0.225801
0.205908
0.175282
0.132962
0.079731
0.018188
-0.047559
-0.112483
-0.171354
-0.219417
-0.252916
-0.269374
-0.267661
-0.247913
-0.211377
-0.160274
-0.097684
-0.027486
0.045729
0.116783
0.180149
0.230325
0.262352
0.272458
0.258753
0.221864
0.165335
0.095627
0.021579
-0.046719
-0.099507
-0.129152
-0.131760
-0.108195
-0.064188
-0.009399
0.044453
0.085997
0.106646
0.102468
0.075037
0.031055
-0.019168
-0.064029
-0.093157
-0.099572
-0.080984
-0.039975
0.016909
0.080858
0.142830
0.195420
0.234125
0.257808
0.268306
0.269406
0.265489
0.260200
0.255475
0.251100
0.244883
0.233330
0.212645
0.179808
0.133474
0.074536
0.006241
-0.066129
-0.135925
-0.196023
-0.239806
-0.262113
-0.260058
-0.233613
-0.185881
-0.122955
-0.053314
0.013254
0.067100
0.100312
0.108191
0.090258
0.050547
-0.002957
-0.059649
-0.108185
-0.138511
-0.143637
-0.120806
-0.071867
-0.002831
0.077232
0.157697
0.227984
0.279026
0.304423
0.301193
0.270108
0.215585
0.145165
0.068557
-0.003665
-0.061624
-0.097725
-0.107996
-0.092890
-0.057314
-0.009817
0.038975
0.078359
0.099591
0.097501
0.071343
0.024710
-0.035429
-0.100312
-0.161192
-0.210970
-0.245303
-0.263023
-0.265876
-0.257715
-0.243432
-0.227870
-0.214953
-0.207170
-0.205434
-0.209276
-0.217253
-0.227439
-0.237884
-0.246954
-0.253524
-0.257014
-0.257334
-0.254767
-0.249864
-0.243363
-0.236167
-0.229334
-0.224063
-0.221611
-0.223124
-0.229362
-0.240367
-0.255135
-0.271419
-0.285760
-0.293827
-0.291097
-0.273774
-0.239804
-0.189725
-0.127115
-0.058424
0.007885
0.062780
0.098447
0.109999
0.096700
0.062355
0.014714
-0.036022
-0.079262
-0.106174
-0.111416
-0.094031
-0.057316
-0.007750
0.046728
0.098603
0.142370
0.175423
0.198078
0.212801
0.222898
0.231083
0.238334
0.243374
0.242932
0.232719
0.208880
0.169500
0.115759
0.052357
-0.012973
-0.070809
-0.111979
-0.129626
-0.120900
-0.087841
-0.037212
0.020707
0.074082
0.111815
0.125636
0.111563
0.070474
0.007735
-0.067940
-0.146097
-0.216269
-0.269497
-0.299455
-0.303060
-0.280591
-0.235365
-0.173083
-0.100922
-0.026497
0.043193
0.102690
0.148739
0.180553
0.199621
0.209087
0.212823
0.214384
0.216097
0.218481
0.220138
0.218153
0.208899
0.189067
0.156652
0.111661
0.056328
-0.005206
-0.067715
-0.125975
-0.175859
-0.215136
-0.243753
-0.263530
-0.277345
-0.288031
-0.297311
-0.305071
-0.309204
-0.306124
-0.291826
-0.263270
-0.219694
-0.163484
-0.100300
-0.038320
0.013297
0.046412
0.055887
0.041033
0.006102
-0.040372
-0.087295
-0.123419
-0.139870
-0.132183
-0.101352
-0.053626
0.000878
0.050399
0.084058
0.094083
0.077258
0.035319
-0.025680
-0.096795
-0.167993
-0.229906
-0.275166
-0.299149
-0.300095
-0.278756
-0.237766
-0.180975
-0.112878
-0.038246
0.038051
0.111110
0.176022
0.227995
0.262625
0.276361
0.267123
0.234963
0.182580
0.115505
0.041771
-0.029002
-0.087035
-0.124090
-0.135111
-0.119390
-0.080947
-0.027973
0.028608
0.077160
0.107512
0.112814
0.090682
0.043435
-0.022575
-0.098296
-0.173653
-0.239183
-0.287321
-0.313180
-0.314787
-0.292865
-0.250315
-0.191563
-0.121899
-0.046892
0.028070
0.098111
0.159063
0.207567
0.241102
0.257989
0.257416
0.239500
0.205378
0.157277
0.098498
0.033246
-0.033714
-0.097551
-0.153942
-0.199609
-0.232709
-0.253022
-0.261881
-0.261892
-0.256481
-0.249350
-0.243907
-0.242744
-0.247208
-0.257138
-0.270798
-0.285051
-0.295793
-0.298593
-0.289489
-0.265784
-0.226698
-0.173703
-0.110441
-0.042187
0.025059
0.085661
0.135388
0.172135
0.196160
0.209766
0.216512
0.220144
0.223531
0.227853
0.232264
0.234095
0.229558
0.214767
0.186824
0.144701
0.089693
0.025334
-0.043202
-0.110058
-0.169777
-0.218229
-0.253207
-0.274551
-0.283841
-0.283787
-0.277497
-0.267826
-0.256955
-0.246260
-0.236461
-0.227941
-0.221101
-0.216611
-0.215431
-0.218596
-0.226782
-0.239788
-0.256108
-0.272752
-0.285457
-0.289319
-0.279774
-0.253729
-0.210581
-0.152839
-0.086126
-0.018471
0.041013
0.083826
0.103746
0.098089
0.068227
0.019232
-0.041263
-0.104715
-0.163407
-0.211844
-0.247495
-0.270715
-0.283960
-0.290522
-0.293177
-0.293138
-0.289589
-0.279946
-0.260784
-0.229169
-0.184033
-0.127177
-0.063582
-0.000854
0.052131
0.087107
0.098358
0.084239
0.047852
-0.003338
-0.058884
-0.107448
-0.139082
-0.147189
-0.129703
-0.089248
-0.032306
0.032362
0.095618
0.149719
0.189586
0.213354
0.222182
0.219488
0.209850
0.197888
0.187362
0.180639
0.178591
0.180840
0.186241
0.193425
0.201254
0.209081
0.216759
0.224434
0.232186
0.239648
0.245711
0.248428
0.245164
0.232984
0.209216
0.172079
0.121242
0.058201
-0.013609
-0.089007
-0.161542
-0.224210
-0.270330
-0.294497
-0.293492
-0.267027
-0.218157
-0.153227
-0.081243
-0.012654
0.042300
0.075439
0.082281
0.063097
0.023063
-0.028619
-0.080500
-0.121232
-0.141954
-0.138186
-0.110789
-0.065752
-0.012897
0.036227
0.070731
0.082540
0.067869
0.027753
-0.032378
-0.103891
-0.176571
-0.240325
-0.286647
-0.309666
-0.306704
-0.278400
-0.228458
-0.163118
-0.090414
-0.019261
0.041563
0.084469
0.104006
0.097579
0.065814
0.012486
-0.055964
-0.131258
-0.204310
-0.266312
-0.309749
-0.329256
-0.322250
-0.289304
-0.234196
-0.163601
-0.086367
-0.012419
0.048638
0.088975
0.103821
0.092248
0.057285
0.005258
-0.055499
-0.116314
-0.169820
-0.211215
-0.238842
-0.253990
-0.260008
-0.260980
-0.260342
-0.259785
-0.258734
-0.254534
-0.243283
-0.221101
-0.185508
-0.136540
-0.077300
-0.013776
0.046072
0.093756
0.121908
0.125751
0.104067
0.059456
-0.002137
-0.072468
-0.142364
-0.203124
-0.247681
-0.271379
-0.272309
-0.251252
-0.211289
-0.157217
-0.094822
-0.030114
0.031417
0.085436
0.129207
0.161774
0.183832
0.197329
0.204864
0.209033
0.211861
0.214458
0.216967
0.218802
0.219097
0.217229
0.213259
0.208150
0.203663
0.201948
0.204882
0.213344
0.226607
0.242054
0.255363
0.261191
0.254269
0.230704
0.189181
0.131741
0.063902
-0.006022
-0.068327
-0.113775
-0.135534
-0.130731
-0.101244
-0.053534
0.002475
0.055239
0.093736
0.109485
0.098007
0.059513
-0.001283
-0.076079
-0.154419
-0.225336
-0.278965
-0.307904
-0.308204
-0.279901
-0.227050
-0.157237
-0.080562
-0.008174
0.049480
0.084451
0.092766
0.075275
0.037604
-0.010869
-0.058866
-0.095530
-0.112722
-0.106765
-0.079223
-0.036522
0.011499
0.053768
0.080367
0.084572
0.064103
0.021335
-0.037506
-0.103886
-0.168832
-0.224678
-0.266298
-0.291641
-0.301544
-0.298992
-0.288097
-0.273075
-0.257476
-0.243776
-0.233366
-0.226820
-0.224296
-0.225885
-0.231770
-0.242119
-0.256757
-0.274725
-0.293893
-0.310841
-0.321113
-0.319912
-0.303134
-0.268533
-0.216714
-0.151641
-0.080414
-0.012252
0.043222
0.078012
0.087663
0.072508
0.037894
-0.006787
-0.050100
-0.081173
-0.092259
-0.080629
-0.049252
-0.006074
0.037982
0.071787
0.086865
0.079589
0.052134
0.011924
-0.030296
-0.063280
-0.078242
-0.071192
-0.044020
-0.004033
0.037944
0.070408
0.084219
0.075036
0.044517
-0.000058
-0.047625
-0.086171
-0.105829
-0.101427
-0.073838
-0.029789
0.019805
0.062554
0.087646
0.088483
0.064249
0.020065
-0.034263
-0.086553
-0.124996
-0.140696
-0.129406
-0.092142
-0.034608
0.034309
0.104553
0.166927
0.214697
0.244495
0.256442
0.253584
0.240864
0.223908
0.207889
0.196647
0.192207
0.194687
0.202576
0.213274
0.223777
0.231377
0.234260
0.231899
0.225168
0.216149
0.207657
0.202547
0.202933
0.209483
0.220955
0.234129
0.244211
0.245698
0.233579
0.204631
0.158521
0.098397
0.030754
-0.035509
-0.090716
-0.126424
-0.137355
-0.122777
-0.086948
-0.038441
0.011548
0.051569
0.072416
0.069168
0.042306
-0.002379
-0.055023
-0.103800
-0.137384
-0.147229
-0.129184
-0.084168
-0.017844
0.060540
0.139828
0.208803
0.257878
0.280422
0.273592
0.238644
0.180724
0.108186
0.031451
-0.038477
-0.091707
-0.121126
-0.123723
-0.101277
-0.060167
-0.010243
0.037094
0.071240
0.084659
0.074554
0.043507
-0.001097
-0.048753
-0.088264
-0.110328
-0.109686
-0.086318
-0.045420
0.003814
0.050272
0.083359
0.095215
0.082210
0.045445
-0.009782
-0.075328
-0.141999
-0.201343
-0.247082
-0.275930
-0.287736
-0.285035
-0.272201
-0.254419
-0.236696
-0.223061
-0.216023
-0.216329
-0.222984
-0.233487
-0.244238
-0.251058
-0.249771
-0.236798
-0.209691
-0.167566
-0.111355
-0.043857
0.030440
0.105749
0.175540
0.233229
0.272929
0.290218
0.282856
0.251341
0.199195
0.132856
0.061059
-0.006289
-0.059637
-0.091480
-0.097854
-0.079279
-0.040860
0.008558
0.058067
0.096854
0.116368
0.111978
0.083746
0.036134
-0.023246
-0.085510
-0.142509
-0.188478
-0.220929
-0.240639
-0.250781
-0.255514
-0.258437
-0.261332
-0.263555
-0.262207
-0.253056
-0.231937
-0.196268
-0.146254
-0.085431
-0.020375
0.040395
0.088071
0.115376
0.118091
0.095927
0.052522
-0.005406
-0.069515
-0.131545
-0.184846
-0.225384
-0.252055
-0.266291
-0.271127
-0.270033
-0.265805
-0.259790
-0.251624
-0.239486
-0.220792
-0.193097
-0.154981
-0.106672
-0.050253
0.010585
0.071180
0.126746
0.173232
0.207985
0.230091
0.240359
0.240983
0.235000
0.225674
0.215939
0.207975
0.203000
0.201241
0.202099
0.204421
0.206849
0.208162
0.207566
0.204883
0.200612
0.195832
0.191969
0.190454
0.192315
0.197804
0.206124
0.215344
0.222567
0.224338
0.217261
0.198700
0.167422
0.124023
0.070995
0.012397
-0.046833
-0.101795
-0.148547
-0.184810
-0.210285
-0.226488
-0.236160
-0.242393
-0.247697
-0.253248
-0.258489
-0.261195
-0.257984
-0.245143
-0.219581
-0.179698
-0.125950
-0.061027
0.010420
0.082385
0.148343
0.202120
0.238664
0.254630
0.248705
0.221714
0.176484
0.117510
0.050420
-0.018715
-0.084167
-0.141323
-0.187294
-0.221228
-0.244219
-0.258808
-0.268150
-0.275053
-0.281101
-0.286106
-0.288051
-0.283574
-0.268933
-0.241212
-0.199497
-0.145690
-0.084703
-0.023900
0.028160
0.063431
0.076171
0.064372
0.030472
-0.018865
-0.073877
-0.123503
-0.157455
-0.168113
-0.151854
-0.109573
-0.046369
0.029471
0.107917
0.178763
0.233064
0.264252
0.268848
0.246773
0.201267
0.138461
0.066623
-0.004848
-0.066619
-0.110661
-0.131342
-0.126194
-0.096207
-0.045581
0.018999
0.089418
0.157303
0.215085
0.256809
0.278609
0.278858
0.258064
0.218598
0.164314
0.100110
0.031438
-0.036223
-0.097908
-0.149664
-0.188944
-0.214829
-0.228058
-0.230839
-0.226484
-0.218925
-0.212144
-0.209599
-0.213674
-0.225239
-0.243366
-0.265281
-0.286628
-0.302056
-0.306123
-0.294386
-0.264502
-0.217092
-0.156102
-0.088506
-0.023275
0.030250
0.064273
0.074321
0.060438
0.027433
-0.015954
-0.058850
-0.090622
-0.103284
-0.093342
-0.062618
-0.017834
0.030940
0.072599
0.097492
0.099493
0.077144
0.033666
-0.024129
-0.087651
-0.148587
-0.200643
-0.240556
-0.268185
-0.285739
-0.296433
-0.303011
-0.306576
-0.306075
-0.298596
-0.280401
-0.248401
-0.201655
-0.142416
-0.076378
-0.011936
0.041423
0.075260
0.084315
0.068049
0.031143
-0.017258
-0.065453
-0.101813
-0.117488
-0.108520
-0.076817
-0.029704
0.021833
0.065792
0.092035
0.094680
0.073440
0.033591
-0.015371
-0.062020
-0.095627
-0.108494
-0.097421
-0.064048
-0.014039
0.044558
0.103321
0.155301
0.196246
0.224989
0.242975
0.253153
0.258603
0.261292
0.261315
0.256813
0.244576
0.221171
0.184260
0.133764
0.072522
0.006259
-0.057191
-0.109228
-0.142099
-0.150417
-0.132246
-0.089531
-0.027828
0.044582
0.117960
0.182528
0.229788
0.253591
0.250855
0.221912
0.170466
0.103165
0.028807
-0.042774
-0.102051
-0.141179
-0.155190
-0.142760
-0.106369
-0.051793
0.012986
0.079239
0.138996
0.186306
0.217996
0.233842
0.236171
0.229063
0.217351
0.205663
0.197647
0.195489
0.199741
0.209397
0.222177
0.234912
0.243993
0.245837
0.237337
0.216281
0.181688
0.134025
0.075263
0.008738
-0.061167
-0.129477
-0.191145
-0.241548
-0.276904
-0.294562
-0.293179
-0.272791
-0.234797
-0.181870
-0.117783
-0.047143
0.024961
0.093362
0.153230
0.200444
0.231879
0.245596
0.240954
0.218639
0.180634
0.130099
0.071139
0.008423
-0.053318
-0.109871
-0.158079
-0.196233
-0.224185
-0.243147
-0.255209
-0.262663
-0.267308
-0.269890
-0.269837
-0.265344
-0.253813
-0.232551
-0.199561
-0.154241
-0.097812
-0.033370
0.034477
0.100297
0.158708
0.205251
0.237090
0.253415
0.255504
0.246457
0.230661
0.213095
0.198540
0.190821
0.192147
0.202659
0.220263
0.240828
0.258778
0.268025
0.263160
0.240662
0.199904
0.143693
0.078132
0.011765
-0.045919
-0.086334
-0.103616
-0.095986
-0.066303
-0.021643
0.028038
0.071868
0.100221
0.106571
0.088647
0.048661
-0.007398
-0.071172
-0.133690
-0.187079
-0.225864
-0.247661
-0.253218
-0.245874
-0.230646
-0.213143
-0.198530
-0.190659
-0.191497
-0.200861
-0.216476
-0.234346
-0.249386
-0.256260
-0.250334
-0.228611
-0.190481
-0.138144
-0.076554
-0.012856
0.044651
0.087850
0.110189
0.107846
0.080436
0.031114
-0.033899
-0.106266
-0.176752
-0.236471
-0.277991
-0.296178
-0.288723
-0.256357
-0.202773
-0.134253
-0.059007
0.013760
0.074980
0.116929
0.134322
0.125079
0.090626
0.035615
-0.032845
-0.106312
-0.176250
-0.235141
-0.277296
-0.299274
-0.299926
-0.280149
-0.242461
-0.190516
-0.128629
-0.061363
0.006813
0.071778
0.129923
0.178230
0.214279
0.236219
0.242748
0.233143
0.207372
0.166254
0.111649
0.046590
-0.024693
-0.096911
-0.164052
-0.219884
-0.258625
-0.275702
-0.268535
-0.237202
-0.184850
-0.117689
-0.044443
0.024747
0.079885
0.112875
0.119128
0.098630
0.056175
0.000628
-0.056678
-0.104101
-0.131924
-0.134191
-0.109721
-0.062114
0.001212
0.070679
0.136513
0.190549
0.227537
0.245739
0.246784
0.234929
0.215948
0.195910
0.180071
0.172038
0.173293
0.183082
0.198637
0.215688
0.229173
0.234070
0.226246
0.203210
0.164624
0.112484
0.050877
-0.014673
-0.078173
-0.134255
-0.179163
-0.211388
-0.231795
-0.243178
-0.249360
-0.254043
-0.259698
-0.266794
-0.273568
-0.276418
-0.270863
-0.252829
-0.219970
-0.172670
-0.114461
-0.051703
0.007435
0.054485
0.082336
0.086656
0.066744
0.025629
-0.030591
-0.093987
-0.156309
-0.210432
-0.251434
-0.277154
-0.288156
-0.287234
-0.278583
-0.266866
-0.256333
-0.250132
-0.249863
-0.255411
-0.265033
-0.275665
-0.283408
-0.284140
-0.274188
-0.250970
-0.213520
-0.162788
-0.101641
-0.034530
0.033132
0.095783
0.148564
0.188046
0.212685
0.222952
0.221127
0.210827
0.196380
0.182146
0.171888
0.168255
0.172428
0.183939
0.200697
0.219226
0.235110
0.243624
0.240477
0.222568
0.188622
0.139553
0.078473
0.010278
-0.059097
-0.123653
-0.178298
-0.219629
-0.246356
-0.259296
-0.260976
-0.254967
-0.245109
-0.234816
-0.226575
-0.221718
-0.220456
-0.222126
-0.225547
-0.229403
-0.232561
-0.234285
-0.234311
-0.232818
-0.230312
-0.227471
-0.224992
-0.223464
-0.223293
-0.224666
-0.227569
-0.231813
-0.237087
-0.243003
-0.249131
-0.255027
-0.260257
-0.264425
-0.267216
-0.268446
-0.268130
-0.266530
-0.264177
-0.261835
-0.260387
-0.260645
-0.263111
-0.267716
-0.273629
-0.279173
-0.281933
-0.279056
-0.267723
-0.245726
-0.212008
-0.167058
-0.113022
-0.053481
0.007079
0.064010
0.113289
0.152162
0.179510
0.195855
0.203034
0.203653
0.200454
0.195782
0.191234
0.187581
0.184920
0.182990
0.181536
0.180600
0.180640
0.182448
0.186857
0.194345
0.204613
0.216312
0.226983
0.233304
0.231606
0.218584
0.192037
0.151482
0.098464
0.036485
-0.029467
-0.093693
-0.150708
-0.196117
-0.227277
-0.243631
-0.246682
-0.239642
-0.226844
-0.213020
-0.202553
-0.198781
-0.203454
-0.216380
-0.235349
-0.256369
-0.274220
-0.283308
-0.278708
-0.257228
-0.218287
-0.164395
-0.101057
-0.036066
0.021746
0.064068
0.084658
0.080531
0.052501
0.004967
-0.055025
-0.119197
-0.179610
-0.230010
-0.266708
-0.288814
-0.297889
-0.297148
-0.290488
-0.281568
-0.273164
-0.266878
-0.263216
-0.261930
-0.262467
-0.264374
-0.267528
-0.272125
-0.278435
-0.286429
-0.295398
-0.303707
-0.308812
-0.307578
-0.296869
-0.274277
-0.238815
-0.191371
-0.134775
-0.073397
-0.012364
0.043465
0.090478
0.126997
0.153480
0.172147
0.186141
0.198418
0.210694
0.222736
0.232218
0.235241
0.227409
0.205214
0.167380
0.115776
0.055616
-0.005211
-0.057579
-0.093042
-0.105785
-0.094108
-0.061048
-0.013943
0.037000
0.080808
0.108013
0.112556
0.092878
0.051968
-0.003591
-0.065290
-0.124639
-0.174897
-0.212207
-0.235911
-0.248070
-0.252383
-0.252839
-0.252465
-0.252471
-0.251978
-0.248339
-0.237954
-0.217316
-0.184052
-0.137682
-0.079955
-0.014709
0.052691
0.116153
0.169745
0.208468
0.228823
0.229119
0.209535
0.171984
0.119824
0.057473
-0.010053
-0.077618
-0.140417
-0.194347
-0.236241
-0.263960
-0.276344
-0.273084
-0.254586
-0.221876
-0.176582
-0.120970
-0.058007
0.008613
0.074544
0.134969
0.184931
0.219786
0.235766
0.230571
0.203935
0.158017
0.097500
0.029286
-0.038261
-0.096446
-0.137596
-0.156343
-0.150563
-0.121735
-0.074606
-0.016225
0.045435
0.102953
0.150699
0.185584
0.207195
0.217365
0.219334
0.216773
0.212908
0.209940
0.208863
0.209648
0.211687
0.214319
0.217259
0.220791
0.225664
0.232709
0.242307
0.253853
0.265429
0.273809
0.274882
0.264448
0.239243
0.197962
0.142006
0.075747
0.006159
-0.058155
-0.108374
-0.137024
-0.139372
-0.114344
-0.064808
0.002829
0.079583
0.155208
0.219628
0.264268
0.283137
0.273572
0.236604
0.176907
0.102307
0.022843
-0.050590
-0.107880
-0.141383
-0.147354
-0.126780
-0.085367
-0.032577
0.020153
0.061689
0.083482
0.081348
0.056346
0.014511
-0.034448
-0.079228
-0.109277
-0.116898
-0.098673
-0.055948
0.005627
0.077329
0.149016
0.210841
0.254716
0.275302
0.270483
0.241330
0.191676
0.127396
0.055516
-0.016756
-0.082985
-0.138325
-0.180092
-0.207969
-0.223803
-0.230989
-0.233553
-0.235119
-0.237979
-0.242487
-0.246924
-0.247895
-0.241197
-0.222965
-0.190862
-0.145008
-0.088426
-0.026860
0.032038
0.079987
0.109579
0.115668
0.096377
0.053515
-0.007630
-0.079067
-0.151265
-0.214486
-0.260106
-0.281753
-0.276161
-0.243664
-0.188273
-0.117275
-0.040345
0.031790
0.088999
0.123457
0.131104
0.112509
0.072896
0.021258
-0.031335
-0.073877
-0.097569
-0.097468
-0.073289
-0.029170
0.027492
0.087831
0.143472
0.188197
0.218937
0.235925
0.242038
0.241574
0.238816
0.236751
0.236261
0.235949
0.232601
0.222142
0.200808
0.166248
0.118276
0.059115
-0.006920
-0.074188
-0.136751
-0.189415
-0.228571
-0.252685
-0.262380
-0.260148
-0.249802
-0.235767
-0.222361
-0.213138
-0.210383
-0.214796
-0.225380
-0.239578
-0.253612
-0.263024
-0.263352
-0.250844
-0.223111
-0.179602
-0.121813
-0.053190
0.021265
0.095594
0.163602
0.219552
0.258759
0.278026
0.275902
0.252786
0.210866
0.153909
0.086890
0.015466
-0.054674
-0.118490
-0.172198
-0.213676
-0.242577
-0.260134
-0.268687
-0.271072
-0.269997
-0.267555
-0.264975
-0.262628
-0.260276
-0.257440
-0.253802
-0.249494
-0.245200
-0.242032
-0.241207
-0.243605
-0.249331
-0.257396
-0.265643
-0.270940
-0.269654
-0.258305
-0.234265
-0.196367
-0.145265
-0.083486
-0.015159
0.054519
0.119944
0.175772
0.217480
0.241754
0.246702
0.231921
0.198450
0.148658
0.086075
0.015166
-0.058942
-0.130784
-0.194915
-0.246282
-0.280603
-0.294748
-0.287118
-0.257979
-0.209718
-0.146898
-0.076039
-0.005063
0.057603
0.104137
0.128480
0.127295
0.100539
0.051501
-0.013678
-0.086923
-0.159378
-0.222589
-0.269530
-0.295354
-0.297809
-0.277331
-0.236828
-0.181199
-0.116632
-0.049736
0.013386
0.068005
0.111393
0.143084
0.164674
0.179160
0.189975
0.199898
0.210147
0.219877
0.226264
0.225195
0.212447
0.185079
0.142678
0.088112
0.027496
-0.030708
-0.077333
-0.104569
-0.107920
-0.087558
-0.048654
-0.000503
0.045409
0.077994
0.089171
0.075852
0.040759
-0.008155
-0.059579
-0.101566
-0.124439
-0.123152
-0.098516
-0.056993
-0.009112
0.033089
0.058962
0.061769
0.040244
-0.001156
-0.053313
-0.104519
-0.143036
-0.159532
-0.148893
-0.111060
-0.050827
0.023237
0.100444
0.169823
0.221817
0.249597
0.249871
0.223175
0.173673
0.108533
0.036937
-0.031166
-0.086458
-0.121602
-0.132338
-0.118101
-0.082014
-0.030213
0.029372
0.088546
0.140346
0.180174
0.206346
0.219937
0.224028
0.222558
0.219094
0.215828
0.213032
0.209080
0.201014
0.185472
0.159737
0.122617
0.074936
0.019508
-0.039407
-0.096994
-0.148899
-0.192084
-0.225312
-0.249130
-0.265381
-0.276406
-0.284146
-0.289417
-0.291548
-0.288490
-0.277374
-0.255370
-0.220622
-0.172999
-0.114454
-0.048874
0.018557
0.082339
0.137710
0.181535
0.212781
0.232480
0.243199
0.248174
0.250335
0.251466
0.251712
0.249540
0.242152
0.226235
0.198873
0.158392
0.104958
0.040799
-0.029963
-0.101827
-0.168629
-0.224323
-0.263707
-0.283001
-0.280277
-0.255715
-0.211701
-0.152748
-0.085193
-0.016659
0.044742
0.091367
0.117067
0.118081
0.093662
0.046292
-0.018549
-0.093022
-0.167881
-0.233611
-0.281613
-0.305320
-0.301134
-0.269064
-0.212962
-0.140227
-0.060932
0.013617
0.072705
0.108142
0.115890
0.097007
0.057589
0.007630
-0.041035
-0.077285
-0.093184
-0.085785
-0.057778
-0.016804
0.026429
0.060803
0.077545
0.072410
0.046742
0.007128
-0.036252
-0.072166
-0.091129
-0.087741
-0.062005
-0.019314
0.030862
0.077209
0.109161
0.119195
0.104294
0.066289
0.011075
-0.053009
-0.117177
-0.174040
-0.218879
-0.250104
-0.268872
-0.278095
-0.281146
-0.280648
-0.277668
-0.271490
-0.259996
-0.240485
-0.210709
-0.169777
-0.118709
-0.060444
0.000672
0.059793
0.112605
0.156211
0.189607
0.213636
0.230440
0.242567
0.252001
0.259383
0.263667
0.262306
0.251972
0.229609
0.193581
0.144574
0.086017
0.023842
-0.034380
-0.080780
-0.108683
-0.113908
-0.095591
-0.056331
-0.001677
0.060899
0.123270
0.177881
0.218694
0.241734
0.245213
0.229334
0.195903
0.147887
0.089007
0.023422
-0.044512
-0.110416
-0.170040
-0.219429
-0.255125
-0.274418
-0.275632
-0.258409
-0.223920
-0.174924
-0.115584
-0.051024
0.013351
0.072642
0.123201
0.163135
0.192430
0.212650
0.226265
0.235778
0.242864
0.247769
0.249128
0.244298
0.230127
0.204010
0.164942
0.114307
0.056127
-0.003318
-0.056495
-0.096023
-0.116161
-0.114014
-0.090140
-0.048406
0.004875
0.062308
0.116927
0.163481
0.199190
0.223810
0.239057
0.247586
0.251819
0.252982
0.250603
0.242605
0.226005
0.197991
0.157128
0.104315
0.043232
-0.019919
-0.077346
-0.121093
-0.144627
-0.144200
-0.119644
-0.074427
-0.014940
0.050774
0.114548
0.169525
0.211182
0.237792
0.250279
0.251598
0.245822
0.237187
0.229276
0.224482
0.223807
0.226962
0.232699
0.239266
0.244881
0.248128
0.248227
0.245136
0.239506
0.232491
0.225490
0.219839
0.216538
0.216051
0.218220
0.222322
0.227244
0.231768
0.234888
0.236099
0.235571
0.234160
0.233212
0.234186
0.238168
0.245362
0.254713
0.263777
0.268938
0.265978
0.250949
0.221172
0.176160
0.118195
0.052392
-0.013868
-0.072064
-0.114034
-0.133520
-0.127406
-0.096369
-0.044776
0.020153
0.089698
0.155216
0.209589
0.248265
0.269723
0.275346
0.268810
0.255157
0.239770
0.227410
0.221451
0.223393
0.232664
0.246738
0.261527
0.272036
0.273210
0.260879
0.232670
0.188716
0.131989
0.068128
0.004715
-0.049911
-0.088122
-0.104421
-0.096518
-0.065787
-0.016989
0.042698
0.105103
0.162611
0.209486
0.242677
0.261966
0.269474
0.268711
0.263425
0.256539
0.249425
0.241652
0.231232
0.215267
0.190827
0.155830
0.109729
0.053859
-0.008607
-0.073050
-0.134047
-0.186097
-0.224324
-0.245042
-0.246137
-0.227278
-0.189931
-0.137219
-0.073612
-0.004467
0.064556
0.128133
0.181891
0.222888
0.249899
0.263447
0.265602
0.259585
0.249261
0.238576
0.231010
0.229089
0.234001
0.245341
0.261056
0.277624
0.290486
0.294746
0.286051
0.261523
0.220579
0.165411
0.101002
0.034563
-0.025517
-0.071072
-0.095596
-0.095442
-0.070496
-0.024211
0.037000
0.104853
0.170503
0.225819
0.264401
0.282208
0.277795
0.252197
0.208555
0.151584
0.086932
0.020493
-0.042284
-0.097022
-0.140907
-0.172938
-0.193885
-0.205934
-0.212072
-0.215331
-0.218036
-0.221228
-0.224376
-0.225445
-0.221327
-0.208522
-0.183966
-0.145813
-0.094034
-0.030719
0.039985
0.112262
0.179300
0.234135
0.270570
0.284076
0.272571
0.236969
0.181399
0.112971
0.041006
-0.024240
-0.073234
-0.098931
-0.098273
-0.073033
-0.029715
0.021592
0.069237
0.102508
0.114041
0.101535
0.068323
0.022598
-0.024556
-0.061865
-0.080655
-0.077007
-0.052738
-0.014933
0.025853
0.058288
0.073161
0.065745
0.037035
-0.006460
-0.054308
-0.094716
-0.117422
-0.116194
-0.090329
-0.044830
0.010747
0.064450
0.104536
0.121913
0.111876
0.074839
0.015977
-0.056003
-0.130603
-0.197391
-0.247590
-0.275178
-0.277404
-0.254766
-0.210573
-0.150216
-0.080313
-0.007808
0.060865
0.120481
0.167524
0.200424
0.219512
0.226726
0.225126
0.218316
0.209883
0.202928
0.199730
0.201566
0.208643
0.220134
0.234273
0.248510
0.259730
0.264553
0.259713
0.242488
0.211149
0.165337
0.106306
0.036962
-0.038312
-0.114036
-0.184170
-0.242723
-0.284398
-0.305198
-0.302961
-0.277781
-0.232237
-0.171354
-0.102227
-0.033267
0.026868
0.070517
0.092220
0.089614
0.063815
0.019188
-0.037485
-0.098244
-0.155349
-0.202538
-0.235910
-0.254305
-0.259157
-0.253923
-0.243240
-0.231989
-0.224422
-0.223462
-0.230234
-0.243883
-0.261668
-0.279339
-0.291778
-0.293857
-0.281408
-0.252173
-0.206543
-0.147897
-0.082392
-0.018149
0.036086
0.072579
0.086201
0.075630
0.043826
-0.002346
-0.053325
-0.098629
-0.128817
-0.137206
-0.120988
-0.081542
-0.023948
0.044119
0.113819
0.176562
0.225155
0.254523
0.261977
0.247117
0.211501
0.158215
0.091447
0.016126
-0.062376
-0.138491
-0.206693
-0.261778
-0.299202
-0.315511
-0.308822
-0.279308
-0.229547
-0.164614
-0.091779
-0.019750
0.042473
0.086975
0.108248
0.104164
0.076346
0.029814
-0.028029
-0.088860
-0.145002
-0.190749
-0.223157
-0.242169
-0.250092
-0.250599
-0.247545
-0.243869
-0.240840
-0.237794
-0.232386
-0.221265
-0.200999
-0.169022
-0.124407
-0.068311
-0.004010
0.063444
0.127862
0.182744
0.222157
0.241551
0.238452
0.212929
0.167796
0.108450
0.042334
-0.021992
-0.076064
-0.112832
-0.127826
-0.119904
-0.091393
-0.047533
0.004655
0.057844
0.105849
0.144711
0.173152
0.192310
0.204856
0.213756
0.221031
0.226874
0.229399
0.225091
0.209900
0.180674
0.136549
0.079893
0.016461
-0.045365
-0.096159
-0.127536
-0.134208
-0.115502
-0.075883
-0.024268
0.027752
0.068421
0.088450
0.083152
0.053537
0.006115
-0.048543
-0.098146
-0.131330
-0.140027
-0.121002
-0.076281
-0.012448
0.060935
0.133375
0.195469
0.240506
0.265364
0.270647
0.260134
0.239740
0.216242
0.195995
0.183832
0.182287
0.191209
0.207813
0.227157
0.243005
0.248975
0.239820
0.212632
0.167722
0.108957
0.043381
-0.019889
-0.071362
-0.103138
-0.110726
-0.094250
-0.058701
-0.013077
0.031448
0.063964
0.076298
0.064932
0.031885
-0.015704
-0.067185
-0.110850
-0.136630
-0.138414
-0.115427
-0.072397
-0.018484
0.034722
0.075649
0.095075
0.087861
0.053768
-0.002696
-0.073284
-0.147561
-0.214666
-0.264966
-0.291394
-0.290331
-0.262003
-0.210400
-0.142728
-0.068452
0.002014
0.058836
0.094319
0.104223
0.088581
0.051806
0.002006
-0.050417
-0.094615
-0.121228
-0.124020
-0.100881
-0.054033
0.010544
0.084289
0.157552
0.221085
0.267284
0.291029
0.290070
0.265007
0.218962
0.157004
0.085444
0.011036
-0.059826
-0.121848
-0.171402
-0.206851
-0.228555
-0.238570
-0.240101
-0.236819
-0.232179
-0.228873
-0.228489
-0.231422
-0.237016
-0.243867
-0.250230
-0.254421
-0.255182
-0.251936
-0.244919
-0.235179
-0.224439
-0.214826
-0.208503
-0.207224
-0.211879
-0.222107
-0.236080
-0.250537
-0.261132
-0.263103
-0.252176
-0.225555
-0.182785
-0.126277
-0.061289
0.004677
0.063028
0.105559
0.125953
0.120983
0.091117
0.040424
-0.024198
-0.094268
-0.161128
-0.217215
-0.256956
-0.277164
-0.276974
-0.257442
-0.220991
-0.170858
-0.110690
-0.044296
0.024428
0.091490
0.152780
0.204122
0.241463
0.261234
0.260856
0.239320
0.197718
0.139561
0.070736
-0.000978
-0.066825
-0.118292
-0.148413
-0.152888
-0.130805
-0.084798
-0.020651
0.053561
0.128608
0.195307
0.245625
0.273570
0.275806
0.252000
0.204879
0.139990
0.065155
-0.010384
-0.077076
-0.126292
-0.151516
-0.149280
-0.119670
-0.066323
0.004101
0.082833
0.160150
0.226588
0.274047
0.296709
0.291704
0.259490
0.203909
0.131869
0.052607
-0.023460
-0.086207
-0.127397
-0.142126
-0.129797
-0.094381
-0.043841
0.011221
0.059436
0.090686
0.097875
0.078080
0.032914
-0.031916
-0.107709
-0.184250
-0.251378
-0.300401
-0.325178
-0.322798
-0.293840
-0.242252
-0.174840
-0.100439
-0.028788
0.030777
0.070647
0.086067
0.075851
0.042503
-0.008307
-0.068822
-0.130628
-0.186124
-0.229729
-0.258599
-0.272747
-0.274600
-0.268160
-0.257996
-0.248286
-0.242107
-0.241056
-0.245222
-0.253457
-0.263809
-0.274046
-0.282122
-0.286545
-0.286599
-0.282408
-0.274865
-0.265443
-0.255921
-0.248066
-0.243285
-0.242319
-0.245005
-0.250153
-0.255598
-0.258412
-0.255294
-0.243072
-0.219259
-0.182547
-0.133173
-0.073066
-0.005768
0.063877
0.130207
0.187344
0.229837
0.253314
0.255074
0.234570
0.193708
0.136875
0.070620
0.002966
-0.057606
-0.103349
-0.128412
-0.129736
-0.107487
-0.064942
-0.007848
0.056564
0.120698
0.177603
0.221693
0.249117
0.257793
0.247222
0.218212
0.172631
0.113254
0.043694
-0.031603
-0.107415
-0.177895
-0.236926
-0.278671
-0.298325
-0.292971
-0.262383
-0.209581
-0.140914
-0.065521
0.005873
0.062696
0.096496
0.102725
0.081869
0.039598
-0.014223
-0.067503
-0.108493
-0.128356
-0.123134
-0.094629
-0.049942
0.000204
0.043989
0.071244
0.075782
0.056757
0.018768
-0.029280
-0.076230
-0.111136
-0.125543
-0.115098
-0.080189
-0.025583
0.040754
0.109290
0.170626
0.216918
0.242800
0.245762
0.226038
0.186152
0.130286
0.063606
-0.008356
-0.080207
-0.147069
-0.204815
-0.250192
-0.280856
-0.295351
-0.293092
-0.274365
-0.240349
-0.193134
-0.135695
-0.071772
-0.005631
0.058256
0.115581
0.162546
0.196138
0.214294
0.215989
0.201239
0.171083
0.127528
0.073460
0.012507
-0.051170
-0.113148
-0.169052
-0.214873
-0.247267
-0.263800
-0.263154
-0.245268
-0.211410
-0.164142
-0.107149
-0.044902
0.017827
0.076536
0.127556
0.168485
0.198402
0.217819
0.228385
0.232426
0.232427
0.230578
0.228456
0.226900
0.226067
0.225620
0.224995
0.223654
0.221281
0.217877
0.213747
0.209403
0.205427
0.202320
0.200399
0.199755
0.200276
0.201733
0.203885
0.206584
0.209817
0.213692
0.218328
0.223685
0.229370
0.234465
0.237450
0.236262
0.228515
0.211861
0.184448
0.145367
0.095013
0.035266
-0.030549
-0.097930
-0.161647
-0.216300
-0.256923
-0.279555
-0.281734
-0.262849
-0.224313
-0.169496
-0.103395
-0.032029
0.038352
0.102152
0.155209
0.195323
0.222398
0.238153
0.245480
0.247585
0.247116
0.245492
0.242570
0.236732
0.225362
0.205589
0.175122
0.132972
0.079898
0.018478
-0.047190
-0.112081
-0.170957
-0.219053
-0.252601
-0.269110
-0.267444
-0.247736
-0.211234
-0.160157
-0.097590
-0.027410
0.045793
0.116845
0.180227
0.230440
0.262526
0.272711
0.259094
0.222287
0.165817
0.096129
0.022049
-0.046332
-0.099246
-0.129039
-0.131790
-0.108334
-0.064380
-0.009571
0.044372
0.086065
0.106899
0.102909
0.075642
0.031782
-0.018377
-0.063230
-0.092396
-0.098882
-0.080379
-0.039454
0.017359
0.081255
0.143197
0.195773
0.234479
0.258169
0.268677
0.269785
0.265870
0.260576
0.255838
0.251444
0.245203
0.233627
0.212926
0.180085
0.133763
0.074854
0.006599
-0.065728
-0.135485
-0.195559
-0.239339
-0.261667
-0.259653
-0.233264
-0.185594
-0.122731
-0.053150
0.013363
0.067155
0.100314
0.108136
0.090141
0.050364
-0.003205
-0.059957
-0.108541
-0.138894
-0.144022
-0.121165
-0.072174
-0.003065
0.077084
0.157633
0.227991
0.279083
0.304500
0.301265
0.270152
0.215592
0.145138
0.068515
-0.003696
-0.061613
-0.097646
-0.107835
-0.092648
-0.057012
-0.009492
0.039275
0.078581
0.099688
0.097439
0.071108
0.024311
-0.035962
-0.100936
-0.161860
-0.211637
-0.245934
-0.263601
-0.266395
-0.258183
-0.243859
-0.228267
-0.215327
-0.207519
-0.205754
-0.209560
-0.217499
-0.227650
-0.238066
-0.247120
-0.253680
-0.257164
-0.257471
-0.254875
-0.249917
-0.243338
-0.236044
-0.229107
-0.223742
-0.221225
-0.222713
-0.228974
-0.240042
-0.254900
-0.271281
-0.285702
-0.293815
-0.291083
-0.273710
-0.239648
-0.189452
-0.126719
-0.057918
0.008472
0.063410
0.099081
0.110603
0.097248
0.062834
0.015121
-0.035681
-0.078974
-0.105925
-0.111192
-0.093822
-0.057115
-0.007554
0.046918
0.098786
0.142543
0.175582
0.198217
0.212911
0.222968
0.231100
0.238287
0.243256
0.242745
0.232475
0.208602
0.169219
0.115510
0.052173
-0.013068
-0.070807
-0.111890
-0.129474
-0.120723
-0.087680
-0.037104
0.020736
0.074023
0.111679
0.125451
0.111372
0.070323
0.007668
-0.067890
-0.145915
-0.215958
-0.269083
-0.298976
-0.302565
-0.280129
-0.234980
-0.172805
-0.100761
-0.026444
0.043165
0.102625
0.148686
0.180561
0.199729
0.209317
0.213176
0.214843
0.216628
0.219039
0.220676
0.218626
0.209273
0.189316
0.156767
0.111643
0.056193
-0.005435
-0.068004
-0.126286
-0.176156
-0.215386
-0.243933
-0.263631
-0.277369
-0.287990
-0.297224
-0.304954
-0.309072
-0.305982
-0.291672
-0.263098
-0.219495
-0.163254
-0.100042
-0.038043
0.013580
0.046688
0.056148
0.041280
0.006344
-0.040119
-0.087012
-0.123089
-0.139483
-0.131740
-0.100862
-0.053105
0.001410
0.050924
0.084561
0.094559
0.077707
0.035749
-0.025259
-0.096370
-0.167555
-0.229448
-0.274687
-0.298651
-0.299588
-0.278250
-0.237280
-0.180525
-0.112478
-0.037906
0.038337
0.111359
0.176267
0.228279
0.262991
0.276842
0.267730
0.235677
0.183351
0.116259
0.042425
-0.028522
-0.086771
-0.124043
-0.135236
-0.119600
-0.081135
-0.028030
0.028768
0.077586
0.108206
0.113733
0.091749
0.044556
-0.021490
-0.097320
-0.172831
-0.238528
-0.286820
-0.312802
-0.314492
-0.292617
-0.250088
-0.191344
-0.121686
-0.046690
0.028258
0.098287
0.159237
0.207760
0.241338
0.258290
0.257794
0.239951
0.205883
0.157800
0.098996
0.033676
-0.033383
-0.097331
-0.153822
-0.199554
-0.232670
-0.252942
-0.261711
-0.261597
-0.256049
-0.248792
-0.243256
-0.242041
-0.246496
-0.256449
-0.270148
-0.284442
-0.295213
-0.298030
-0.288936
-0.265249
-0.226203
-0.173286
-0.110145
-0.042053
0.025005
0.085419
0.134985
0.171628
0.195628
0.209302
0.216203
0.220062
0.223712
0.228293
0.232919
0.234887
0.230387
0.215532
0.187440
0.145112
0.089880
0.025313
-0.043382
-0.110330
-0.170066
-0.218468
-0.253342
-0.274547
-0.283685
-0.283486
-0.277074
-0.267313
-0.256389
-0.245679
-0.235899
-0.227425
-0.220654
-0.216245
-0.215155
-0.218409
-0.226678
-0.239755
-0.256128
-0.272805
-0.285521
-0.289379
-0.279818
-0.253753
-0.210590
-0.152844
-0.086143
-0.018516
0.040932
0.083706
0.103597
0.097930
0.068082
0.019127
-0.041308
-0.104689
-0.163311
-0.211696
-0.247320
-0.270547
-0.283834
-0.290464
-0.293207
-0.293261
-0.289796
-0.280221
-0.261102
-0.229505
-0.184361
-0.127476
-0.063836
-0.001052
0.051998
0.087040
0.098357
0.084298
0.047960
-0.003195
-0.058726
-0.107293
-0.138944
-0.147075
-0.129608
-0.089155
-0.032189
0.032533
0.095867
0.150060
0.190018
0.213856
0.222719
0.220012
0.210313
0.198249
0.187590
0.180724
0.178542
0.180686
0.186026
0.193199
0.201067
0.208974
0.216759
0.224550
0.232409
0.239953
0.246064
0.248793
0.245508
0.233284
0.209461
0.172272
0.121396
0.058337
-0.013466
-0.088834
-0.161322
-0.223931
-0.269994
-0.294114
-0.293083
-0.266619
-0.217779
-0.152906
-0.080996
-0.012490
0.042385
0.075457
0.082254
0.063048
0.023015
-0.028646
-0.080495
-0.121188
-0.141869
-0.138063
-0.110632
-0.065565
-0.012682
0.036470
0.071002
0.082845
0.068213
0.028144
-0.031933
-0.103386
-0.176005
-0.239702
-0.285979
-0.308969
-0.306000
-0.277711
-0.227804
-0.162513
-0.089868
-0.018776
0.041990
0.084844
0.104336
0.097872
0.066076
0.012722
-0.055757
-0.131087
-0.204188
-0.266258
-0.309781
-0.329388
-0.322486
-0.289632
-0.234589
-0.164016
-0.086754
-0.012725
0.048452
0.088933
0.103920
0.092463
0.057570
0.005557
-0.055244
-0.116148
-0.169771
-0.211287
-0.239019
-0.254241
-0.260293
-0.261264
-0.260599
-0.260001
-0.258912
-0.254684
-0.243419
-0.221235
-0.185644
-0.136671
-0.077411
-0.013848
0.046055
0.093799
0.122002
0.125873
0.104181
0.059518
-0.002168
-0.072623
-0.142659
-0.203552
-0.248210
-0.271959
-0.272879
-0.251748
-0.211657
-0.157421
-0.094854
-0.029991
0.031654
0.085731
0.129501
0.162017
0.183990
0.197391
0.204842
0.208955
0.211762
0.214372
0.216917
0.218795
0.219123
0.217266
0.213278
0.208124
0.203576
0.201797
0.204681
0.213123
0.226404
0.241910
0.255316
0.261267
0.254481
0.231051
0.189646
0.132298
0.064520
-0.005377
-0.067686
-0.113165
-0.134978
-0.130245
-0.100839
-0.053218
0.002700
0.055374
0.093790
0.109471
0.097944
0.059419
-0.001389
-0.076185
-0.154518
-0.225431
-0.279064
-0.308021
-0.308350
-0.280085
-0.227276
-0.157500
-0.080849
-0.008469
0.049202
0.084212
0.092590
0.075182
0.037607
-0.010765
-0.058664
-0.095239
-0.112361
-0.106355
-0.078789
-0.036086
0.011919
0.054160
0.080728
0.084905
0.064415
0.021629
-0.037231
-0.103641
-0.168638
-0.224561
-0.266284
-0.291748
-0.301774
-0.299326
-0.288495
-0.273480
-0.257822
-0.244001
-0.233421
-0.226680
-0.223963
-0.225386
-0.231153
-0.241442
-0.256082
-0.274103
-0.293365
-0.310428
-0.320817
-0.319721
-0.303021
-0.268463
-0.216651
-0.151550
-0.080271
-0.012041
0.043501
0.078350
0.088039
0.072898
0.038273
-0.006437
-0.049788
-0.080893
-0.091997
-0.080360
-0.048950
-0.005717
0.038406
0.072276
0.087405
0.080156
0.052702
0.012471
-0.029785
-0.062807
-0.077798
-0.070760
-0.043581
-0.003569
0.038446
0.070954
0.084812
0.075677
0.045205
0.000676
-0.046850
-0.085365
-0.105010
-0.100620
-0.073073
-0.029094
0.020410
0.063064
0.088075
0.088863
0.064630
0.020501
-0.033725
-0.085878
-0.124176
-0.139747
-0.128370
-0.091076
-0.033575
0.035253
0.105371
0.167605
0.215246
0.244947
0.256841
0.253976
0.241289
0.224392
0.208437
0.197247
0.192830
0.195295
0.203132
0.213747
0.224148
0.231645
0.234443
0.232027
0.225278
0.216279
0.207835
0.202789
0.203240
0.209846
0.221359
0.234559
0.244659
0.246164
0.234072
0.205162
0.159100
0.099027
0.031428
-0.034807
-0.090010
-0.125743
-0.136725
-0.122214
-0.086459
-0.038020
0.011919
0.051915
0.072764
0.069540
0.042714
-0.001934
-0.054555
-0.103331
-0.136939
-0.146831
-0.128850
-0.083901
-0.017637
0.060704
0.139967
0.208931
0.258000
0.280533
0.273676
0.238680
0.180696
0.108083
0.031277
-0.038705
-0.091962
-0.121376
-0.123944
-0.101455
-0.060304
-0.010355
0.036981
0.071095
0.084460
0.074290
0.043183
-0.001460
-0.049123
-0.088601
-0.110594
-0.109853
-0.086371
-0.045358
0.003977
0.050510
0.083638
0.095500
0.082467
0.045647
-0.009653
-0.075281
-0.142032
-0.201449
-0.247248
-0.276141
-0.287976
-0.285286
-0.272444
-0.254636
-0.236872
-0.223180
-0.216077
-0.216316
-0.222911
-0.233367
-0.244090
-0.250901
-0.249622
-0.236662
-0.209567
-0.167443
-0.111216
-0.043685
0.030658
0.106017
0.175851
0.233563
0.273260
0.290517
0.283096
0.251503
0.199273
0.132858
0.061004
-0.006371
-0.059716
-0.091527
-0.097845
-0.079199
-0.040701
0.008803
0.058403
0.097291
0.116917
0.112650
0.084544
0.037048
-0.022246
-0.084470
-0.141493
-0.187553
-0.220160
-0.240068
-0.250422
-0.255347
-0.258409
-0.261374
-0.263593
-0.262181
-0.252931
-0.231713
-0.195974
-0.145937
-0.085143
-0.020155
0.040530
0.088132
0.115398
0.118122
0.096013
0.052693
-0.005141
-0.069176
-0.131175
-0.184501
-0.225120
-0.251916
-0.266297
-0.271274
-0.270290
-0.266121
-0.260108
-0.251887
-0.239651
-0.220834
-0.193012
-0.154785
-0.106393
-0.049926
0.010927
0.071513
0.127059
0.173525
0.208269
0.230383
0.240679
0.241346
0.235415
0.226144
0.216458
0.208537
0.203592
0.201853
0.202717
0.205035
0.207446
0.208728
0.208086
0.205344
0.201001
0.196141
0.192199
0.190614
0.192425
0.197893
0.206221
0.215481
0.222766
0.224610
0.217604
0.199099
0.167851
0.124449
0.071388
0.012736
-0.046560
-0.101586
-0.148389
-0.184681
-0.210160
-0.226343
-0.235979
-0.242168
-0.247430
-0.252948
-0.258172
-0.260881
-0.257693
-0.244895
-0.219395
-0.179588
-0.125930
-0.061104
0.010241
0.082109
0.147979
0.201688
0.238194
0.254156
0.248270
0.221359
0.176245
0.117410
0.050467
-0.018530
-0.083866
-0.140935
-0.186853
-0.220763
-0.243753
-0.258354
-0.267718
-0.274649
-0.280732
-0.285778
-0.287766
-0.283333
-0.268727
-0.241022
-0.199295
-0.145446
-0.084389
-0.023495
0.028661
0.064020
0.076822
0.065047
0.031127
-0.018277
-0.073398
-0.123165
-0.157277
-0.168098
-0.151989
-0.109827
-0.046694
0.029134
0.107632
0.178594
0.233063
0.264448
0.269244
0.247340
0.201944
0.139163
0.067257
-0.004370
-0.066360
-0.110648
-0.131556
-0.126576
-0.096667
-0.046018
0.018680
0.089286
0.157387
0.215371
0.257246
0.279117
0.279345
0.258444
0.218801
0.164301
0.099876
0.031009
-0.036797
-0.098560
-0.150325
-0.189551
-0.215339
-0.228447
-0.231103
-0.226639
-0.218995
-0.212160
-0.209586
-0.213655
-0.225229
-0.243370
-0.265303
-0.286667
-0.302110
-0.306189
-0.294459
-0.264577
-0.217156
-0.156143
-0.088510
-0.023228
0.030353
0.064430
0.074520
0.060660
0.027655
-0.015753
-0.058682
-0.090489
-0.103179
-0.093251
-0.062527
-0.017738
0.031037
0.072677
0.097523
0.099446
0.076996
0.033408
-0.024484
-0.088074
-0.149037
-0.201078
-0.240940
-0.268500
-0.285986
-0.296629
-0.303187
-0.306765
-0.306301
-0.298871
-0.280718
-0.248742
-0.201991
-0.142720
-0.076632
-0.012136
0.041266
0.075123
0.084167
0.067860
0.030894
-0.017573
-0.065827
-0.102227
-0.117915
-0.108937
-0.077205
-0.030055
0.021514
0.065494
0.091740
0.094370
0.073099
0.033206
-0.015810
-0.062517
-0.096188
-0.109122
-0.098116
-0.064804
-0.014842
0.043731
0.102504
0.154532
0.195563
0.224424
0.242542
0.252848
0.258401
0.261150
0.261182
0.256637
0.244317
0.220805
0.183787
0.133202
0.071909
0.005639
-0.057774
-0.109739
-0.142517
-0.150739
-0.132483
-0.089707
-0.027971
0.044443
0.117805
0.182347
0.229584
0.253374
0.250644
0.221725
0.170316
0.103057
0.028737
-0.042823
-0.102099
-0.141250
-0.155306
-0.142935
-0.106611
-0.052102
0.012618
0.078825
0.138554
0.185854
0.217551
0.233417
0.235772
0.228687
0.216989
0.205299
0.197260
0.195063
0.199265
0.208874
0.221618
0.234340
0.243434
0.245316
0.236871
0.215874
0.181329
0.133696
0.074941
0.008407
-0.061511
-0.129823
-0.191465
-0.241807
-0.277065
-0.294599
-0.293086
-0.272582
-0.234509
-0.181555
-0.117496
-0.046932
0.025061
0.093338
0.153088
0.200203
0.231564
0.245233
0.240562
0.218234
0.180229
0.129710
0.070785
0.008131
-0.053516
-0.109942
-0.158002
-0.195998
-0.223798
-0.242635
-0.254612
-0.262030
-0.266686
-0.269323
-0.269357
-0.264969
-0.253549
-0.232395
-0.199505
-0.154272
-0.097919
-0.033540
0.034256
0.100037
0.158421
0.204949
0.236783
0.253112
0.255208
0.246165
0.230369
0.212793
0.198220
0.190476
0.191777
0.202269
0.219866
0.240445
0.258428
0.267731
0.262938
0.240523
0.199853
0.143728
0.078247
0.011950
-0.045674
-0.086038
-0.103278
-0.095615
-0.065908
-0.021237
0.028440
0.072248
0.100557
0.106840
0.088828
0.048735
-0.007442
-0.071337
-0.133969
-0.187454
-0.226303
-0.248127
-0.253665
-0.246256
-0.230922
-0.213285
-0.198524
-0.190515
-0.191244
-0.200543
-0.216151
-0.234073
-0.249216
-0.256230
-0.250460
-0.228885
-0.190877
-0.138620
-0.077065
-0.013358
0.044192
0.087453
0.109860
0.107581
0.080221
0.030937
-0.034046
-0.106388
-0.176847
-0.236534
-0.278022
-0.296182
-0.288713
-0.256354
-0.202803
-0.134341
-0.059168
0.013522
0.074677
0.116586
0.133971
0.124755
0.090351
0.035400
-0.033009
-0.106450
-0.176396
-0.235328
-0.277546
-0.299593
-0.300298
-0.280535
-0.242809
-0.190768
-0.128735
-0.061288
0.007078
0.072215
0.130488
0.178861
0.214905
0.236770
0.243169
0.233402
0.207463
0.166201
0.111498
0.046402
-0.024853
-0.096991
-0.164017
-0.219729
-0.258369
-0.275389
-0.268222
-0.236946
-0.184700
-0.117673
-0.044568
0.024497
0.079544
0.112487
0.118741
0.098286
0.055907
0.000455
-0.056753
-0.104086
-0.131839
-0.134061
-0.109570
-0.061964
0.001345
0.070789
0.136602
0.190629
0.227624
0.245852
0.246937
0.235131
0.216199
0.196200
0.180381
0.172345
0.173574
0.183316
0.198815
0.215812
0.229257
0.234139
0.226332
0.203342
0.164827
0.112771
0.051242
-0.014252
-0.077733
-0.133840
-0.178817
-0.211149
-0.231684
-0.243198
-0.249494
-0.254256
-0.259946
-0.267029
-0.273747
-0.276513
-0.270863
-0.252744
-0.219827
-0.172508
-0.114320
-0.051616
0.007453
0.054437
0.082247
0.086566
0.066699
0.025671
-0.030435
-0.093711
-0.155931
-0.209988
-0.250971
-0.276716
-0.287778
-0.286930
-0.278344
-0.266663
-0.256128
-0.249880
-0.249530
-0.254979
-0.264506
-0.275065
-0.282773
-0.283515
-0.273612
-0.250469
-0.213105
-0.162449
-0.101354
-0.034262
0.033412
0.096097
0.148921
0.188435
0.213081
0.223322
0.221436
0.211049
0.196504
0.182181
0.171861
0.168212
0.172418
0.184011
0.200887
0.219551
0.235564
0.244180
0.241093
0.223198
0.189222
0.140096
0.078945
0.010688
-0.058729
-0.123296
-0.177920
-0.219204
-0.245869
-0.258747
-0.260381
-0.254353
-0.244511
-0.234274
-0.226124
-0.221385
-0.220256
-0.222056
-0.225590
-0.229528
-0.232731
-0.234460
-0.234458
-0.232911
-0.230338
-0.227430
-0.224891
-0.223319
-0.223121
-0.224483
-0.227385
-0.231634
-0.236914
-0.242832
-0.248956
-0.254842
-0.260058
-0.264214
-0.266995
-0.268222
-0.267909
-0.266318
-0.263976
-0.261641
-0.260191
-0.260435
-0.262871
-0.267433
-0.273294
-0.278789
-0.281512
-0.278620
-0.267302
-0.245349
-0.211702
-0.166837
-0.112883
-0.053405
0.007126
0.064073
0.113412
0.152379
0.179839
0.196291
0.203552
0.204210
0.201002
0.196272
0.191634
0.187878
0.185123
0.183127
0.181648
0.180730
0.180825
0.182712
0.187211
0.194780
0.205112
0.216850
0.227534
0.233845
0.232119
0.219054
0.192453
0.151836
0.098751
0.036701
-0.029321
-0.093612
-0.150679
-0.196118
-0.227278
-0.243601
-0.246588
-0.239459
-0.226559
-0.212636
-0.202088
-0.198269
-0.202937
-0.215901
-0.234947
-0.256066
-0.274023
-0.283206
-0.278675
-0.257227
-0.218277
-0.164337
-0.100922
-0.035837
0.022071
0.064478
0.085131
0.081032
0.052990
0.005400
-0.054691
-0.119000
-0.179575
-0.230149
-0.267013
-0.289260
-0.298432
-0.297737
-0.291068
-0.282091
-0.273595
-0.267200
-0.263429
-0.262047
-0.262510
-0.264369
-0.267498
-0.272087
-0.278402
-0.286411
-0.295402
-0.303739
-0.308880
-0.307690
-0.297029
-0.274482
-0.239053
-0.191623
-0.135015
-0.073600
-0.012509
0.043387
0.090464
0.127033
0.153544
0.172217
0.186199
0.198454
0.210710
0.222736
0.232209
0.235223
0.227372
0.205136
0.167232
0.115531
0.055254
-0.005693
-0.058160
-0.093679
-0.106416
-0.094665
-0.061467
-0.014179
0.036965
0.080958
0.108300
0.112906
0.093204
0.052179
-0.003569
-0.065506
-0.125107
-0.175596
-0.213079
-0.236876
-0.249036
-0.253263
-0.253562
-0.252988
-0.252782
-0.252095
-0.248310
-0.237839
-0.217186
-0.183971
-0.137702
-0.080110
-0.015010
0.052253
0.115608
0.169134
0.207841
0.228233
0.228614
0.209157
0.171762
0.119777
0.057603
-0.009760
-0.077188
-0.139890
-0.193771
-0.235668
-0.263441
-0.275924
-0.272795
-0.254446
-0.221882
-0.176713
-0.121188
-0.058265
0.008367
0.074354
0.134867
0.184931
0.219883
0.235934
0.230778
0.204146
0.158208
0.097664
0.029434
-0.038100
-0.096236
-0.137300
-0.155938
-0.150046
-0.121125
-0.073943
-0.015559
0.046052
0.103480
0.151113
0.185884
0.207401
0.217510
0.219456
0.216906
0.213069
0.210131
0.209069
0.209840
0.211834
0.214393
0.217243
0.220684
0.225481
0.232481
0.242072
0.253655
0.265305
0.273784
0.274966
0.264633
0.239506
0.198268
0.142318
0.076028
0.006380
-0.058012
-0.108316
-0.137046
-0.139460
-0.114481
-0.064975
0.002649
0.079403
0.155037
0.219472
0.264132
0.283026
0.273493
0.236564
0.176912
0.102363
0.022948
-0.050446
-0.107712
-0.141212
-0.147204
-0.126672
-0.085316
-0.032588
0.020084
0.061574
0.083338
0.081196
0.056202
0.014390
-0.034540
-0.079289
-0.109311
-0.116912
-0.098677
-0.055955
0.005603
0.077274
0.148914
0.210682
0.254492
0.275014
0.270137
0.240941
0.191259
0.126967
0.055087
-0.017180
-0.083407
-0.138752
-0.180532
-0.208425
-0.224269
-0.231444
-0.233965
-0.235446
-0.238177
-0.242516
-0.246760
-0.247533
-0.240658
-0.222295
-0.190126
-0.144281
-0.087783
-0.026362
0.032352
0.080110
0.109533
0.115501
0.096153
0.053301
-0.007775
-0.079106
-0.151186
-0.214306
-0.259865
-0.281506
-0.275967
-0.243577
-0.188329
-0.117486
-0.040701
0.031322
0.088465
0.122911
0.130593
0.112066
0.072536
0.020974
-0.031567
-0.074094
-0.097809
-0.097763
-0.073657
-0.029610
0.026997
0.087308
0.142955
0.187714
0.218506
0.235549
0.241706
0.241269
0.238517
0.236443
0.235940
0.235621
0.232287
0.221865
0.200590
0.166104
0.118210
0.059118
-0.006868
-0.074113
-0.136679
-0.189366
-0.228558
-0.252711
-0.262438
-0.260231
-0.249900
-0.235875
-0.222479
-0.213272
-0.210542
-0.214984
-0.225600
-0.239823
-0.253869
-0.263281
-0.263599
-0.251080
-0.223345
-0.179853
-0.122108
-0.053553
0.020817
0.095060
0.162997
0.218909
0.258123
0.277447
0.275427
0.252449
0.210685
0.153886
0.087013
0.015711
-0.054332
-0.118073
-0.171720
-0.213140
-0.241979
-0.259467
-0.267947
-0.270267
-0.269147
-0.266693
-0.264143
-0.261872
-0.259632
-0.256932
-0.253435
-0.249250
-0.245045
-0.241918
-0.241083
-0.243429
-0.249075
-0.257057
-0.265243
-0.270523
-0.269279
-0.258031
-0.234144
-0.196427
-0.145507
-0.083886
-0.015668
0.053960
0.119394
0.175278
0.217067
0.241426
0.246446
0.231710
0.198256
0.148465
0.085878
0.014982
-0.059084
-0.130847
-0.194864
-0.246093
-0.280268
-0.294283
-0.286557
-0.257374
-0.209126
-0.146373
-0.075625
-0.004782
0.057751
0.104176
0.128450
0.127247
0.100522
0.051557
-0.013526
-0.086673
-0.159049
-0.222216
-0.269156
-0.295021
-0.297551
-0.277166
-0.236755
-0.181196
-0.116662
-0.049754
0.013427
0.068140
0.111642
0.143444
0.165116
0.179639
0.190430
0.200269
0.210385
0.219952
0.226169
0.224947
0.212084
0.184649
0.142230
0.087687
0.027119
-0.031027
-0.077604
-0.104812
-0.108158
-0.087811
-0.048930
-0.000798
0.045114
0.077727
0.088964
0.075728
0.040730
-0.008096
-0.059454
-0.101409
-0.124290
-0.123044
-0.098470
-0.057014
-0.009187
0.032987
0.058867
0.061716
0.040258
-0.001060
-0.053135
-0.104271
-0.142738
-0.159209
-0.148565
-0.110741
-0.050528
0.023512
0.100691
0.170037
0.221991
0.249719
0.249929
0.223161
0.173586
0.108378
0.036730
-0.031406
-0.086711
-0.121855
-0.132585
-0.118345
-0.082262
-0.030472
0.029105
0.088289
0.140129
0.180041
0.206341
0.220098
0.224370
0.223070
0.219735
0.216532
0.213717
0.209667
0.201437
0.185694
0.159753
0.122457
0.074658
0.019183
-0.039704
-0.097202
-0.148975
-0.192013
-0.225101
-0.248801
-0.264965
-0.275935
-0.283643
-0.288896
-0.291018
-0.287957
-0.276849
-0.254869
-0.220168
-0.172617
-0.114165
-0.048686
0.018654
0.082371
0.137721
0.181576
0.212900
0.232716
0.243571
0.248682
0.250954
0.252156
0.252421
0.250213
0.242740
0.226699
0.199192
0.158561
0.104988
0.040717
-0.030123
-0.102030
-0.168840
-0.224517
-0.263863
-0.283107
-0.280326
-0.255702
-0.211624
-0.152605
-0.084986
-0.016389
0.045066
0.091734
0.117459
0.118477
0.094040
0.046630
-0.018268
-0.092808
-0.167737
-0.233528
-0.281575
-0.305306
-0.301124
-0.269046
-0.212936
-0.140210
-0.060949
0.013531
0.072520
0.107843
0.115484
0.096526
0.057086
0.007170
-0.041390
-0.077487
-0.093212
-0.085649
-0.057512
-0.016463
0.026785
0.061119
0.077779
0.072543
0.046774
0.007075
-0.036362
-0.072306
-0.091275
-0.087881
-0.062140
-0.019454
0.030697
0.077001
0.108897
0.118875
0.103932
0.065916
0.010732
-0.053279
-0.117336
-0.174066
-0.218773
-0.249887
-0.268591
-0.277809
-0.280916
-0.280528
-0.277695
-0.271677
-0.260332
-0.240941
-0.211239
-0.170336
-0.119253
-0.060939
0.000248
0.059449
0.112342
0.156025
0.189491
0.213584
0.230443
0.242615
0.252078
0.259470
0.263738
0.262335
0.251937
0.229499
0.193397
0.144334
0.085753
0.023596
-0.034565
-0.080869
-0.108650
-0.113747
-0.095312
-0.055960
-0.001247
0.061348
0.123702
0.178262
0.219002
0.241953
0.245336
0.229360
0.195838
0.147743
0.088800
0.023172
-0.044780
-0.110675
-0.170261
-0.219587
-0.255204
-0.274411
-0.275545
-0.258262
-0.223744
-0.174755
-0.115458
-0.050970
0.013316
0.072514
0.122994
0.162870
0.192136
0.212354
0.225989
0.235529
0.242634
0.247536
0.248862
0.243964
0.229700
0.203478
0.164318
0.113626
0.055446
-0.003930
-0.056970
-0.096306
-0.116223
-0.113855
-0.089794
-0.047936
0.005387
0.062775
0.117271
0.163646
0.199148
0.223568
0.238653
0.247080
0.251286
0.252500
0.250238
0.242408
0.226000
0.198183
0.157496
0.104824
0.043834
-0.019277
-0.076716
-0.120523
-0.144158
-0.143861
-0.119456
-0.074399
-0.015068
0.050504
0.114162
0.169056
0.210672
0.237282
0.249808
0.251195
0.245504
0.236956
0.229118
0.224371
0.223709
0.226843
0.232529
0.239025
0.244561
0.247733
0.247768
0.244633
0.238982
0.231974
0.225008
0.219420
0.216208
0.215831
0.218124
0.222349
0.227380
0.231987
0.235156
0.236377
0.235824
0.234359
0.233337
0.234232
0.238138
0.245270
0.254576
0.263615
0.268768
0.265814
0.250797
0.221036
0.176033
0.118069
0.052254
-0.014028
-0.072256
-0.114262
-0.133781
-0.127691
-0.096661
-0.045050
0.019923
0.089539
0.155151
0.209632
0.248413
0.269953
0.275613
0.269048
0.255288
0.239716
0.227101
0.220848
0.222491
0.231503
0.245396
0.260113
0.270672
0.272010
0.259929
0.232016
0.188355
0.131874
0.068179
0.004838
-0.049810
-0.088113
-0.104545
-0.096784
-0.066174
-0.017457
0.042194
0.104599
0.162131
0.209035
0.242245
0.261530
0.269010
0.268203
0.262864
0.255931
0.248788
0.241007
0.230599
0.214660
0.190246
0.155265
0.109157
0.053255
-0.009264
-0.073773
-0.134830
-0.186918
-0.225145
-0.245814
-0.246815
-0.227824
-0.190327
-0.137472
-0.073754
-0.004547
0.064476
0.127995
0.181644
0.222502
0.249365
0.262778
0.264824
0.258737
0.248383
0.237702
0.230168
0.228296
0.233257
0.244633
0.260358
0.276898
0.289688
0.293835
0.284995
0.260315
0.219239
0.163993
0.099587
0.033256
-0.026610
-0.071857
-0.096011
-0.095471
-0.070175
-0.023625
0.037730
0.105585
0.171101
0.226170
0.264432
0.281900
0.277176
0.251338
0.207556
0.150552
0.085967
0.019670
-0.042925
-0.097481
-0.141219
-0.173167
-0.194110
-0.206234
-0.212513
-0.215953
-0.218849
-0.222209
-0.225475
-0.226595
-0.222451
-0.209545
-0.184826
-0.146463
-0.094449
-0.030893
0.040036
0.112505
0.179688
0.234607
0.271060
0.284517
0.272901
0.237141
0.181386
0.112767
0.040632
-0.024746
-0.073819
-0.099541
-0.098856
-0.073549
-0.030138
0.021272
0.069016
0.102375
0.113979
0.101527
0.068349
0.022639
-0.024516
-0.061843
-0.080661
-0.077046
-0.052804
-0.015009
0.025793
0.058278
0.073232
0.065921
0.037323
-0.006075
-0.053862
-0.094268
-0.117040
-0.115947
-0.090275
-0.045005
0.010337
0.063829
0.103758
0.121050
0.111015
0.074060
0.015347
-0.056441
-0.130837
-0.197441
-0.247505
-0.275021
-0.277246
-0.254669
-0.210578
-0.150339
-0.080541
-0.008105
0.060547
0.120190
0.167295
0.200267
0.219413
0.226649
0.225020
0.218132
0.209585
0.202503
0.199191
0.200948
0.207998
0.219515
0.233724
0.248057
0.259381
0.264297
0.259528
0.242349
0.211036
0.165242
0.106231
0.036920
-0.038304
-0.113964
-0.184029
-0.242523
-0.284163
-0.304962
-0.302768
-0.277675
-0.232256
-0.171524
-0.102555
-0.033744
0.026265
0.069824
0.091476
0.088854
0.063069
0.018473
-0.038160
-0.098881
-0.155953
-0.203115
-0.236463
-0.254833
-0.259652
-0.254376
-0.243642
-0.232337
-0.224723
-0.223729
-0.230493
-0.244164
-0.262000
-0.279747
-0.292277
-0.294447
-0.282076
-0.252894
-0.207289
-0.148640
-0.083112
-0.018835
0.035437
0.071961
0.085608
0.075054
0.043263
-0.002896
-0.053859
-0.099146
-0.129316
-0.137691
-0.121468
-0.082031
-0.024463
0.043562
0.113201
0.175870
0.224380
0.253663
0.261039
0.246122
0.210481
0.157214
0.090515
0.015311
-0.063035
-0.138972
-0.207002
-0.261945
-0.299279
-0.315562
-0.308914
-0.279496
-0.229868
-0.165077
-0.092364
-0.020415
0.041786
0.086327
0.107691
0.103735
0.076055
0.029647
-0.028108
-0.088899
-0.145053
-0.190855
-0.223346
-0.242449
-0.250449
-0.251008
-0.247971
-0.244277
-0.241201
-0.238088
-0.232603
-0.221401
-0.201051
-0.168988
-0.124282
-0.068090
-0.003692
0.063851
0.128340
0.183264
0.222681
0.242041
0.238874
0.213263
0.168034
0.108601
0.042416
-0.021957
-0.076054
-0.112830
-0.127820
-0.119888
-0.091363
-0.047483
0.004736
0.057969
0.106034
0.144967
0.173481
0.192705
0.205298
0.214214
0.221470
0.227260
0.229703
0.225298
0.210007
0.180689
0.136491
0.079781
0.016313
-0.045536
-0.096351
-0.127752
-0.134454
-0.115784
-0.076197
-0.024603
0.027420
0.068123
0.088221
0.083022
0.053527
0.006233
-0.048307
-0.097817
-0.130946
-0.139631
-0.120634
-0.075970
-0.012207
0.061114
0.133519
0.195619
0.240709
0.265663
0.271074
0.260702
0.240445
0.217062
0.196898
0.184779
0.183237
0.192123
0.208650
0.227879
0.243576
0.249364
0.240008
0.212615
0.167518
0.108604
0.042937
-0.020356
-0.071781
-0.103447
-0.110884
-0.094242
-0.058536
-0.012790
0.031809
0.064345
0.076652
0.065228
0.032108
-0.015548
-0.067075
-0.110756
-0.136523
-0.138267
-0.115226
-0.072137
-0.018168
0.035083
0.076039
0.095478
0.088258
0.054143
-0.002359
-0.072995
-0.147325
-0.214478
-0.264817
-0.291268
-0.290210
-0.261871
-0.210245
-0.142549
-0.068260
0.002199
0.058990
0.094414
0.104236
0.088498
0.051629
0.001750
-0.050720
-0.094922
-0.121491
-0.124192
-0.100921
-0.053916
0.010824
0.084718
0.158093
0.221683
0.267875
0.291545
0.290450
0.265211
0.218974
0.156839
0.085142
0.010659
-0.060207
-0.122162
-0.171594
-0.206887
-0.228425
-0.238287
-0.239697
-0.236337
-0.231663
-0.228363
-0.228015
-0.231000
-0.236651
-0.243552
-0.249951
-0.254162
-0.254928
-0.251675
-0.244651
-0.234912
-0.224189
-0.214619
-0.208367
-0.207181
-0.211941
-0.222268
-0.236312
-0.250793
-0.261350
-0.263216
-0.252126
-0.225303
-0.182323
-0.125630
-0.060515
0.005500
0.063812
0.106221
0.126434
0.121252
0.091180
0.040317
-0.024417
-0.094530
-0.161366
-0.217375
-0.257003
-0.277087
-0.276785
-0.257176
-0.220691
-0.170576
-0.110474
-0.044184
0.024413
0.091346
0.152523
0.203786
0.241097
0.260890
0.260579
0.239143
0.197656
0.139604
0.070857
-0.000821
-0.066677
-0.118194
-0.148391
-0.152952
-0.130943
-0.084984
-0.020850
0.053387
0.128487
0.195255
0.245643
0.273641
0.275903
0.252088
0.204922
0.139960
0.065035
-0.010599
-0.077375
-0.126656
-0.151918
-0.149690
-0.120065
-0.066684
0.003781
0.082546
0.159882
0.226314
0.273740
0.296343
0.291260
0.258956
0.203287
0.131169
0.051849
-0.024251
-0.087002
-0.128168
-0.142847
-0.130444
-0.094938
-0.044295
0.010876
0.059198
0.090551
0.097833
0.078117
0.033015
-0.031768
-0.107533
-0.184065
-0.251205
-0.300260
-0.325084
-0.322761
-0.293866
-0.242336
-0.174970
-0.100598
-0.028953
0.030630
0.070538
0.086015
0.075868
0.042595
-0.008137
-0.068577
-0.130315
-0.185754
-0.229319
-0.258173
-0.272330
-0.274221
-0.267849
-0.257778
-0.248180
-0.242122
-0.241193
-0.245474
-0.253805
-0.264231
-0.274511
-0.282595
-0.286989
-0.286975
-0.282682
-0.275010
-0.265443
-0.255778
-0.247797
-0.242926
-0.241919
-0.244619
-0.249837
-0.255397
-0.258354
-0.255384
-0.243294
-0.219572
-0.182898
-0.133501
-0.073318
-0.005905
0.063874
0.130332
0.187569
0.230116
0.253594
0.255301
0.234696
0.193699
0.136714
0.070306
0.002515
-0.058167
-0.103983
-0.129077
-0.130393
-0.108100
-0.065483
-0.008299
0.056210
0.120438
0.177425
0.221579
0.249046
0.257740
0.247160
0.218115
0.172478
0.113027
0.043387
-0.031988
-0.107861
-0.178378
-0.237411
-0.279123
-0.298712
-0.293270
-0.262585
-0.209691
-0.140948
-0.065506
0.005907
0.062719
0.096485
0.102668
0.081768
0.039466
-0.014360
-0.067614
-0.108548
-0.128330
-0.123016
-0.094420
-0.049659
0.000531
0.044325
0.071555
0.076041
0.056954
0.018910
-0.029166
-0.076107
-0.110964
-0.125291
-0.114752
-0.079759
-0.025099
0.041242
0.109729
0.170968
0.217129
0.242869
0.245699
0.225868
0.185911
0.130007
0.063314
-0.008650
-0.080503
-0.147376
-0.205143
-0.250545
-0.281225
-0.295716
-0.293421
-0.274619
-0.240490
-0.193133
-0.135544
-0.071482
-0.005241
0.058686
0.115975
0.162826
0.196230
0.214147
0.215579
0.200577
0.170213
0.126519
0.072395
0.011470
-0.052108
-0.113939
-0.169674
-0.215331
-0.247585
-0.264012
-0.263297
-0.245370
-0.211490
-0.164206
-0.107192
-0.044914
0.017855
0.076611
0.127676
0.168639
0.198573
0.217984
0.228522
0.232517
0.232461
0.230554
0.228382
0.226793
0.225949
0.225516
0.224932
0.223655
0.221365
0.218056
0.214026
0.209780
0.205892
0.202858
0.200989
0.200371
0.200891
0.202318
0.204415
0.207036
0.210179
0.213963
0.218518
0.223817
0.229473
0.234569
0.237578
0.236426
0.228709
0.212065
0.184629
0.145486
0.095038
0.035179
-0.030745
-0.098210
-0.161968
-0.216609
-0.257169
-0.279704
-0.281773
-0.262793
-0.224202
-0.169386
-0.103346
-0.032094
0.038143
0.101796
0.154732
0.194778
0.221853
0.237679
0.245136
0.247404
0.247101
0.245615
0.242777
0.236955
0.225534
0.205657
0.175056
0.132770
0.079587
0.018107
-0.047565
-0.112403
-0.171182
-0.219156
-0.252579
-0.268983
-0.267249
-0.247517
-0.211037
-0.160025
-0.097555
-0.027492
0.045584
0.116511
0.179775
0.229884
0.261885
0.272007
0.258357
0.221555
0.165131
0.095536
0.021593
-0.046617
-0.099343
-0.128953
-0.131552
-0.107996
-0.064010
-0.009242
0.044591
0.086125
0.106769
0.102588
0.075150
0.031154
-0.019093
-0.063984
-0.093143
-0.099582
-0.081005
-0.039987
0.016925
0.080918
0.142946
0.195592
0.234348
0.258068
0.268586
0.269691
0.265762
0.260448
0.255684
0.251258
0.244974
0.233340
0.212564
0.179632
0.133212
0.074210
0.005886
-0.066469
-0.136202
-0.196194
-0.239840
-0.262000
-0.259805
-0.233250
-0.185450
-0.122509
-0.052904
0.013584
0.067314
0.100387
0.108114
0.090024
0.050158
-0.003492
-0.060314
-0.108956
-0.139350
-0.144494
-0.121622
-0.072579
-0.003380
0.076892
0.157589
0.228103
0.279342
0.304880
0.301722
0.270632
0.216035
0.145486
0.068718
-0.003668
-0.061772
-0.097976
-0.108297
-0.093183
-0.057551
-0.009963
0.038928
0.078394
0.099667
0.097558
0.071317
0.024544
-0.035775
-0.100847
-0.161898
-0.211798
-0.246186
-0.263885
-0.266647
-0.258342
-0.243885
-0.228147
-0.215078
-0.207183
-0.205390
-0.209229
-0.217253
-0.227522
-0.238070
-0.247247
-0.253909
-0.257466
-0.257821
-0.255254
-0.250317
-0.243757
-0.236484
-0.229569
-0.224219
-0.221703
-0.223170
-0.229386
-0.240389
-0.255172
-0.271479
-0.285843
-0.293929
-0.291205
-0.273875
-0.239880
-0.189759
-0.127089
-0.058318
0.008086
0.063090
0.098871
0.110532
0.097325
0.063042
0.015420
-0.035344
-0.078660
-0.105691
-0.111082
-0.093858
-0.057301
-0.007872
0.046504
0.098318
0.142068
0.175142
0.197848
0.212639
0.222806
0.231052
0.238344
0.243400
0.242947
0.232702
0.208817
0.169393
0.115621
0.052213
-0.013091
-0.070874
-0.111973
-0.129548
-0.120768
-0.087691
-0.037091
0.020750
0.074011
0.111612
0.125309
0.111145
0.070015
0.007293
-0.068312
-0.146361
-0.216409
-0.269520
-0.299387
-0.302938
-0.280453
-0.235244
-0.172999
-0.100881
-0.026492
0.043179
0.102679
0.148753
0.180612
0.199738
0.209271
0.213072
0.214691
0.216450
0.218861
0.220522
0.218513
0.209207
0.189296
0.156781
0.111678
0.056238
-0.005384
-0.067944
-0.126206
-0.176037
-0.215209
-0.243683
-0.263300
-0.276959
-0.287516
-0.296710
-0.304431
-0.308572
-0.305534
-0.291298
-0.262810
-0.219296
-0.163139
-0.099997
-0.038053
0.013532
0.046616
0.056061
0.041184
0.006240
-0.040234
-0.087144
-0.123243
-0.139662
-0.131943
-0.101085
-0.053339
0.001175
0.050696
0.084344
0.094347
0.077484
0.035491
-0.025579
-0.096778
-0.168069
-0.230072
-0.275410
-0.299447
-0.300415
-0.279062
-0.238026
-0.181158
-0.112963
-0.038223
0.038184
0.111346
0.176352
0.228404
0.263097
0.276875
0.267658
0.235490
0.183069
0.115928
0.042105
-0.028768
-0.086895
-0.124023
-0.135080
-0.119350
-0.080854
-0.027796
0.028881
0.077520
0.107926
0.113233
0.091053
0.043707
-0.022434
-0.098295
-0.173777
-0.239395
-0.287574
-0.313426
-0.314988
-0.293003
-0.250395
-0.191610
-0.121951
-0.046985
0.027915
0.097891
0.158805
0.207321
0.240929
0.257949
0.257553
0.239832
0.205889
0.157925
0.099221
0.033980
-0.033020
-0.096927
-0.153390
-0.199105
-0.232216
-0.252501
-0.261302
-0.261244
-0.255774
-0.248612
-0.243178
-0.242064
-0.246608
-0.256633
-0.270387
-0.284718
-0.295513
-0.298340
-0.289243
-0.265535
-0.226445
-0.173456
-0.110216
-0.042002
0.025186
0.085720
0.135378
0.172067
0.196059
0.209669
0.216464
0.220190
0.223709
0.228185
0.232749
0.234709
0.230256
0.215489
0.187506
0.145287
0.090142
0.025628
-0.043056
-0.110032
-0.169824
-0.218299
-0.253249
-0.274526
-0.283726
-0.283576
-0.277201
-0.267469
-0.256566
-0.245868
-0.236090
-0.227606
-0.220812
-0.216368
-0.215231
-0.218433
-0.226649
-0.239680
-0.256020
-0.272682
-0.285404
-0.289285
-0.279760
-0.253738
-0.210617
-0.152907
-0.086229
-0.018613
0.040830
0.083603
0.103488
0.097807
0.067936
0.018955
-0.041503
-0.104897
-0.163515
-0.211874
-0.247454
-0.270625
-0.283851
-0.290425
-0.293123
-0.293144
-0.289655
-0.280057
-0.260907
-0.229261
-0.184046
-0.127069
-0.063323
-0.000433
0.052704
0.087799
0.099121
0.085017
0.048591
-0.002678
-0.058325
-0.106987
-0.138695
-0.146837
-0.129340
-0.088833
-0.031813
0.032941
0.096268
0.150409
0.190273
0.213991
0.222732
0.219922
0.210159
0.198080
0.187459
0.180675
0.178604
0.180870
0.186321
0.193579
0.201494
0.209406
0.217157
0.224881
0.232654
0.240103
0.246122
0.248770
0.245419
0.233146
0.209291
0.172085
0.121208
0.058160
-0.013621
-0.088958
-0.161410
-0.223984
-0.270017
-0.294118
-0.293080
-0.266618
-0.217786
-0.152918
-0.081003
-0.012478
0.042433
0.075553
0.082398
0.063229
0.023205
-0.028484
-0.080402
-0.121204
-0.142022
-0.138367
-0.111078
-0.066130
-0.013325
0.035796
0.070347
0.082252
0.067713
0.027754
-0.032211
-0.103560
-0.176090
-0.239717
-0.285938
-0.308883
-0.305875
-0.277553
-0.227617
-0.162307
-0.089656
-0.018578
0.042153
0.084949
0.104366
0.097817
0.065934
0.012500
-0.056041
-0.131412
-0.204531
-0.266595
-0.310095
-0.329669
-0.322731
-0.289846
-0.234781
-0.164197
-0.086936
-0.012916
0.048251
0.088728
0.103724
0.092295
0.057450
0.005504
-0.055219
-0.116047
-0.169610
-0.211096
-0.238837
-0.254106
-0.260236
-0.261296
-0.260707
-0.260151
-0.259049
-0.254750
-0.243360
-0.221017
-0.185261
-0.136148
-0.076800
-0.013216
0.046639
0.094285
0.122364
0.126119
0.104352
0.059677
-0.001946
-0.072269
-0.142125
-0.202822
-0.247308
-0.270943
-0.271838
-0.250783
-0.210868
-0.156888
-0.094620
-0.030060
0.031324
0.085217
0.128904
0.161443
0.183539
0.197136
0.204823
0.209175
0.212191
0.214953
0.217576
0.219454
0.219712
0.217727
0.213578
0.208248
0.203533
0.201613
0.204394
0.212774
0.226032
0.241545
0.254972
0.260943
0.254161
0.230708
0.189252
0.131831
0.063969
-0.006008
-0.068373
-0.113875
-0.135666
-0.130868
-0.101360
-0.053610
0.002451
0.055269
0.093816
0.109606
0.098161
0.059686
-0.001106
-0.075923
-0.154310
-0.225307
-0.279047
-0.308122
-0.308569
-0.280405
-0.227669
-0.157928
-0.081273
-0.008851
0.048891
0.083990
0.092458
0.075128
0.037605
-0.010746
-0.058659
-0.095282
-0.112473
-0.106549
-0.079064
-0.036431
0.011523
0.053736
0.080291
0.084468
0.063983
0.021204
-0.037648
-0.104040
-0.169003
-0.224864
-0.266492
-0.291828
-0.301701
-0.299091
-0.288110
-0.272983
-0.257270
-0.243464
-0.232971
-0.226376
-0.223844
-0.225461
-0.231399
-0.241810
-0.256501
-0.274495
-0.293657
-0.310564
-0.320769
-0.319486
-0.302628
-0.267963
-0.216106
-0.151024
-0.079819
-0.011702
0.043712
0.078438
0.088026
0.072818
0.038165
-0.006541
-0.049863
-0.080928
-0.091993
-0.080329
-0.048912
-0.005690
0.038404
0.072235
0.087323
0.080038
0.052558
0.012314
-0.029942
-0.062952
-0.077924
-0.070864
-0.043664
-0.003638
0.038380
0.070878
0.084709
0.075532
0.045004
0.000413
-0.047170
-0.085729
-0.105395
-0.100996
-0.073412
-0.029376
0.020193
0.062903
0.087947
0.088734
0.064462
0.020263
-0.034049
-0.086288
-0.124648
-0.140242
-0.128839
-0.091468
-0.033849
0.035119
0.105374
0.167720
0.215429
0.245145
0.257006
0.254073
0.241305
0.224338
0.208345
0.197160
0.192792
0.195337
0.203263
0.213952
0.224390
0.231874
0.234604
0.232076
0.225190
0.216054
0.207496
0.202376
0.202802
0.209426
0.220986
0.234242
0.244385
0.245903
0.233781
0.204802
0.158636
0.098441
0.030721
-0.035618
-0.090891
-0.126651
-0.137615
-0.123048
-0.087210
-0.038678
0.011345
0.051403
0.072279
0.069046
0.042181
-0.002525
-0.055205
-0.104024
-0.137647
-0.147518
-0.129480
-0.084449
-0.018088
0.060350
0.139699
0.208732
0.257853
0.280424
0.273597
0.238633
0.180688
0.108125
0.031380
-0.038535
-0.091729
-0.121096
-0.123640
-0.101160
-0.060054
-0.010183
0.037049
0.071049
0.084306
0.074051
0.042892
-0.001765
-0.049406
-0.088837
-0.110773
-0.109980
-0.086467
-0.045451
0.003855
0.050331
0.083389
0.095178
0.082087
0.045236
-0.010061
-0.075650
-0.142333
-0.201659
-0.247360
-0.276161
-0.287921
-0.285186
-0.272334
-0.254552
-0.236843
-0.223228
-0.216209
-0.216522
-0.223164
-0.233629
-0.244315
-0.251048
-0.249660
-0.236581
-0.209379
-0.167181
-0.110931
-0.043433
0.030822
0.106053
0.175740
0.233312
0.272899
0.290095
0.282671
0.251129
0.198992
0.132689
0.060943
-0.006352
-0.059661
-0.091484
-0.097863
-0.079312
-0.040928
0.008457
0.057949
0.096746
0.116305
0.111996
0.083873
0.036386
-0.022873
-0.085040
-0.141985
-0.187954
-0.220465
-0.240287
-0.250578
-0.255474
-0.258546
-0.261554
-0.263837
-0.262493
-0.253294
-0.232092
-0.196325
-0.146218
-0.085319
-0.020211
0.040588
0.088281
0.115600
0.118335
0.096197
0.052819
-0.005089
-0.069197
-0.131255
-0.184615
-0.225243
-0.252028
-0.266384
-0.271334
-0.270332
-0.266159
-0.260155
-0.251949
-0.239721
-0.220888
-0.193013
-0.154690
-0.106162
-0.049535
0.011481
0.072201
0.127825
0.174294
0.208958
0.230918
0.241005
0.241441
0.235293
0.225850
0.216060
0.208110
0.203204
0.201552
0.202525
0.204941
0.207419
0.208722
0.208059
0.205266
0.200864
0.195961
0.192010
0.190455
0.192331
0.197880
0.206284
0.215590
0.222876
0.224671
0.217570
0.198941
0.167563
0.124050
0.070917
0.012243
-0.047022
-0.101973
-0.148673
-0.184859
-0.210249
-0.226381
-0.236012
-0.242242
-0.247583
-0.253198
-0.258512
-0.261282
-0.258108
-0.245265
-0.219663
-0.179709
-0.125878
-0.060877
0.010622
0.082603
0.148533
0.202247
0.238709
0.254591
0.248607
0.221596
0.176397
0.117502
0.050527
-0.018475
-0.083800
-0.140854
-0.186764
-0.220681
-0.243696
-0.258335
-0.267737
-0.274691
-0.280767
-0.285770
-0.287680
-0.283143
-0.268427
-0.240628
-0.198846
-0.144995
-0.083993
-0.023206
0.028808
0.064010
0.076665
0.064773
0.030780
-0.018645
-0.073734
-0.123423
-0.157426
-0.168123
-0.151894
-0.109636
-0.046447
0.029390
0.107847
0.178727
0.233090
0.264368
0.269078
0.247133
0.201754
0.139052
0.067277
-0.004186
-0.066010
-0.110159
-0.130983
-0.125995
-0.096159
-0.045656
0.018842
0.089224
0.157109
0.214917
0.256676
0.278502
0.278755
0.257934
0.218408
0.164036
0.099731
0.030960
-0.036783
-0.098518
-0.150285
-0.189533
-0.215353
-0.228494
-0.231178
-0.226736
-0.219110
-0.212293
-0.209740
-0.213836
-0.225441
-0.243615
-0.265574
-0.286950
-0.302387
-0.306439
-0.294660
-0.264714
-0.217225
-0.156148
-0.088467
-0.023163
0.030416
0.064469
0.074524
0.060630
0.027604
-0.015802
-0.058705
-0.090468
-0.103106
-0.093132
-0.062380
-0.017585
0.031172
0.072780
0.097592
0.099489
0.077032
0.033456
-0.024414
-0.087982
-0.148940
-0.201005
-0.240929
-0.268584
-0.286186
-0.296949
-0.303605
-0.307240
-0.306781
-0.299301
-0.281056
-0.248963
-0.202101
-0.142749
-0.076632
-0.012169
0.041141
0.074863
0.083756
0.067314
0.030256
-0.018239
-0.066448
-0.102735
-0.118264
-0.109107
-0.077206
-0.029925
0.021719
0.065712
0.091914
0.094460
0.073085
0.033093
-0.015999
-0.062747
-0.096419
-0.109318
-0.098254
-0.064870
-0.014839
0.043794
0.102613
0.154671
0.195720
0.224590
0.242715
0.253027
0.258585
0.261336
0.261364
0.256806
0.244466
0.220929
0.183885
0.133282
0.071985
0.005730
-0.057646
-0.109552
-0.142255
-0.150390
-0.132045
-0.089186
-0.027381
0.045079
0.118458
0.182983
0.230166
0.253870
0.251025
0.221976
0.170435
0.103059
0.028651
-0.042956
-0.102235
-0.141346
-0.155327
-0.142862
-0.106438
-0.051836
0.012960
0.079221
0.138980
0.186292
0.217987
0.233844
0.236192
0.229108
0.217422
0.205757
0.197760
0.195617
0.199879
0.209549
0.222351
0.235120
0.244248
0.246147
0.237703
0.216691
0.182115
0.134433
0.075609
0.008985
-0.061042
-0.129476
-0.191244
-0.241704
-0.277058
-0.294656
-0.293168
-0.272652
-0.234537
-0.181523
-0.117401
-0.046786
0.025237
0.093518
0.153248
0.200327
0.231646
0.245280
0.240588
0.218257
0.180264
0.129765
0.070861
0.008221
-0.053427
-0.109869
-0.157955
-0.195983
-0.223814
-0.242677
-0.254672
-0.262104
-0.266774
-0.269432
-0.269496
-0.265148
-0.253773
-0.232658
-0.199786
-0.154541
-0.098133
-0.033657
0.034274
0.100212
0.158755
0.205423
0.237359
0.253741
0.255838
0.246752
0.230881
0.213215
0.198554
0.190735
0.191980
0.202434
0.220005
0.240560
0.258517
0.267783
0.262942
0.240470
0.199743
0.143566
0.078049
0.011741
-0.045865
-0.086182
-0.103350
-0.095601
-0.065808
-0.021067
0.028644
0.072441
0.100689
0.106865
0.088714
0.048470
-0.007847
-0.071848
-0.134538
-0.188027
-0.226832
-0.248577
-0.254022
-0.246525
-0.231124
-0.213449
-0.198678
-0.190676
-0.191415
-0.200713
-0.216299
-0.234175
-0.249256
-0.256204
-0.250383
-0.228785
-0.190789
-0.138582
-0.077104
-0.013488
0.043975
0.087167
0.109532
0.107239
0.079892
0.030638
-0.034307
-0.106609
-0.177031
-0.236682
-0.278131
-0.296245
-0.288717
-0.256290
-0.202666
-0.134139
-0.058925
0.013766
0.074873
0.116682
0.133925
0.124543
0.089976
0.034889
-0.033605
-0.107069
-0.176978
-0.235826
-0.277936
-0.299877
-0.300502
-0.280706
-0.243000
-0.191030
-0.129105
-0.061786
0.006458
0.071497
0.129714
0.178079
0.214163
0.236111
0.242621
0.232978
0.207158
0.165994
0.111357
0.046288
-0.024980
-0.097164
-0.164256
-0.220035
-0.258728
-0.275774
-0.268597
-0.237280
-0.184971
-0.117877
-0.044721
0.024364
0.079388
0.112266
0.118421
0.097852
0.055365
-0.000166
-0.057404
-0.104709
-0.132374
-0.134459
-0.109802
-0.062026
0.001428
0.070969
0.136815
0.190804
0.227697
0.245775
0.246690
0.234724
0.215671
0.195613
0.179812
0.171869
0.173251
0.183181
0.198869
0.216020
0.229554
0.234444
0.226562
0.203430
0.164735
0.112496
0.050818
-0.014764
-0.078256
-0.134304
-0.179172
-0.211373
-0.231789
-0.243225
-0.249502
-0.254311
-0.260101
-0.267321
-0.274186
-0.277084
-0.271528
-0.253451
-0.220517
-0.173125
-0.114822
-0.051978
0.007227
0.054320
0.082187
0.086494
0.066543
0.025367
-0.030925
-0.094391
-0.156760
-0.210887
-0.251835
-0.277433
-0.288254
-0.287117
-0.278259
-0.266392
-0.255815
-0.249701
-0.249646
-0.255490
-0.265407
-0.276225
-0.283944
-0.284377
-0.273852
-0.249878
-0.211668
-0.160407
-0.099203
-0.032683
0.033701
0.094541
0.145334
0.183166
0.207064
0.217981
0.218420
0.211821
0.201866
0.191841
0.184188
0.180288
0.180486
0.184298
0.190726
0.198586
0.206787
0.214519
0.221317
0.227045
