-0.014644
-0.013400
-0.011670
-0.009261
-0.006520
-0.004403
-0.004380
-0.008157
-0.017294
-0.032807
-0.054851
-0.082562
-0.114125
-0.147039
-0.178545
-0.206101
-0.227814
-0.242720
-0.250874
-0.253242
-0.251430
-0.247337
-0.242790
-0.239250
-0.237613
-0.238139
-0.240500
-0.243918
-0.247376
-0.249859
-0.250577
-0.249162
-0.245780
-0.241151
-0.236446
-0.233074
-0.232363
-0.235205
-0.241701
-0.250918
-0.260817
-0.268409
-0.270159
-0.262580
-0.242926
-0.209831
-0.163747
-0.107054
-0.043781
0.021012
0.082087
0.134915
0.176393
0.205249
0.222046
0.228822
0.228484
0.224114
0.218366
0.213077
0.209150
0.206698
0.205358
0.204682
0.204449
0.204829
0.206335
0.209580
0.214910
0.222014
0.229657
0.235611
0.236870
0.230126
0.212422
0.181852
0.138124
0.082862
0.019523
-0.047050
-0.111379
-0.168233
-0.213462
-0.244625
-0.261289
-0.264989
-0.258864
-0.247083
-0.234140
-0.224141
-0.220158
-0.223720
-0.234512
-0.250324
-0.267294
-0.280453
-0.284545
-0.275015
-0.249022
-0.206259
-0.149399
-0.083983
-0.017720
0.040734
0.083299
0.103970
0.099963
0.072235
0.025253
-0.033939
-0.097124
-0.156447
-0.205747
-0.241407
-0.262579
-0.270826
-0.269341
-0.261978
-0.252354
-0.243213
-0.236147
-0.231671
-0.229565
-0.229310
-0.230491
-0.233013
-0.237088
-0.242995
-0.250709
-0.259514
-0.267774
-0.272938
-0.271860
-0.261383
-0.239064
-0.203868
-0.156627
-0.100115
-0.038670
0.022579
0.078712
0.125995
0.162571
0.188672
0.206291
0.218373
0.227758
0.236159
0.243469
0.247612
0.245031
0.231707
0.204495
0.162400
0.107460
0.044920
-0.017423
-0.070628
-0.106486
-0.119419
-0.107924
-0.075177
-0.028578
0.021663
0.064608
0.090844
0.094360
0.073630
0.031668
-0.024919
-0.087570
-0.147703
-0.198438
-0.235733
-0.258732
-0.269316
-0.271069
-0.267964
-0.263133
-0.258019
-0.252068
-0.243023
-0.227670
-0.202835
-0.166376
-0.117912
-0.059148
0.006252
0.073193
0.135909
0.188796
0.227134
0.247608
0.248585
0.230160
0.194027
0.143226
0.081801
0.014413
-0.054066
-0.118942
-0.176028
-0.221875
-0.253895
-0.270382
-0.270483
-0.254152
-0.222144
-0.176037
-0.118277
-0.052194
0.018047
0.087605
0.151237
0.203692
0.240194
0.256997
0.251957
0.225036
0.178642
0.117682
0.049218
-0.018298
-0.076160
-0.116735
-0.134727
-0.128102
-0.098420
-0.050507
0.008513
0.070582
0.128176
0.175544
0.209461
0.229395
0.237093
0.235786
0.229226
0.220813
0.213003
0.207081
0.203294
0.201247
0.200386
0.200417
0.201521
0.204288
0.209403
0.217172
0.227031
0.237227
0.244797
0.245931
0.236677
0.213886
0.176163
0.124601
0.063068
-0.002079
-0.062842
-0.110873
-0.138931
-0.142215
-0.119294
-0.072457
-0.007433
0.067435
0.142374
0.207535
0.254292
0.276368
0.270666
0.237736
0.181835
0.110508
0.033673
-0.037750
-0.093528
-0.125876
-0.130951
-0.109732
-0.068014
-0.015431
0.036380
0.076109
0.095112
0.089237
0.059698
0.012804
-0.041385
-0.091187
-0.125689
-0.136892
-0.121157
-0.079707
-0.018156
0.054723
0.128669
0.193664
0.241400
0.266297
0.265975
0.241236
0.195646
0.134820
0.065545
-0.005180
-0.071075
-0.127382
-0.171409
-0.202727
-0.222952
-0.235141
-0.242899
-0.249384
-0.256425
-0.263967
-0.269988
-0.270941
-0.262647
-0.241455
-0.205415
-0.155167
-0.094325
-0.029213
0.032031
0.080812
0.109626
0.113462
0.090779
0.043859
-0.021489
-0.096801
-0.172192
-0.237741
-0.284818
-0.307194
-0.301841
-0.269357
-0.213980
-0.143141
-0.066565
0.005065
0.061712
0.095659
0.102920
0.084075
0.044302
-0.007504
-0.060365
-0.103327
-0.127550
-0.127946
-0.103985
-0.059509
-0.001633
0.060963
0.119925
0.168852
0.204284
0.225901
0.235952
0.238136
0.236276
0.233120
0.229592
0.224612
0.215532
0.199003
0.172057
0.133097
0.082545
0.022995
-0.041155
-0.104502
-0.161634
-0.208111
-0.241193
-0.260195
-0.266425
-0.262771
-0.253073
-0.241407
-0.231420
-0.225806
-0.225968
-0.231877
-0.242114
-0.254085
-0.264370
-0.269192
-0.264945
-0.248747
-0.218924
-0.175357
-0.119631
-0.054935
0.014263
0.082718
0.144999
0.196069
0.231791
0.249306
0.247268
0.225961
0.187279
0.134576
0.072363
0.005846
-0.059650
-0.119325
-0.169488
-0.207967
-0.234269
-0.249434
-0.255640
-0.255646
-0.252214
-0.247632
-0.243430
-0.240328
-0.238391
-0.237316
-0.236762
-0.236602
-0.237044
-0.238568
-0.241698
-0.246683
-0.253165
-0.259946
-0.264954
-0.265425
-0.258329
-0.240929
-0.211383
-0.169242
-0.115718
-0.053659
0.012765
0.078603
0.138755
0.188583
0.224365
0.243569
0.244946
0.228489
0.195318
0.147560
0.088221
0.021062
-0.049539
-0.118780
-0.181669
-0.233337
-0.269409
-0.286440
-0.282381
-0.257034
-0.212392
-0.152770
-0.084598
-0.015838
0.044972
0.089899
0.112840
0.110517
0.083050
0.033968
-0.030341
-0.101606
-0.170899
-0.229850
-0.271681
-0.291927
-0.288797
-0.263190
-0.218405
-0.159602
-0.093064
-0.025329
0.037713
0.091642
0.134073
0.164865
0.185857
0.200190
0.211314
0.221910
0.233002
0.243494
0.250290
0.249033
0.235316
0.206100
0.160978
0.102915
0.038212
-0.024425
-0.075555
-0.107086
-0.114252
-0.096984
-0.060250
-0.013190
0.032805
0.066668
0.080259
0.070333
0.039373
-0.004979
-0.051757
-0.089359
-0.108403
-0.104052
-0.077220
-0.034360
0.014110
0.056337
0.081890
0.084251
0.062338
0.020739
-0.031357
-0.082228
-0.120164
-0.135893
-0.124372
-0.085621
-0.024522
0.050260
0.127923
0.197371
0.248911
0.275591
0.274024
0.244707
0.191836
0.122686
0.046621
-0.026178
-0.086135
-0.125655
-0.140241
-0.129126
-0.095270
-0.044686
0.014781
0.074975
0.128913
0.171914
0.202121
0.220353
0.229351
0.232648
0.233380
0.233319
0.232386
0.228725
0.219311
0.200911
0.171130
0.129275
0.076788
0.017132
-0.044831
-0.103833
-0.155280
-0.196145
-0.225449
-0.244201
-0.254840
-0.260349
-0.263273
-0.264919
-0.264950
-0.261467
-0.251571
-0.232240
-0.201303
-0.158241
-0.104599
-0.043890
0.018995
0.078729
0.130601
0.171413
0.199990
0.217204
0.225507
0.228116
0.228065
0.227365
0.226472
0.224168
0.217888
0.204387
0.180596
0.144458
0.095581
0.035556
-0.032078
-0.102213
-0.168796
-0.225569
-0.266837
-0.288159
-0.286932
-0.262818
-0.217970
-0.157018
-0.086743
-0.015423
0.048116
0.095654
0.120744
0.119695
0.092190
0.041407
-0.026373
-0.102597
-0.177554
-0.241631
-0.286525
-0.306300
-0.298195
-0.263094
-0.205582
-0.133515
-0.057058
0.012760
0.065818
0.094725
0.096321
0.072473
0.029903
-0.021034
-0.068454
-0.101487
-0.112710
-0.099858
-0.066374
-0.020612
0.026159
0.062476
0.079480
0.073086
0.044986
0.002223
-0.044562
-0.083764
-0.105661
-0.104781
-0.081191
-0.040424
0.007906
0.052412
0.082575
0.091046
0.075091
0.036865
-0.017448
-0.079334
-0.139999
-0.192239
-0.231686
-0.257207
-0.270438
-0.274702
-0.273643
-0.269983
-0.264719
-0.256949
-0.244315
-0.223917
-0.193398
-0.151896
-0.100579
-0.042620
0.017394
0.074435
0.124136
0.163701
0.192382
0.211382
0.223242
0.230874
0.236522
0.240950
0.243087
0.240256
0.228934
0.205881
0.169334
0.119951
0.061235
-0.000718
-0.058139
-0.102965
-0.128391
-0.130208
-0.107646
-0.063521
-0.003705
0.063934
0.130836
0.189026
0.232107
0.255850
0.258365
0.239934
0.202637
0.149893
0.086019
0.015838
-0.055646
-0.123515
-0.183175
-0.230575
-0.262435
-0.276473
-0.271640
-0.248322
-0.208453
-0.155472
-0.094050
-0.029577
0.032560
0.087775
0.132991
0.167067
0.190815
0.206568
0.217371
0.226008
0.234081
0.241417
0.245976
0.244318
0.232542
0.207510
0.168014
0.115604
0.054797
-0.007431
-0.062821
-0.103419
-0.123205
-0.119366
-0.092887
-0.048297
0.007356
0.066054
0.120468
0.165337
0.198219
0.219481
0.231579
0.237865
0.241271
0.243246
0.243225
0.238777
0.226396
0.202719
0.165842
0.116362
0.057853
-0.003421
-0.059507
-0.102278
-0.125098
-0.124227
-0.099635
-0.055004
0.003042
0.066291
0.126540
0.177056
0.213605
0.234853
0.242152
0.238831
0.229215
0.217625
0.207570
0.201252
0.199438
0.201639
0.206508
0.212337
0.217515
0.220887
0.221937
0.220806
0.218171
0.215009
0.212341
0.210971
0.211306
0.213255
0.216250
0.219375
0.221579
0.221947
0.219965
0.215729
0.210030
0.204283
0.200267
0.199725
0.203847
0.212792
0.225321
0.238709
0.248986
0.251543
0.242034
0.217394
0.176787
0.122200
0.058527
-0.006981
-0.065829
-0.109768
-0.132338
-0.130130
-0.103466
-0.056340
0.004357
0.070146
0.132506
0.184311
0.220895
0.240571
0.244562
0.236457
0.221326
0.204708
0.191617
0.185722
0.188767
0.200301
0.217724
0.236664
0.251661
0.257084
0.248187
0.222135
0.178797
0.121133
0.055008
-0.011586
-0.069820
-0.111595
-0.131062
-0.125745
-0.097003
-0.049714
0.008770
0.070128
0.126690
0.172790
0.205564
0.225048
0.233603
0.234878
0.232591
0.229434
0.226363
0.222412
0.215034
0.200869
0.176706
0.140433
0.091719
0.032325
-0.034035
-0.102191
-0.166255
-0.220433
-0.259755
-0.280633
-0.281203
-0.261458
-0.223195
-0.169808
-0.105933
-0.036974
0.031468
0.094201
0.147013
0.187115
0.213386
0.226394
0.228186
0.221919
0.211365
0.200378
0.192375
0.189858
0.194034
0.204564
0.219487
0.235384
0.247788
0.251865
0.243276
0.219103
0.178669
0.124034
0.060035
-0.006239
-0.066468
-0.112461
-0.137588
-0.137975
-0.113216
-0.066459
-0.003867
0.066398
0.135441
0.194884
0.237905
0.259934
0.258978
0.235605
0.192667
0.134816
0.067881
-0.001856
-0.068430
-0.126912
-0.173992
-0.208314
-0.230472
-0.242672
-0.248090
-0.250069
-0.251305
-0.253203
-0.255529
-0.256431
-0.252834
-0.241120
-0.217963
-0.181154
-0.130258
-0.066986
0.004788
0.079355
0.149800
0.208851
0.249836
0.267664
0.259699
0.226418
0.171706
0.102653
0.028788
-0.039264
-0.091522
-0.120507
-0.122823
-0.100047
-0.058633
-0.008742
0.037846
0.070293
0.081167
0.068187
0.034800
-0.010623
-0.056796
-0.092276
-0.108298
-0.100957
-0.072200
-0.029346
0.016741
0.054382
0.074014
0.070590
0.044835
0.003062
-0.044410
-0.085808
-0.110791
-0.112948
-0.091312
-0.050551
0.000150
0.049212
0.085226
0.099357
0.087058
0.048778
-0.010393
-0.081938
-0.155636
-0.221368
-0.270667
-0.297758
-0.300037
-0.278010
-0.234838
-0.175632
-0.106634
-0.034385
0.035022
0.096571
0.146753
0.183773
0.207533
0.219387
0.221757
0.217668
0.210280
0.202501
0.196681
0.194414
0.196419
0.202496
0.211526
0.221546
0.229903
0.233509
0.229196
0.214159
0.186424
0.145262
0.091489
0.027561
-0.042541
-0.113641
-0.179873
-0.235280
-0.274475
-0.293291
-0.289371
-0.262650
-0.215630
-0.153376
-0.083130
-0.013541
0.046460
0.088968
0.108362
0.102251
0.071887
0.021923
-0.040428
-0.106692
-0.168580
-0.219320
-0.254613
-0.273066
-0.276100
-0.267398
-0.252055
-0.235590
-0.222982
-0.217856
-0.221890
-0.234521
-0.252973
-0.272638
-0.287785
-0.292541
-0.282034
-0.253502
-0.207147
-0.146523
-0.078282
-0.011233
0.045164
0.082617
0.095747
0.083340
0.048815
-0.000284
-0.053659
-0.100225
-0.130226
-0.137037
-0.118268
-0.075977
-0.016022
0.053239
0.122536
0.183214
0.228396
0.253640
0.257070
0.239117
0.202014
0.149245
0.085056
0.014097
-0.058805
-0.128786
-0.191065
-0.241106
-0.274878
-0.289234
-0.282390
-0.254424
-0.207667
-0.146847
-0.078829
-0.011916
0.045267
0.085116
0.102355
0.094996
0.064710
0.016485
-0.042373
-0.103689
-0.159953
-0.205634
-0.237943
-0.256941
-0.265000
-0.265797
-0.263126
-0.259803
-0.256924
-0.253630
-0.247384
-0.234681
-0.211996
-0.176768
-0.128175
-0.067585
0.001421
0.073417
0.141811
0.199714
0.240860
0.260485
0.256049
0.227744
0.178689
0.114754
0.043964
-0.024507
-0.081638
-0.119969
-0.134827
-0.125112
-0.093417
-0.045427
0.011302
0.068897
0.120709
0.162457
0.192714
0.212647
0.225109
0.233350
0.239733
0.244787
0.246903
0.242749
0.228320
0.200366
0.157785
0.102594
0.040144
-0.021572
-0.073424
-0.107150
-0.117366
-0.103071
-0.068207
-0.021060
0.027411
0.065947
0.085524
0.081418
0.054296
0.010084
-0.041372
-0.088502
-0.120534
-0.129756
-0.113000
-0.072075
-0.013121
0.054890
0.122096
0.179677
0.221382
0.244390
0.249434
0.240260
0.222615
0.203004
0.187437
0.180356
0.183880
0.197441
0.217861
0.239858
0.256941
0.262594
0.251593
0.221228
0.172181
0.108832
0.038821
-0.028145
-0.082072
-0.114738
-0.121558
-0.102801
-0.063805
-0.014047
0.034794
0.071363
0.087186
0.078618
0.047716
0.001779
-0.048338
-0.090751
-0.115312
-0.115957
-0.092090
-0.048708
0.004730
0.056372
0.094495
0.109883
0.097577
0.057686
-0.004811
-0.081124
-0.160279
-0.230942
-0.283143
-0.309658
-0.306914
-0.275399
-0.219545
-0.147142
-0.068295
0.005973
0.065342
0.101828
0.111135
0.093478
0.053638
0.000186
-0.056008
-0.103720
-0.133374
-0.138691
-0.117666
-0.072706
-0.009969
0.061898
0.133297
0.195189
0.240290
0.263830
0.263841
0.241036
0.198413
0.140671
0.073553
0.003151
-0.064759
-0.125313
-0.175019
-0.212035
-0.236208
-0.248874
-0.252473
-0.250034
-0.244648
-0.238998
-0.235027
-0.233779
-0.235391
-0.239232
-0.244148
-0.248753
-0.251742
-0.252176
-0.249706
-0.244693
-0.238205
-0.231868
-0.227564
-0.227016
-0.231313
-0.240462
-0.253096
-0.266416
-0.276460
-0.278704
-0.268923
-0.244173
-0.203672
-0.149368
-0.086010
-0.020628
0.038516
0.083328
0.107340
0.106907
0.081885
0.035639
-0.025588
-0.093772
-0.160415
-0.217773
-0.259776
-0.282538
-0.284450
-0.265957
-0.229142
-0.177272
-0.114376
-0.044926
0.026406
0.094917
0.156020
0.205415
0.239316
0.254759
0.249990
0.224881
0.181287
0.123225
0.056736
-0.010609
-0.070594
-0.115474
-0.139161
-0.138213
-0.112429
-0.064917
-0.001633
0.069502
0.139709
0.200503
0.244689
0.267131
0.265241
0.239201
0.191941
0.128866
0.057339
-0.014096
-0.076695
-0.122607
-0.145935
-0.143578
-0.115693
-0.065698
0.000192
0.073796
0.146032
0.208028
0.252169
0.272963
0.267694
0.236801
0.183958
0.115786
0.041157
-0.029911
-0.087678
-0.124244
-0.134954
-0.119364
-0.081488
-0.029240
0.026904
0.075744
0.107351
0.114800
0.095305
0.050567
-0.013675
-0.088738
-0.164463
-0.230764
-0.279020
-0.303142
-0.300230
-0.270838
-0.218844
-0.150964
-0.075938
-0.003436
0.057216
0.098341
0.115029
0.105857
0.073042
0.021969
-0.039828
-0.104033
-0.162970
-0.210793
-0.244221
-0.262715
-0.268121
-0.263931
-0.254363
-0.243471
-0.234453
-0.229249
-0.228464
-0.231542
-0.237124
-0.243490
-0.248976
-0.252313
-0.252853
-0.250643
-0.246389
-0.241291
-0.236802
-0.234324
-0.234890
-0.238869
-0.245744
-0.254014
-0.261269
-0.264429
-0.260170
-0.245444
-0.218045
-0.177097
-0.123377
-0.059409
0.010700
0.081648
0.147494
0.202303
0.240812
0.259050
0.254882
0.228417
0.182220
0.121263
0.052539
-0.015680
-0.074881
-0.117508
-0.138107
-0.134175
-0.106536
-0.059141
0.001642
0.068105
0.132369
0.187438
0.227922
0.250380
0.253302
0.236861
0.202553
0.152877
0.091106
0.021161
-0.052441
-0.124662
-0.190090
-0.243247
-0.279064
-0.293530
-0.284424
-0.252006
-0.199482
-0.133051
-0.061376
0.005538
0.057963
0.088279
0.092607
0.071838
0.031719
-0.018137
-0.066176
-0.101372
-0.115689
-0.105926
-0.074486
-0.028844
0.020187
0.060977
0.083807
0.083124
0.058810
0.016181
-0.035258
-0.083955
-0.118824
-0.131532
-0.118070
-0.079325
-0.020613
0.049588
0.121358
0.185080
0.232872
0.259489
0.262649
0.242863
0.202915
0.147184
0.080944
0.009737
-0.061116
-0.126857
-0.183502
-0.227923
-0.257858
-0.271881
-0.269380
-0.250567
-0.216518
-0.169217
-0.111551
-0.047208
0.019538
0.084146
0.142177
0.189649
0.223331
0.240942
0.241266
0.224195
0.190734
0.142969
0.083981
0.017694
-0.051358
-0.118339
-0.178462
-0.227358
-0.261409
-0.278035
-0.275923
-0.255183
-0.217412
-0.165641
-0.104106
-0.037854
0.027818
0.088010
0.138835
0.177880
0.204421
0.219338
0.224758
0.223534
0.218661
0.212766
0.207766
0.204720
0.203888
0.204929
0.207171
0.209874
0.212436
0.214490
0.215914
0.216751
0.217106
0.217044
0.216542
0.215497
0.213808
0.211483
0.208749
0.206101
0.204273
0.204092
0.206245
0.210991
0.217893
0.225644
0.232050
0.234227
0.228994
0.213407
0.185353
0.144060
0.090434
0.027127
-0.041684
-0.110751
-0.174377
-0.227082
-0.264230
-0.282525
-0.280367
-0.258025
-0.217639
-0.163014
-0.099224
-0.032016
0.032918
0.090706
0.137949
0.173129
0.196662
0.210564
0.217800
0.221451
0.223898
0.226201
0.227830
0.226791
0.220134
0.204710
0.178004
0.138848
0.087862
0.027515
-0.038169
-0.104191
-0.165280
-0.216565
-0.254088
-0.275103
-0.278159
-0.263045
-0.230670
-0.182947
-0.122713
-0.053672
0.019671
0.092136
0.158106
0.211907
0.248336
0.263324
0.254651
0.222603
0.170393
0.104189
0.032579
-0.034519
-0.087442
-0.118554
-0.123859
-0.104018
-0.064474
-0.014535
0.034449
0.071460
0.088201
0.080934
0.051318
0.006026
-0.044759
-0.089626
-0.118428
-0.124404
-0.105447
-0.064267
-0.007480
0.056090
0.117430
0.169184
0.206912
0.229531
0.238927
0.238928
0.233945
0.227658
0.222031
0.216881
0.210035
0.198008
0.176997
0.143949
0.097479
0.038436
-0.029964
-0.102433
-0.172269
-0.232246
-0.275596
-0.296989
-0.293375
-0.264604
-0.213731
-0.146897
-0.072725
-0.001232
0.057632
0.095632
0.107740
0.093186
0.055769
0.003327
-0.053589
-0.103584
-0.136446
-0.144942
-0.126013
-0.081182
-0.016156
0.060235
0.137514
0.205151
0.254041
0.277685
0.272995
0.240658
0.185074
0.113842
0.036803
-0.035300
-0.092412
-0.126804
-0.134451
-0.115847
-0.076048
-0.023831
0.029893
0.074115
0.099795
0.101500
0.078264
0.033505
-0.025929
-0.091345
-0.154002
-0.206728
-0.245015
-0.267429
-0.275348
-0.272177
-0.262313
-0.250111
-0.239083
-0.231446
-0.228047
-0.228592
-0.232057
-0.237136
-0.242614
-0.247587
-0.251522
-0.254174
-0.255450
-0.255285
-0.253590
-0.250302
-0.245522
-0.239679
-0.233647
-0.228739
-0.226519
-0.228435
-0.235336
-0.246975
-0.261658
-0.276177
-0.286124
-0.286615
-0.273318
-0.243588
-0.197449
-0.138128
-0.071920
-0.007324
0.046470
0.081439
0.092518
0.078887
0.044383
-0.003107
-0.053169
-0.094991
-0.119571
-0.121496
-0.099872
-0.058206
-0.003314
0.056426
0.113016
0.160472
0.195775
0.218961
0.232391
0.239480
0.243273
0.245279
0.244896
0.239572
0.225681
0.199851
0.160392
0.108391
0.048147
-0.013254
-0.067174
-0.105232
-0.121228
-0.112731
-0.081893
-0.035268
0.017356
0.064845
0.096895
0.106019
0.088891
0.046826
-0.014651
-0.086978
-0.160146
-0.224368
-0.271507
-0.296075
-0.295707
-0.271163
-0.225922
-0.165498
-0.096567
-0.026028
0.039914
0.096534
0.141111
0.173107
0.193959
0.206488
0.214061
0.219665
0.225103
0.230510
0.234297
0.233549
0.224808
0.205030
0.172513
0.127529
0.072501
0.011655
-0.049794
-0.106712
-0.155107
-0.192888
-0.220124
-0.238716
-0.251576
-0.261534
-0.270280
-0.277655
-0.281509
-0.278213
-0.263731
-0.234989
-0.191184
-0.134659
-0.071030
-0.008447
0.043922
0.077867
0.088105
0.073734
0.038748
-0.008573
-0.057320
-0.096302
-0.116525
-0.113215
-0.086900
-0.043277
0.008066
0.055770
0.089131
0.100279
0.085636
0.046380
-0.012078
-0.081388
-0.151951
-0.214594
-0.261891
-0.288941
-0.293578
-0.276126
-0.238860
-0.185405
-0.120183
-0.048013
0.026134
0.097267
0.160481
0.211095
0.244919
0.258667
0.250485
0.220530
0.171414
0.108363
0.038916
-0.027913
-0.082945
-0.118414
-0.129493
-0.115402
-0.079788
-0.030230
0.023086
0.069246
0.098655
0.104786
0.085280
0.042184
-0.018652
-0.088818
-0.158915
-0.220085
-0.265220
-0.289698
-0.291605
-0.271530
-0.232091
-0.177338
-0.112147
-0.041701
0.028922
0.095042
0.152569
0.198111
0.229036
0.243534
0.240687
0.220585
0.184443
0.134667
0.074811
0.009353
-0.056716
-0.118450
-0.171561
-0.212967
-0.241164
-0.256340
-0.260241
-0.255806
-0.246660
-0.236544
-0.228766
-0.225731
-0.228589
-0.237049
-0.249366
-0.262537
-0.272706
-0.275739
-0.267928
-0.246690
-0.211154
-0.162473
-0.103779
-0.039733
0.024254
0.082981
0.132387
0.170222
0.196303
0.212284
0.221004
0.225583
0.228490
0.230834
0.232035
0.229982
0.221612
0.203789
0.174240
0.132323
0.079417
0.018844
-0.044678
-0.105905
-0.160033
-0.203546
-0.234725
-0.253737
-0.262316
-0.263165
-0.259250
-0.253179
-0.246811
-0.241149
-0.236509
-0.232859
-0.230190
-0.228794
-0.229326
-0.232618
-0.239297
-0.249302
-0.261458
-0.273292
-0.281180
-0.280895
-0.268475
-0.241245
-0.198752
-0.143349
-0.080207
-0.016688
0.038866
0.078685
0.097119
0.091800
0.064114
0.018869
-0.036794
-0.094952
-0.148535
-0.192631
-0.225151
-0.246723
-0.259893
-0.267875
-0.273243
-0.276917
-0.277742
-0.272791
-0.258310
-0.231071
-0.189749
-0.135930
-0.074420
-0.012688
0.040481
0.076844
0.090633
0.080063
0.048001
0.001605
-0.049040
-0.092962
-0.120543
-0.125438
-0.105718
-0.064026
-0.006736
0.057593
0.120088
0.173285
0.212358
0.235621
0.244313
0.241814
0.232557
0.220926
0.210400
0.203072
0.199598
0.199491
0.201631
0.204805
0.208143
0.211322
0.214517
0.218134
0.222409
0.227008
0.230750
0.231548
0.226620
0.212929
0.187794
0.149532
0.098006
0.034961
-0.035928
-0.109310
-0.178685
-0.237158
-0.278306
-0.297097
-0.290743
-0.259373
-0.206377
-0.138310
-0.064233
0.005484
0.060796
0.093776
0.100208
0.080595
0.040286
-0.011413
-0.063016
-0.103181
-0.123080
-0.118277
-0.089674
-0.043315
0.010908
0.061336
0.096925
0.109405
0.094772
0.053866
-0.008010
-0.082222
-0.158406
-0.226158
-0.276535
-0.303168
-0.302913
-0.276058
-0.226146
-0.159476
-0.084342
-0.010062
0.054136
0.100259
0.122575
0.118378
0.088339
0.036386
-0.030858
-0.104986
-0.176900
-0.237922
-0.280790
-0.300447
-0.294586
-0.263925
-0.212189
-0.145768
-0.073029
-0.003293
0.054430
0.092780
0.107206
0.096704
0.063926
0.014600
-0.043645
-0.102794
-0.155964
-0.198567
-0.228862
-0.247790
-0.258174
-0.263519
-0.266746
-0.269188
-0.270125
-0.266966
-0.256041
-0.233797
-0.198090
-0.149229
-0.090479
-0.027863
0.030739
0.076995
0.103716
0.106288
0.083602
0.038300
-0.023685
-0.094152
-0.163970
-0.224443
-0.268456
-0.291248
-0.290769
-0.267649
-0.224858
-0.167154
-0.100393
-0.030779
0.035888
0.094867
0.142963
0.178765
0.202581
0.216104
0.221872
0.222643
0.220833
0.218139
0.215411
0.212778
0.209976
0.206754
0.203236
0.200111
0.198580
0.200040
0.205579
0.215408
0.228392
0.241853
0.251770
0.253403
0.242273
0.215310
0.171896
0.114532
0.048870
-0.016976
-0.073793
-0.113045
-0.128697
-0.118651
-0.085443
-0.035979
0.019632
0.069938
0.104281
0.114760
0.097622
0.053852
-0.011118
-0.088419
-0.167255
-0.236595
-0.286781
-0.310863
-0.305518
-0.271498
-0.213571
-0.139942
-0.061160
0.011394
0.067295
0.098856
0.102581
0.079943
0.037255
-0.015457
-0.066395
-0.104392
-0.121243
-0.113449
-0.082942
-0.036621
0.015194
0.061040
0.090754
0.097547
0.079220
0.038317
-0.018756
-0.083358
-0.146532
-0.200772
-0.241226
-0.266167
-0.276719
-0.276024
-0.268157
-0.257075
-0.245865
-0.236404
-0.229450
-0.225021
-0.222899
-0.223042
-0.225766
-0.231613
-0.240957
-0.253469
-0.267651
-0.280621
-0.288322
-0.286183
-0.270149
-0.237865
-0.189697
-0.129277
-0.063327
-0.000672
0.049427
0.079280
0.084653
0.066004
0.028714
-0.017878
-0.062449
-0.094270
-0.105748
-0.094290
-0.062975
-0.019827
0.024172
0.057845
0.072668
0.064956
0.036829
-0.004326
-0.047759
-0.082145
-0.098533
-0.092681
-0.066167
-0.025983
0.017298
0.052283
0.069748
0.065047
0.039332
-0.000741
-0.044753
-0.081222
-0.100585
-0.097669
-0.073023
-0.032771
0.012951
0.052571
0.075985
0.077071
0.055170
0.015217
-0.033486
-0.079490
-0.111844
-0.122500
-0.107926
-0.069607
-0.013404
0.051987
0.117025
0.173279
0.214918
0.239465
0.247765
0.243298
0.231060
0.216347
0.203671
0.196027
0.194568
0.198706
0.206526
0.215412
0.222723
0.226409
0.225463
0.220138
0.211902
0.203139
0.196626
0.194881
0.199472
0.210442
0.225974
0.242427
0.254792
0.257569
0.245920
0.216905
0.170495
0.110108
0.042421
-0.023578
-0.078210
-0.113087
-0.123003
-0.107295
-0.070272
-0.020551
0.030621
0.071704
0.093346
0.090431
0.063210
0.017272
-0.037640
-0.089676
-0.127299
-0.141575
-0.127832
-0.086428
-0.022542
0.054869
0.134664
0.205344
0.256797
0.281727
0.276648
0.242346
0.183792
0.109497
0.030345
-0.042018
-0.097041
-0.127108
-0.128998
-0.104628
-0.060831
-0.008113
0.041440
0.076689
0.089856
0.078259
0.044916
-0.002137
-0.051715
-0.092081
-0.113691
-0.111402
-0.085645
-0.042279
0.008794
0.055900
0.088185
0.097901
0.081888
0.041962
-0.015796
-0.082579
-0.148820
-0.206076
-0.248469
-0.273411
-0.281590
-0.276339
-0.262614
-0.245851
-0.230940
-0.221464
-0.219277
-0.224404
-0.235207
-0.248747
-0.261248
-0.268621
-0.266995
-0.253218
-0.225297
-0.182727
-0.126685
-0.060041
0.012805
0.086280
0.154138
0.210076
0.248436
0.264926
0.257310
0.225973
0.174232
0.108265
0.036558
-0.031172
-0.085446
-0.118680
-0.126680
-0.109603
-0.072122
-0.022665
0.028166
0.069667
0.093142
0.093555
0.070356
0.027295
-0.028689
-0.089195
-0.146257
-0.193930
-0.229212
-0.252120
-0.264987
-0.271227
-0.273950
-0.274824
-0.273486
-0.267665
-0.253975
-0.229152
-0.191388
-0.141395
-0.082854
-0.022109
0.032893
0.074150
0.095299
0.092997
0.067664
0.023375
-0.033047
-0.093508
-0.150309
-0.197589
-0.232211
-0.253926
-0.264827
-0.268303
-0.267801
-0.265718
-0.262713
-0.257585
-0.247708
-0.229899
-0.201455
-0.161098
-0.109559
-0.049671
0.014053
0.076250
0.131717
0.176364
0.207886
0.226027
0.232416
0.230049
0.222590
0.213629
0.206076
0.201772
0.201361
0.204397
0.209636
0.215431
0.220145
0.222516
0.221926
0.218527
0.213217
0.207469
0.203029
0.201518
0.204016
0.210677
0.220488
0.231222
0.239645
0.241978
0.234555
0.214562
0.180710
0.133664
0.076118
0.012446
-0.052015
-0.111914
-0.162850
-0.202128
-0.229118
-0.245144
-0.252927
-0.255742
-0.256483
-0.256877
-0.257022
-0.255363
-0.249083
-0.234837
-0.209635
-0.171673
-0.120948
-0.059511
0.008674
0.078216
0.143012
0.197056
0.235214
0.253843
0.251222
0.227754
0.185922
0.130016
0.065599
-0.001208
-0.064583
-0.119846
-0.164125
-0.196695
-0.218871
-0.233450
-0.243803
-0.252829
-0.262023
-0.270899
-0.276971
-0.276312
-0.264621
-0.238541
-0.196929
-0.141707
-0.078048
-0.013748
0.042123
0.081046
0.096932
0.087606
0.055523
0.007500
-0.046488
-0.095196
-0.128255
-0.138111
-0.121345
-0.079155
-0.016959
0.056702
0.131689
0.197880
0.246607
0.271731
0.270288
0.242706
0.192634
0.126453
0.052492
-0.019973
-0.081879
-0.125545
-0.145702
-0.140192
-0.110220
-0.060081
0.003560
0.072702
0.139137
0.195474
0.235906
0.256659
0.256126
0.234765
0.194845
0.140099
0.075310
0.005862
-0.062764
-0.125516
-0.178269
-0.218238
-0.244240
-0.256763
-0.257831
-0.250681
-0.239303
-0.227874
-0.220154
-0.218897
-0.225339
-0.238857
-0.256876
-0.275105
-0.288136
-0.290379
-0.277209
-0.246124
-0.197657
-0.135773
-0.067564
-0.002193
0.050775
0.083351
0.090950
0.073621
0.036310
-0.011989
-0.060056
-0.096873
-0.114065
-0.107794
-0.079611
-0.036065
0.012835
0.055931
0.083409
0.088886
0.070586
0.031385
-0.022223
-0.081896
-0.139468
-0.188675
-0.226185
-0.251724
-0.267361
-0.276229
-0.281091
-0.283185
-0.281702
-0.274021
-0.256674
-0.226726
-0.183213
-0.128146
-0.066770
-0.006895
0.042616
0.073858
0.081900
0.066246
0.031318
-0.014272
-0.059530
-0.093572
-0.108196
-0.099879
-0.070663
-0.027694
0.018504
0.056596
0.077205
0.075187
0.050863
0.009903
-0.038070
-0.081780
-0.110904
-0.118346
-0.101624
-0.063106
-0.009102
0.051864
0.111122
0.161718
0.199629
0.224098
0.237094
0.242131
0.242824
0.241600
0.238900
0.233087
0.221047
0.199320
0.165431
0.119069
0.062762
0.001867
-0.056171
-0.103131
-0.131588
-0.136397
-0.115752
-0.071602
-0.009383
0.062848
0.135651
0.199570
0.246399
0.270198
0.267969
0.239979
0.189715
0.123490
0.049715
-0.022145
-0.082817
-0.124528
-0.142152
-0.133986
-0.101964
-0.051251
0.010726
0.075608
0.135522
0.184303
0.218290
0.236599
0.240867
0.234607
0.222347
0.208729
0.197739
0.192143
0.193182
0.200499
0.212280
0.225557
0.236634
0.241600
0.236880
0.219770
0.188880
0.144426
0.088302
0.023904
-0.044255
-0.111089
-0.171523
-0.221033
-0.256036
-0.274132
-0.274188
-0.256314
-0.221791
-0.172953
-0.113060
-0.046124
0.023307
0.090426
0.150484
0.199118
0.232686
0.248571
0.245448
0.223486
0.184453
0.131655
0.069680
0.003908
-0.060165
-0.117692
-0.165176
-0.200940
-0.225250
-0.240015
-0.248152
-0.252729
-0.256104
-0.259263
-0.261525
-0.260685
-0.253561
-0.236843
-0.208010
-0.166127
-0.112304
-0.049721
0.016812
0.081639
0.139225
0.185086
0.216505
0.232899
0.235798
0.228493
0.215413
0.201376
0.190796
0.186966
0.191491
0.203941
0.221798
0.240741
0.255275
0.259667
0.249074
0.220677
0.174585
0.114259
0.046305
-0.020462
-0.076533
-0.113563
-0.126152
-0.113143
-0.078097
-0.028771
0.024314
0.069918
0.098284
0.103006
0.082149
0.038404
-0.021700
-0.089299
-0.155029
-0.210776
-0.250997
-0.273395
-0.278914
-0.271152
-0.255389
-0.237465
-0.222701
-0.215023
-0.216381
-0.226496
-0.242930
-0.261481
-0.276844
-0.283472
-0.276567
-0.253032
-0.212246
-0.156487
-0.090877
-0.022791
0.039200
0.086696
0.112883
0.113709
0.088607
0.040606
-0.024146
-0.097328
-0.169661
-0.232157
-0.277222
-0.299502
-0.296417
-0.268393
-0.218799
-0.153595
-0.080702
-0.009097
0.052290
0.095757
0.115911
0.110441
0.080437
0.030165
-0.033655
-0.102901
-0.169245
-0.225239
-0.265127
-0.285308
-0.284435
-0.263239
-0.224163
-0.170913
-0.107987
-0.040225
0.027595
0.091084
0.146481
0.190785
0.221776
0.237971
0.238547
0.223302
0.192675
0.147846
0.090864
0.024759
-0.046422
-0.117725
-0.183559
-0.238131
-0.276048
-0.293005
-0.286522
-0.256587
-0.206073
-0.140768
-0.068907
-0.000156
0.055848
0.091164
0.101102
0.085283
0.047919
-0.002827
-0.056311
-0.101427
-0.128734
-0.132221
-0.110327
-0.066018
-0.005956
0.061022
0.125713
0.180257
0.219397
0.241094
0.246463
0.239146
0.224326
0.207606
0.193972
0.186992
0.188312
0.197496
0.212182
0.228506
0.241746
0.247092
0.240465
0.219254
0.182853
0.132872
0.072958
0.008214
-0.055688
-0.113543
-0.161542
-0.197904
-0.223017
-0.239067
-0.249224
-0.256595
-0.263218
-0.269357
-0.273314
-0.271812
-0.260908
-0.237202
-0.199065
-0.147549
-0.086715
-0.023249
0.034596
0.078521
0.101824
0.100764
0.075342
0.029309
-0.030599
-0.095981
-0.158345
-0.210583
-0.248043
-0.269029
-0.274705
-0.268499
-0.255206
-0.239974
-0.227385
-0.220734
-0.221593
-0.229657
-0.242874
-0.257798
-0.270132
-0.275393
-0.269629
-0.250091
-0.215758
-0.167607
-0.108569
-0.043134
0.023333
0.085442
0.138629
0.179826
0.207826
0.223274
0.228323
0.226059
0.219832
0.212657
0.206778
0.203462
0.203020
0.205001
0.208488
0.212421
0.215856
0.218150
0.219028
0.218571
