-0.008380
-0.001434
0.005567
0.012441
0.017982
0.019837
0.014780
-0.000649
-0.029300
-0.072568
-0.129784
-0.198012
-0.272330
-0.346556
-0.414235
-0.469706
-0.508987
-0.530336
-0.534415
-0.524074
-0.503851
-0.479294
-0.456203
-0.439855
-0.434261
-0.441491
-0.461134
-0.489998
-0.522172
-0.549551
-0.562872
-0.553189
-0.513575
-0.440728
-0.336079
-0.206084
-0.061480
0.084423
0.218123
0.328452
0.408677
0.457656
0.479750
0.483497
0.479333
0.476885
0.482452
0.497296
0.517167
0.533245
0.534358
0.510012
0.453549
0.364633
0.250359
0.124562
0.005305
-0.088970
-0.143762
-0.152203
-0.117112
-0.050790
0.027516
0.095880
0.134655
0.130838
0.080768
-0.009504
-0.126128
-0.251075
-0.366426
-0.458240
-0.519098
-0.548833
-0.553454
-0.542694
-0.526913
-0.514153
-0.508059
-0.507114
-0.505286
-0.493859
-0.463943
-0.408981
-0.326632
-0.219554
-0.094898
0.037283
0.166259
0.282819
0.380837
0.457776
0.514070
0.551651
0.572148
0.575400
0.558812
0.517845
0.447570
0.344891
0.210800
0.051954
-0.118979
-0.284507
-0.424919
-0.521837
-0.561957
-0.540150
-0.461141
-0.339300
-0.196402
-0.057716
0.052877
0.117705
0.128997
0.090543
0.016838
-0.070158
-0.145930
-0.188839
-0.184757
-0.129847
-0.030882
0.096832
0.233294
0.358375
0.456007
0.517064
0.540447
0.532311
0.503855
0.468318
0.437922
0.421420
0.422676
0.440468
0.469399
0.501645
0.529074
0.545299
0.547195
0.535608
0.515078
0.492669
0.476120
0.471720
0.482376
0.506332
0.536895
0.563353
0.573001
0.553948
0.498137
0.403881
0.277257
0.131860
-0.013188
-0.136676
-0.219456
-0.248372
-0.218977
-0.136376
-0.013985
0.129430
0.273642
0.400773
0.498087
0.559225
0.583785
0.575661
0.540805
0.485188
0.413485
0.328740
0.232848
0.127508
0.015131
-0.100626
-0.214890
-0.322078
-0.416636
-0.493731
-0.549684
-0.582086
-0.589666
-0.572066
-0.529706
-0.463796
-0.376498
-0.271120
-0.152174
-0.025209
0.103630
0.228189
0.342861
0.442907
0.524424
0.584005
0.618317
0.623888
0.597415
0.536695
0.442053
0.317877
0.173689
0.024195
-0.112043
-0.215302
-0.268334
-0.260160
-0.189073
-0.064016
0.096193
0.265775
0.416540
0.523144
0.567947
0.544440
0.458503
0.327215
0.175451
0.030928
-0.081299
-0.143761
-0.149915
-0.105156
-0.025315
0.067036
0.147581
0.195401
0.197063
0.148785
0.056320
-0.067179
-0.204581
-0.338487
-0.454290
-0.541969
-0.596440
-0.616725
-0.604515
-0.562742
-0.494649
-0.403568
-0.293277
-0.168611
-0.035914
0.097012
0.221561
0.329468
0.414142
0.471811
0.502173
0.508373
0.496316
0.473480
0.447517
0.424932
0.410128
0.404998
0.409104
0.420357
0.435976
0.453454
0.471226
0.488846
0.506607
0.524708
0.542252
0.556407
0.562081
0.552326
0.519486
0.456886
0.360695
0.231494
0.075140
-0.097321
-0.270733
-0.427699
-0.550915
-0.625566
-0.641433
-0.594433
-0.487428
-0.330205
-0.138637
0.066916
0.263840
0.429911
0.546106
0.599237
0.584062
0.504518
0.373736
0.212646
0.047183
-0.095624
-0.192084
-0.226005
-0.191746
-0.095458
0.045821
0.207100
0.359892
0.477308
0.538844
0.533957
0.463805
0.340893
0.186724
0.027938
-0.108383
-0.199379
-0.230234
-0.196496
-0.104527
0.029916
0.184608
0.334653
0.456414
0.530925
0.546289
0.498880
0.393333
0.241528
0.060814
-0.128246
-0.304355
-0.447977
-0.543636
-0.581851
-0.560467
-0.485183
-0.369046
-0.230812
-0.092261
0.025204
0.104072
0.133649
0.111693
0.044361
-0.055556
-0.171657
-0.287442
-0.389415
-0.469013
-0.522973
-0.552213
-0.559751
-0.548424
-0.519197
-0.470630
-0.399638
-0.303311
-0.181177
-0.037162
0.119412
0.274225
0.409784
0.508363
0.555471
0.543078
0.471880
0.352026
0.202012
0.045842
-0.091072
-0.186475
-0.225336
-0.202545
-0.123625
-0.003328
0.137551
0.276398
0.393099
0.473542
0.511663
0.509777
0.477297
0.428313
0.378582
0.342534
0.330761
0.348294
0.393836
0.459977
0.534326
0.601465
0.645494
0.652861
0.615089
0.530861
0.407005
0.257957
0.103600
-0.034313
-0.136494
-0.190290
-0.192614
-0.150778
-0.080833
-0.003675
0.060147
0.095575
0.096697
0.067854
0.021861
-0.024164
-0.054154
-0.058058
-0.034994
0.006312
0.049894
0.077025
0.071537
0.024552
-0.062626
-0.178171
-0.301986
-0.409989
-0.479432
-0.494056
-0.447967
-0.347381
-0.209849
-0.061055
0.070189
0.157733
0.183467
0.141151
0.037835
-0.107409
-0.267230
-0.411410
-0.512844
-0.552851
-0.524748
-0.434988
-0.301653
-0.150610
-0.010117
0.095035
0.148610
0.146159
0.095647
0.015289
-0.070952
-0.139175
-0.171275
-0.159216
-0.106810
-0.028607
0.053768
0.116877
0.141015
0.114735
0.037390
-0.080732
-0.220516
-0.357757
-0.467667
-0.529263
-0.528901
-0.462468
-0.335979
-0.164618
0.029581
0.221025
0.384377
0.498347
0.548980
0.531932
0.453357
0.329130
0.182369
0.039511
-0.074481
-0.140914
-0.151143
-0.108451
-0.027472
0.068834
0.154066
0.204047
0.201997
0.142051
0.030393
-0.116156
-0.273641
-0.415701
-0.518486
-0.564768
-0.546567
-0.465956
-0.334056
-0.168595
0.009419
0.179272
0.323723
0.431319
0.497546
0.524756
0.520988
0.497961
0.468573
0.444334
0.433105
0.437547
0.454547
0.475803
0.489494
0.482793
0.444724
0.368779
0.254688
0.108943
-0.056096
-0.224290
-0.378554
-0.503809
-0.589446
-0.630885
-0.630010
-0.594545
-0.536579
-0.470545
-0.410989
-0.370392
-0.357306
-0.374987
-0.420702
-0.485849
-0.556973
-0.617661
-0.651173
-0.643485
-0.586273
-0.479262
-0.331351
-0.160091
0.010657
0.154638
0.248060
0.274417
0.228219
0.116696
-0.041010
-0.217121
-0.380327
-0.501666
-0.559982
-0.545865
-0.463302
-0.328762
-0.167914
-0.010649
0.114625
0.186287
0.193364
0.137179
0.030489
-0.105680
-0.246757
-0.369868
-0.458433
-0.505115
-0.512536
-0.491688
-0.458499
-0.429430
-0.417140
-0.427257
-0.456971
-0.495782
-0.528216
-0.537896
-0.512003
-0.445038
-0.340919
-0.212778
-0.080394
0.034242
0.112152
0.142063
0.123279
0.065915
-0.011666
-0.087525
-0.141690
-0.161061
-0.142391
-0.092648
-0.026797
0.036198
0.078014
0.085005
0.050750
-0.023251
-0.128540
-0.251782
-0.377258
-0.489216
-0.573753
-0.620183
-0.622005
-0.577603
-0.490709
-0.370505
-0.231099
-0.090154
0.033442
0.122636
0.165477
0.157828
0.104747
0.019994
-0.076404
-0.162064
-0.216727
-0.226221
-0.184965
-0.096498
0.027900
0.171963
0.317717
0.448433
0.550675
0.615243
0.637226
0.615580
0.552689
0.454176
0.328944
0.189165
0.049820
-0.072563
-0.162007
-0.205767
-0.196974
-0.136496
-0.033394
0.096368
0.232800
0.355746
0.448873
0.502810
0.516726
0.498000
0.460098
0.419185
0.390255
0.383613
0.402442
0.441916
0.490028
0.529962
0.543555
0.515202
0.435449
0.303557
0.128486
-0.071966
-0.273775
-0.450630
-0.578475
-0.639826
-0.627047
-0.543972
-0.405549
-0.235520
-0.062507
0.084828
0.182703
0.216286
0.182134
0.088511
-0.046460
-0.198404
-0.341261
-0.451864
-0.513611
-0.518608
-0.467998
-0.370632
-0.240529
-0.093762
0.054510
0.192305
0.311961
0.410098
0.486560
0.542764
0.579997
0.598134
0.595162
0.567609
0.511764
0.425331
0.309043
0.167755
0.010638
-0.149690
-0.298987
-0.423805
-0.513985
-0.564625
-0.577085
-0.558737
-0.521481
-0.479303
-0.445353
-0.429113
-0.434241
-0.457566
-0.489481
-0.515749
-0.520412
-0.489270
-0.413209
-0.290658
-0.128627
0.057970
0.248578
0.420398
0.552214
0.627878
0.638786
0.584935
0.474463
0.321870
0.145340
-0.036279
-0.206272
-0.352129
-0.466558
-0.547358
-0.596297
-0.617366
-0.614907
-0.592118
-0.550285
-0.488902
-0.406577
-0.302436
-0.177594
-0.036285
0.113674
0.261229
0.393203
0.495970
0.557410
0.568798
0.526332
0.432029
0.293847
0.124951
-0.057760
-0.235693
-0.390825
-0.507870
-0.576019
-0.590016
-0.550441
-0.463187
-0.338262
-0.188126
-0.025902
0.136198
0.287920
0.421316
0.530462
0.610775
0.658362
0.669771
0.642423
0.575703
0.472426
0.340122
0.191552
0.043937
-0.083269
-0.171825
-0.208672
-0.189442
-0.120463
-0.018502
0.091987
0.183671
0.232186
0.221623
0.148338
0.022116
-0.135635
-0.296274
-0.429928
-0.511764
-0.527190
-0.474867
-0.366910
-0.226250
-0.081697
0.038243
0.111509
0.127215
0.087936
0.008981
-0.085188
-0.166599
-0.210158
-0.199320
-0.129755
-0.010234
0.139371
0.292436
0.421225
0.502568
0.522405
0.478307
0.379609
0.245232
0.099779
-0.031259
-0.126174
-0.170674
-0.159802
-0.097886
0.003278
0.127414
0.257093
0.376599
0.473766
0.540628
0.573093
0.570139
0.533059
0.465141
0.371841
0.261202
0.144035
0.033369
-0.057114
-0.115533
-0.134642
-0.114171
-0.061825
0.007691
0.075639
0.123659
0.138464
0.115540
0.060699
-0.011056
-0.079166
-0.122721
-0.125883
-0.082096
0.004023
0.117557
0.236672
0.337651
0.400322
0.412618
0.373206
0.291620
0.185893
0.078240
-0.010156
-0.064014
-0.077281
-0.054081
-0.007062
0.046406
0.089124
0.108702
0.100629
0.068946
0.024390
-0.019361
-0.050138
-0.061021
-0.052240
-0.030704
-0.007362
0.006678
0.004032
-0.016301
-0.048305
-0.080482
-0.099064
-0.091912
-0.052024
0.020307
0.117158
0.224468
0.324885
0.401216
0.439658
0.432140
0.377369
0.280505
0.151714
0.004047
-0.148811
-0.294410
-0.422691
-0.526320
-0.600372
-0.641688
-0.648338
-0.619497
-0.555864
-0.460494
-0.339679
-0.203432
-0.065165
0.059631
0.155578
0.210030
0.215492
0.171166
0.083182
-0.036592
-0.172847
-0.309613
-0.432799
-0.531868
-0.600366
-0.635412
-0.636600
-0.604913
-0.542166
-0.451230
-0.336867
-0.206758
-0.072069
0.052936
0.152480
0.211855
0.220427
0.174279
0.077734
-0.056709
-0.210100
-0.360049
-0.484351
-0.564458
-0.588131
-0.550877
-0.456080
-0.314032
-0.140180
0.046983
0.228098
0.384927
0.502062
0.568287
0.577581
0.529708
0.430319
0.290441
0.125285
-0.047624
-0.210802
-0.349324
-0.453041
-0.518028
-0.546913
-0.547951
-0.532978
-0.514620
-0.503321
-0.504833
-0.518738
-0.538403
-0.552487
-0.547760
-0.512672
-0.440852
-0.333654
-0.201004
-0.060179
0.067353
0.160361
0.202502
0.186020
0.113523
-0.002606
-0.142997
-0.285534
-0.409925
-0.501506
-0.553438
-0.566963
-0.549897
-0.513952
-0.471690
-0.433877
-0.407789
-0.396699
-0.400412
-0.416495
-0.441668
-0.472898
-0.507856
-0.544673
-0.581155
-0.613854
-0.637460
-0.644912
-0.628442
-0.581443
-0.500749
-0.388665
-0.254046
-0.111844
0.019063
0.119475
0.174163
0.175760
0.127179
0.041771
-0.058999
-0.149907
-0.207345
-0.214435
-0.164634
-0.063043
0.074796
0.226180
0.365744
0.470127
0.521865
0.511867
0.440231
0.315488
0.152685
-0.029202
-0.209973
-0.370612
-0.495148
-0.571871
-0.593987
-0.559833
-0.472759
-0.340760
-0.175846
0.006841
0.190195
0.356536
0.489173
0.574030
0.601210
0.566346
0.471552
0.325740
0.144132
-0.053164
-0.243457
-0.404440
-0.517415
-0.570259
-0.559554
-0.491413
-0.380660
-0.248352
-0.117966
-0.010929
0.057578
0.081547
0.065025
0.020661
-0.033823
-0.080331
-0.105044
-0.101767
-0.073054
-0.028853
0.016871
0.050500
0.062799
0.051501
0.021757
-0.015507
-0.046726
-0.059305
-0.044670
-0.000002
0.071627
0.162490
0.262242
0.360053
0.446273
0.513320
0.555801
0.570129
0.554028
0.506263
0.426805
0.317387
0.182247
0.028719
-0.132665
-0.288749
-0.425034
-0.527465
-0.584422
-0.588506
-0.537812
-0.436412
-0.293990
-0.124646
0.054944
0.227715
0.378421
0.495506
0.572374
0.607889
0.606104
0.575311
0.526612
0.472242
0.423845
0.390913
0.379547
0.391673
0.424808
0.472415
0.524825
0.570622
0.598309
0.598028
0.563067
0.490905
0.383614
0.247531
0.092264
-0.070754
-0.229855
-0.374502
-0.496193
-0.588761
-0.648202
-0.672273
-0.660189
-0.612675
-0.532421
-0.424776
-0.298321
-0.164865
-0.038543
0.066074
0.136577
0.165446
0.152087
0.103485
0.033053
-0.042205
-0.105569
-0.144452
-0.153152
-0.133689
-0.094505
-0.047495
-0.004324
0.026787
0.042832
0.045908
0.041434
0.035475
0.032227
0.032560
0.034114
0.032791
0.024999
0.009718
-0.010466
-0.029806
-0.041215
-0.038837
-0.020466
0.011058
0.047977
0.079299
0.093530
0.081651
0.039472
-0.031250
-0.123187
-0.225093
-0.324221
-0.408873
-0.470498
-0.504973
-0.512931
-0.499242
-0.471861
-0.440328
-0.414170
-0.401410
-0.407294
-0.433355
-0.476887
-0.530924
-0.584808
-0.625402
-0.638915
-0.613175
-0.540052
-0.417601
-0.251441
-0.054937
0.152046
0.345812
0.502543
0.602435
0.633440
0.593833
0.492972
0.349972
0.190404
0.041576
-0.072716
-0.136862
-0.146478
-0.109018
-0.041704
0.032830
0.092162
0.119604
0.108176
0.062050
-0.004913
-0.073057
-0.122163
-0.136584
-0.108941
-0.041483
0.055073
0.164752
0.270564
0.358633
0.421139
0.457440
0.473206
0.477931
0.481533
0.490997
0.507915
0.527631
0.540215
0.533119
0.494873
0.418905
0.306463
0.167787
0.021065
-0.110737
-0.204521
-0.242097
-0.214412
-0.123915
0.015500
0.180977
0.344969
0.480314
0.565003
0.585665
0.539213
0.432518
0.280391
0.102470
-0.080306
-0.248961
-0.388972
-0.491690
-0.554615
-0.580701
-0.576951
-0.552702
-0.517899
-0.481651
-0.451192
-0.431316
-0.424229
-0.429765
-0.445850
-0.469115
-0.495562
-0.521179
-0.542462
-0.556781
-0.562604
-0.559600
-0.548637
-0.531714
-0.511815
-0.492645
-0.478208
-0.472192
-0.477200
-0.493901
-0.520315
-0.551419
-0.579324
-0.594128
-0.585455
-0.544457
-0.465913
-0.349920
-0.202712
-0.036248
0.133490
0.289247
0.415733
0.502622
0.546590
0.551858
0.529068
0.492707
0.457651
0.435616
0.432337
0.446161
0.468438
0.485705
0.483214
0.449048
0.377801
0.272863
0.146580
0.018070
-0.090945
-0.161333
-0.181471
-0.150538
-0.079224
0.012456
0.099736
0.158888
0.172715
0.134327
0.048291
-0.071035
-0.203409
-0.327742
-0.426935
-0.491341
-0.520127
-0.520366
-0.504282
-0.485449
-0.474942
-0.478370
-0.494453
-0.515415
-0.529035
-0.521809
-0.482435
-0.404771
-0.289538
-0.144387
0.017660
0.180932
0.330268
0.453753
0.544364
0.600183
0.623276
0.617749
0.587682
0.535631
0.462201
0.366758
0.249040
0.111085
-0.041191
-0.197371
-0.343192
-0.462499
-0.540129
-0.565120
-0.533504
-0.449964
-0.327837
-0.187270
-0.051743
0.056412
0.120559
0.133306
0.098173
0.028875
-0.053698
-0.126117
-0.167589
-0.164403
-0.112610
-0.018373
0.103990
0.235620
0.357432
0.454056
0.516570
0.543537
0.540346
0.517188
0.486286
0.459047
0.443734
0.444096
0.459118
0.483837
0.510968
0.532926
0.543800
0.540845
0.525184
0.501560
0.477180
0.459881
0.456007
0.468461
0.495401
0.529951
0.561102
0.575752
0.561545
0.509941
0.418827
0.293979
0.148873
0.002711
-0.123042
-0.208896
-0.241352
-0.215710
-0.136943
-0.018409
0.121198
0.261841
0.385987
0.481372
0.542120
0.568167
0.563444
0.533546
0.483665
0.417369
0.336446
0.241654
0.133957
0.015685
-0.108808
-0.233214
-0.350013
-0.451604
-0.531441
-0.584871
-0.609491
-0.605052
-0.573068
-0.516334
-0.438509
-0.343842
-0.236974
-0.122755
-0.005979
0.108937
0.218250
0.319005
0.408853
0.485570
0.546426
0.587683
0.604537
0.591743
0.544951
0.462524
0.347378
0.208215
0.059618
-0.079372
-0.188119
-0.248254
-0.247698
-0.183851
-0.065071
0.090093
0.255886
0.404014
0.509003
0.553121
0.529814
0.444936
0.315506
0.166248
0.024598
-0.084789
-0.144921
-0.149687
-0.104743
-0.025893
0.064638
0.143150
0.189460
0.190795
0.143766
0.054103
-0.065518
-0.198826
-0.329470
-0.443831
-0.532565
-0.590767
-0.617078
-0.612294
-0.578091
-0.516326
-0.429059
-0.319171
-0.191175
-0.051778
0.090183
0.224549
0.341289
0.432207
0.492452
0.521413
0.522760
0.503604
0.473005
0.440185
0.412856
0.396028
0.391521
0.398242
0.413079
0.432151
0.452049
0.470713
0.487708
0.503808
0.520022
0.536361
0.550755
0.558505
0.552554
0.524615
0.466983
0.374620
0.247019
0.089349
-0.087428
-0.267579
-0.432585
-0.563715
-0.644738
-0.664321
-0.617758
-0.507860
-0.344891
-0.145620
0.068455
0.273518
0.446281
0.566947
0.621972
0.606198
0.524020
0.389266
0.223631
0.053722
-0.092958
-0.192492
-0.228703
-0.196147
-0.101266
0.038620
0.198354
0.349443
0.465156
0.525253
0.519470
0.449184
0.327000
0.174390
0.017839
-0.115799
-0.203912
-0.231889
-0.195395
-0.100805
0.036182
0.193392
0.345902
0.469923
0.546199
0.562467
0.514718
0.407297
0.251979
0.066262
-0.128852
-0.311384
-0.460975
-0.561365
-0.602482
-0.581904
-0.505409
-0.386404
-0.244171
-0.101041
0.021114
0.104469
0.138174
0.119959
0.056005
-0.040903
-0.154483
-0.268497
-0.369822
-0.450280
-0.506883
-0.540600
-0.554192
-0.549927
-0.527936
-0.485780
-0.419371
-0.324964
-0.201596
-0.053182
0.110433
0.273927
0.418504
0.525092
0.578080
0.568757
0.497667
0.375294
0.220817
0.059077
-0.083700
-0.184608
-0.228193
-0.209150
-0.132975
-0.014467
0.125554
0.264508
0.382358
0.465031
0.506372
0.508405
0.480063
0.434834
0.387879
0.353180
0.341132
0.356890
0.399578
0.462429
0.533791
0.598930
0.642423
0.650898
0.615691
0.534978
0.414849
0.268933
0.116420
-0.021350
-0.125126
-0.181914
-0.188011
-0.150001
-0.083280
-0.008299
0.054575
0.090217
0.092473
0.065366
0.021402
-0.022549
-0.050592
-0.052800
-0.028404
0.013739
0.057519
0.084071
0.077149
0.027896
-0.062232
-0.181117
-0.308261
-0.419148
-0.490642
-0.506220
-0.459879
-0.357886
-0.217963
-0.066044
0.068767
0.160023
0.189356
0.150318
0.049838
-0.093070
-0.251065
-0.393933
-0.494582
-0.534367
-0.506656
-0.417962
-0.286416
-0.137896
-0.000599
0.100856
0.150529
0.144372
0.090787
0.008381
-0.078619
-0.146226
-0.176451
-0.161563
-0.105825
-0.024326
0.060759
0.125507
0.149858
0.122191
0.041902
-0.080442
-0.225225
-0.367582
-0.481979
-0.546707
-0.547514
-0.479886
-0.349724
-0.172440
0.029347
0.229144
0.400510
0.521047
0.575880
0.560121
0.479847
0.351333
0.198488
0.048782
-0.071722
-0.143349
-0.156756
-0.114935
-0.032688
0.066440
0.155169
0.208328
0.208235
0.148392
0.034748
-0.115662
-0.278252
-0.425736
-0.533207
-0.582444
-0.564713
-0.481695
-0.344580
-0.171650
0.015085
0.193583
0.345173
0.457139
0.524156
0.548418
0.538528
0.507391
0.469485
0.437964
0.422071
0.425314
0.444729
0.471429
0.492397
0.493219
0.461253
0.388588
0.274119
0.124276
-0.047822
-0.224598
-0.387164
-0.518691
-0.607288
-0.647855
-0.642620
-0.600396
-0.534811
-0.461914
-0.397578
-0.355057
-0.342998
-0.364116
-0.414666
-0.484807
-0.559888
-0.622591
-0.655726
-0.645354
-0.583739
-0.471559
-0.318838
-0.144175
0.027812
0.170564
0.260476
0.281653
0.229473
0.112092
-0.050559
-0.230178
-0.395248
-0.516908
-0.574334
-0.558560
-0.474009
-0.337452
-0.174674
-0.015485
0.111909
0.186114
0.196300
0.143768
0.041049
-0.091250
-0.229125
-0.350307
-0.438730
-0.487331
-0.498670
-0.483299
-0.456388
-0.433440
-0.426139
-0.439289
-0.469559
-0.506322
-0.534406
-0.538126
-0.505644
-0.432580
-0.323914
-0.193594
-0.061789
0.049637
0.122341
0.146067
0.121308
0.059282
-0.020848
-0.096798
-0.148753
-0.164221
-0.140880
-0.086752
-0.017781
0.046352
0.086994
0.090619
0.051359
-0.028388
-0.139086
-0.266334
-0.393578
-0.504617
-0.585581
-0.626282
-0.621084
-0.569444
-0.476193
-0.351456
-0.209988
-0.069683
0.050796
0.135038
0.172043
0.158735
0.101118
0.013572
-0.083707
-0.168634
-0.221608
-0.229289
-0.186863
-0.098371
0.024817
0.166770
0.310175
0.439104
0.540839
0.606643
0.631704
0.614707
0.557456
0.464794
0.344779
0.208803
0.071245
-0.051700
-0.144073
-0.192828
-0.190521
-0.137264
-0.041272
0.082331
0.214296
0.335040
0.428543
0.485421
0.504465
0.492334
0.461517
0.427096
0.403048
0.398897
0.417419
0.453827
0.496619
0.529882
0.536630
0.502524
0.419238
0.286807
0.114431
-0.080462
-0.274777
-0.443507
-0.563992
-0.619935
-0.604445
-0.521546
-0.385843
-0.220347
-0.052762
0.089147
0.182296
0.212241
0.175576
0.080304
-0.055893
-0.209089
-0.353519
-0.466043
-0.529781
-0.536298
-0.486059
-0.387263
-0.253496
-0.100799
0.055205
0.201565
0.329291
0.433565
0.512998
0.568269
0.600601
0.610532
0.597324
0.559182
0.494174
0.401584
0.283241
0.144403
-0.006160
-0.156997
-0.295617
-0.410577
-0.493576
-0.541038
-0.554832
-0.541926
-0.513011
-0.480329
-0.455123
-0.445176
-0.452982
-0.474921
-0.501719
-0.520172
-0.515864
-0.476362
-0.394230
-0.269181
-0.108854
0.071988
0.253706
0.415010
0.536492
0.603764
0.609621
0.554877
0.447804
0.302370
0.135670
-0.034930
-0.194361
-0.331677
-0.440833
-0.520348
-0.572083
-0.599499
-0.605901
-0.593131
-0.561015
-0.507685
-0.430657
-0.328343
-0.201612
-0.054945
0.103114
0.260392
0.402357
0.514000
0.582003
0.596807
0.554224
0.456361
0.311670
0.134136
-0.058314
-0.245960
-0.409687
-0.533268
-0.605213
-0.619907
-0.577913
-0.485429
-0.353047
-0.194043
-0.022541
0.148147
0.306681
0.444208
0.554240
0.632104
0.674321
0.678303
0.642631
0.567948
0.458215
0.321818
0.171961
0.025840
-0.097576
-0.180891
-0.212093
-0.187855
-0.115321
-0.011683
0.098647
0.188806
0.235185
0.222724
0.148509
0.022762
-0.133059
-0.290652
-0.420767
-0.499328
-0.512455
-0.459330
-0.352309
-0.214253
-0.073608
0.041713
0.110365
0.122171
0.080258
0.000215
-0.093547
-0.173423
-0.214909
-0.202132
-0.131365
-0.011766
0.136701
0.287623
0.413707
0.492337
0.509977
0.464596
0.365750
0.232405
0.089066
-0.038969
-0.130239
-0.170708
-0.155671
-0.089700
0.015147
0.142294
0.273973
0.394126
0.490324
0.554494
0.582669
0.574190
0.530930
0.456891
0.358285
0.243842
0.124887
0.014698
-0.073114
-0.127079
-0.140641
-0.114390
-0.056901
0.016393
0.086297
0.134316
0.147354
0.121361
0.062795
-0.012618
-0.083631
-0.128781
-0.131897
-0.086347
0.003044
0.120892
0.244712
0.350053
0.416061
0.430161
0.390762
0.307419
0.198441
0.086519
-0.006567
-0.064909
-0.081898
-0.061262
-0.015472
0.038048
0.081852
0.103183
0.097129
0.067367
0.024365
-0.018349
-0.048632
-0.059490
-0.051012
-0.029924
-0.006980
0.006888
0.004424
-0.015340
-0.046474
-0.077699
-0.095567
-0.088319
-0.049296
0.020997
0.114648
0.217883
0.313903
0.386247
0.421906
0.413512
0.360243
0.267388
0.144823
0.004888
-0.139787
-0.277985
-0.400826
-0.501872
-0.576621
-0.621800
-0.634864
-0.614010
-0.558789
-0.471117
-0.356323
-0.223733
-0.086405
0.040171
0.140293
0.200727
0.213216
0.176138
0.094836
-0.019494
-0.152052
-0.287190
-0.410932
-0.512640
-0.585545
-0.626273
-0.633804
-0.608463
-0.551440
-0.465068
-0.353710
-0.224806
-0.089467
0.037906
0.141216
0.205286
0.218945
0.177761
0.085653
-0.045121
-0.195692
-0.343629
-0.466637
-0.546101
-0.569796
-0.533351
-0.440375
-0.301406
-0.132056
0.049239
0.223477
0.373106
0.483642
0.544873
0.551672
0.504398
0.408871
0.275789
0.119547
-0.043541
-0.197430
-0.328625
-0.428121
-0.492621
-0.524718
-0.531976
-0.525023
-0.515005
-0.510904
-0.517290
-0.533024
-0.551299
-0.561136
-0.550113
-0.507782
-0.428994
-0.316261
-0.180427
-0.039307
0.085554
0.173316
0.208421
0.184147
0.104219
-0.017949
-0.162182
-0.305893
-0.428712
-0.516316
-0.562572
-0.569683
-0.546507
-0.505687
-0.460433
-0.421762
-0.396782
-0.388240
-0.395196
-0.414422
-0.441962
-0.474360
-0.509193
-0.544823
-0.579554
-0.610574
-0.633202
-0.640840
-0.625902
-0.581612
-0.504305
-0.395550
-0.263404
-0.122155
0.009657
0.112736
0.171323
0.177215
0.132404
0.049479
-0.050496
-0.142238
-0.201654
-0.211085
-0.163121
-0.062137
0.076724
0.230737
0.374097
0.482694
0.538164
0.530550
0.459266
0.332470
0.165216
-0.023113
-0.211560
-0.380113
-0.511730
-0.593734
-0.618612
-0.584318
-0.494182
-0.356517
-0.183942
0.007572
0.199945
0.374493
0.513606
0.602502
0.630873
0.594278
0.495076
0.342704
0.153123
-0.052675
-0.251059
-0.418831
-0.536575
-0.591729
-0.580787
-0.510115
-0.395072
-0.257423
-0.121407
-0.009157
0.063579
0.090430
0.075328
0.031045
-0.024378
-0.072421
-0.098842
-0.097117
-0.069630
-0.026333
0.018671
0.051565
0.062968
0.050599
0.019779
-0.018231
-0.049451
-0.060913
-0.043844
0.004486
0.080581
0.175992
0.279477
0.379330
0.465245
0.529362
0.566467
0.573605
0.549493
0.494111
0.408677
0.296006
0.161064
0.011395
-0.142853
-0.289487
-0.415407
-0.508171
-0.557689
-0.557758
-0.507124
-0.409883
-0.275102
-0.115719
0.053127
0.216056
0.359367
0.472634
0.549735
0.589259
0.594276
0.571602
0.530695
0.482318
0.437118
0.404249
0.390162
0.397714
0.425707
0.468961
0.518938
0.564887
0.595361
0.599913
0.570712
0.503815
0.399885
0.264191
0.105901
-0.063224
-0.230440
-0.383619
-0.512505
-0.609418
-0.669423
-0.690111
-0.671304
-0.614934
-0.525233
-0.409125
-0.276509
-0.140062
-0.014217
0.086744
0.151212
0.172810
0.152216
0.097569
0.023112
-0.053771
-0.116452
-0.152839
-0.157981
-0.134719
-0.092224
-0.042885
0.001434
0.032592
0.047866
0.049732
0.043965
0.036889
0.032807
0.032563
0.033683
0.031950
0.023719
0.008021
-0.012410
-0.031632
-0.042392
-0.038783
-0.018720
0.014635
0.053060
0.085050
0.098692
0.084774
0.039238
-0.035687
-0.131915
-0.237303
-0.338285
-0.422630
-0.481702
-0.511788
-0.514347
-0.495306
-0.463663
-0.429753
-0.403480
-0.392746
-0.402214
-0.432501
-0.479847
-0.536313
-0.590567
-0.629252
-0.638879
-0.608073
-0.529849
-0.403522
-0.235803
-0.040716
0.161838
0.348780
0.497451
0.589483
0.614222
0.571002
0.469706
0.329379
0.174994
0.032889
-0.074283
-0.132022
-0.136832
-0.096704
-0.028991
0.043923
0.100162
0.123741
0.108422
0.059043
-0.010020
-0.078785
-0.126929
-0.138920
-0.107707
-0.036061
0.064633
0.177664
0.285375
0.373427
0.433867
0.466309
0.477034
0.476384
0.475202
0.481288
0.496800
0.517291
0.532673
0.529900
0.496761
0.425835
0.317554
0.181519
0.035553
-0.097424
-0.194065
-0.235734
-0.212847
-0.127359
0.007249
0.168436
0.328913
0.461763
0.545226
0.566170
0.521699
0.418743
0.271970
0.100596
-0.075146
-0.237216
-0.372092
-0.471976
-0.534855
-0.563651
-0.564808
-0.546692
-0.518100
-0.487073
-0.460087
-0.441613
-0.433985
-0.437521
-0.450820
-0.471196
-0.495190
-0.519101
-0.539486
-0.553585
-0.559633
-0.557062
-0.546589
-0.530179
-0.510890
-0.492546
-0.479239
-0.474633
-0.481139
-0.499079
-0.526025
-0.556531
-0.582443
-0.593898
-0.580929
-0.535457
-0.453261
-0.335457
-0.189041
-0.026226
0.137409
0.285646
0.404674
0.485736
0.526776
0.532659
0.513881
0.484037
0.456584
0.441637
0.443501
0.459564
0.480864
0.494294
0.486026
0.445401
0.368343
0.259359
0.131483
0.003955
-0.101937
-0.167928
-0.183442
-0.148612
-0.074745
0.018001
0.105180
0.163701
0.177097
0.139053
0.054357
-0.062850
-0.192936
-0.315632
-0.414620
-0.480745
-0.513201
-0.518581
-0.508203
-0.494512
-0.487472
-0.491854
-0.506005
-0.522355
-0.529465
-0.515073
-0.469359
-0.387611
-0.271613
-0.129444
0.026224
0.180834
0.320893
0.436354
0.521857
0.576575
0.602876
0.604326
0.583758
0.542033
0.477928
0.389176
0.274344
0.134958
-0.022844
-0.187716
-0.343939
-0.473630
-0.559958
-0.590664
-0.561070
-0.475828
-0.348869
-0.201398
-0.058190
0.057133
0.126863
0.142934
0.108690
0.038171
-0.046985
-0.122373
-0.166219
-0.164056
-0.111589
-0.015117
0.110452
0.245377
0.369627
0.467087
0.528489
0.552534
0.545183
0.517465
0.482480
0.452339
0.435689
0.436288
0.452803
0.479749
0.509259
0.533254
0.545513
0.543213
0.527604
0.503694
0.478997
0.461598
0.457956
0.470915
0.498415
0.533251
0.564076
0.577537
0.561208
0.506714
0.412340
0.284422
0.137048
-0.010049
-0.135073
-0.218469
-0.246942
-0.216215
-0.131824
-0.007765
0.136619
0.280676
0.406353
0.501036
0.558735
0.579570
0.567970
0.530311
0.472789
0.400075
0.315013
0.219195
0.114005
0.001645
-0.114277
-0.228753
-0.335923
-0.429895
-0.505542
-0.559042
-0.588059
-0.591634
-0.569925
-0.523973
-0.455592
-0.367400
-0.262900
-0.146497
-0.023329
0.101089
0.221342
0.332530
0.430468
0.511561
0.572441
0.609547
0.618989
0.596933
0.540631
0.449936
0.328896
0.186853
0.038491
-0.097513
-0.201240
-0.255212
-0.248237
-0.178449
-0.054697
0.104230
0.272532
0.421980
0.527196
0.570539
0.545536
0.458140
0.325523
0.172651
0.027306
-0.085429
-0.148113
-0.154264
-0.109374
-0.029371
0.063089
0.143636
0.191335
0.192771
0.144201
0.051428
-0.072350
-0.209968
-0.344003
-0.459838
-0.547445
-0.601728
-0.621700
-0.609036
-0.566661
-0.497824
-0.405878
-0.294649
-0.169045
-0.035492
0.098121
0.223114
0.331178
0.415714
0.472988
0.502773
0.508310
0.495611
0.472247
0.445932
0.423191
0.408404
0.403407
0.407683
0.419067
0.434726
0.452137
0.469757
0.487202
0.504843
0.522961
0.540711
0.555282
0.561556
0.552520
0.520431
0.458523
0.362893
0.234085
0.077960
-0.094395
-0.267755
-0.424652
-0.547726
-0.622139
-0.637694
-0.590368
-0.483107
-0.325792
-0.134365
0.070782
0.267058
0.432318
0.547656
0.600023
0.584306
0.504536
0.373884
0.213257
0.048508
-0.093455
-0.189085
-0.222329
-0.187653
-0.091271
0.049766
0.210507
0.362543
0.479088
0.539745
0.534064
0.463273
0.339913
0.185494
0.026628
-0.109643
-0.200509
-0.231202
-0.197308
-0.105211
0.029329
0.184096
0.334215
0.456076
0.530731
0.546296
0.499143
0.393893
0.242404
0.061999
-0.126785
-0.302667
-0.446117
-0.541653
-0.579778
-0.558316
-0.482945
-0.366692
-0.228303
-0.089557
0.028133
0.107241
0.137050
0.115293
0.048105
-0.051740
-0.167846
-0.283715
-0.385841
-0.465646
-0.519845
-0.549338
-0.557120
-0.546008
-0.516953
-0.468502
-0.397562
-0.301220
-0.179007
-0.034861
0.121885
0.276890
0.412639
0.511394
0.558650
0.546377
0.475279
0.355517
0.205605
0.049559
-0.087205
-0.182439
-0.221129
-0.198187
-0.119163
0.001172
0.142012
0.280746
0.397273
0.477503
0.515405
0.513314
0.480667
0.431560
0.381747
0.345645
0.333826
0.351301
0.396761
0.462785
0.536993
0.603979
0.647864
0.655119
0.617286
0.533061
0.409273
0.260353
0.106168
-0.031550
-0.133537
-0.187166
-0.189370
-0.147477
-0.077541
-0.000454
0.063252
0.098549
0.099553
0.070642
0.024654
-0.021276
-0.051084
-0.054736
-0.031384
0.010207
0.054030
0.081324
0.075902
0.028885
-0.058405
-0.174111
-0.298092
-0.406222
-0.475713
-0.490285
-0.444039
-0.343210
-0.205387
-0.056301
0.075177
0.162851
0.188583
0.146119
0.042531
-0.103071
-0.263279
-0.407817
-0.509526
-0.549686
-0.521601
-0.431736
-0.298204
-0.146922
-0.006201
0.099118
0.152764
0.150272
0.099617
0.019042
-0.067448
-0.135901
-0.168167
-0.156178
-0.103731
-0.025387
0.057199
0.120545
0.144896
0.118764
0.041473
-0.076693
-0.216602
-0.354014
-0.464098
-0.525829
-0.525534
-0.459087
-0.332512
-0.161019
0.033322
0.224884
0.388296
0.502256
0.552809
0.535630
0.456901
0.332531
0.185670
0.042775
-0.071189
-0.137540
-0.147663
-0.104876
-0.023850
0.072429
0.157550
0.207343
0.205054
0.144860
0.032988
-0.113699
-0.271214
-0.413188
-0.515776
-0.561776
-0.543253
-0.462323
-0.330151
-0.164500
0.013605
0.183451
0.327813
0.435267
0.501330
0.528384
0.524487
0.501364
0.471913
0.447631
0.436370
0.440776
0.457734
0.478938
0.492573
0.485815
0.447694
0.371703
0.257573
0.111794
-0.053276
-0.221500
-0.375794
-0.501076
-0.586737
-0.628190
-0.627318
-0.591843
-0.533855
-0.467795
-0.408218
-0.367616
-0.354554
-0.372295
-0.418108
-0.483386
-0.554657
-0.615488
-0.649114
-0.641488
-0.584273
-0.477191
-0.329157
-0.157751
0.013128
0.157190
0.250611
0.276873
0.230491
0.118724
-0.039247
-0.215595
-0.378966
-0.500367
-0.558632
-0.544360
-0.461569
-0.326769
-0.165677
-0.008227
0.117145
0.188802
0.195778
0.139415
0.032499
-0.103906
-0.245196
-0.368476
-0.457149
-0.503877
-0.511292
-0.490402
-0.457158
-0.428036
-0.415708
-0.425806
-0.455515
-0.494320
-0.526735
-0.536370
-0.510400
-0.443330
-0.339089
-0.210828
-0.078342
0.036365
0.114310
0.144224
0.125422
0.068028
-0.009587
-0.085480
-0.139683
-0.159108
-0.140520
-0.090891
-0.025191
0.037626
0.079253
0.086066
0.051663
-0.022438
-0.127777
-0.251023
-0.376474
-0.488395
-0.572897
-0.619307
-0.621124
-0.576723
-0.489825
-0.369601
-0.230156
-0.089155
0.034500
0.123737
0.166586
0.158897
0.105722
0.020829
-0.075736
-0.161566
-0.216374
-0.225966
-0.184743
-0.096241
0.028258
0.172474
0.318415
0.449325
0.551744
0.616450
0.638515
0.616883
0.553940
0.455315
0.329927
0.189970
0.050445
-0.072100
-0.161676
-0.205536
-0.196815
-0.136395
-0.033347
0.096357
0.232720
0.355597
0.448662
0.502559
0.516469
0.497779
0.459955
0.419152
0.390352
0.383841
0.402784
0.442338
0.490485
0.530401
0.543924
0.515457
0.435559
0.303508
0.128284
-0.072293
-0.274178
-0.451048
-0.578838
-0.640068
-0.627115
-0.543837
-0.405210
-0.235006
-0.061879
0.085490
0.183311
0.216759
0.182410
0.088560
-0.046633
-0.198757
-0.341725
-0.452352
-0.514035
-0.518892
-0.468092
-0.370516
-0.240215
-0.093289
0.055088
0.192926
0.312573
0.410661
0.487047
0.543165
0.580305
0.598338
0.595243
0.567536
0.511496
0.424825
0.308265
0.166689
0.009297
-0.151267
-0.300735
-0.425646
-0.515833
-0.566404
-0.578737
-0.560229
-0.522807
-0.480482
-0.446421
-0.430110
-0.435203
-0.458514
-0.490416
-0.516648
-0.521238
-0.489975
-0.413748
-0.291000
-0.128759
0.058038
0.248814
0.420754
0.552636
0.628313
0.639188
0.585268
0.474703
0.322002
0.145353
-0.036397
-0.206536
-0.352553
-0.467154
-0.548127
-0.597226
-0.618420
-0.616034
-0.593251
-0.551351
-0.489834
-0.407327
-0.302983
-0.177949
-0.036489
0.113557
0.261129
0.393052
0.495721
0.557040
0.568315
0.525763
0.431416
0.293229
0.124361
-0.058310
-0.236207
-0.391324
-0.508386
-0.576587
-0.590666
-0.551192
-0.464042
-0.339209
-0.189136
-0.026933
0.135197
0.287001
0.420532
0.529852
0.610367
0.658160
0.669760
0.642564
0.575944
0.472702
0.340369
0.191713
0.043973
-0.083381
-0.172085
-0.209064
-0.189938
-0.121029
-0.019107
0.091368
0.183056
0.231582
0.221031
0.147759
0.021552
-0.136178
-0.296786
-0.430393
-0.512169
-0.527526
-0.475135
-0.367124
-0.226436
-0.081890
0.038007
0.111202
0.126828
0.087482
0.008499
-0.085641
-0.166955
-0.210356
-0.199321
-0.129556
-0.009873
0.139820
0.292872
0.421539
0.502665
0.522221
0.477821
0.378846
0.244260
0.098691
-0.032358
-0.127185
-0.171519
-0.160429
-0.098275
0.003122
0.127467
0.257320
0.376962
0.474227
0.541151
0.573647
0.570696
0.533596
0.465642
0.372300
0.261622
0.144433
0.033769
-0.056682
-0.115045
-0.134083
-0.113542
-0.061143
0.008391
0.076317
0.124272
0.138985
0.115960
0.061035
-0.010767
-0.078867
-0.122351
-0.125393
-0.081456
0.004811
0.118459
0.237630
0.338592
0.401179
0.413341
0.373776
0.292056
0.186241
0.078567
-0.009783
-0.063546
-0.076699
-0.053403
-0.006337
0.047112
0.089749
0.109207
0.101014
0.069255
0.024704
-0.018943
-0.049521
-0.060140
-0.051081
-0.029304
-0.005807
0.008272
0.005545
-0.014965
-0.047199
-0.079607
-0.098368
-0.091312
-0.051420
0.021002
0.118002
0.225476
0.326034
0.402449
0.440903
0.433327
0.378442
0.281438
0.152510
0.004739
-0.148171
-0.293763
-0.421976
-0.525492
-0.599399
-0.640561
-0.647070
-0.618117
-0.554414
-0.459021
-0.338230
-0.202047
-0.063872
0.060820
0.156666
0.211034
0.216442
0.172100
0.084139
-0.035576
-0.171743
-0.308403
-0.431478
-0.530445
-0.598859
-0.633847
-0.635003
-0.603306
-0.540569
-0.449649
-0.335303
-0.205203
-0.070514
0.054500
0.154059
0.213452
0.222043
0.175912
0.079385
-0.055034
-0.208392
-0.358293
-0.482531
-0.562561
-0.586150
-0.548815
-0.453953
-0.311862
-0.138000
0.049140
0.230198
0.386943
0.503977
0.570095
0.579288
0.531333
0.431889
0.291987
0.126834
-0.046048
-0.209187
-0.347672
-0.451363
-0.516341
-0.545234
-0.546296
-0.531351
-0.513017
-0.501729
-0.503234
-0.517110
-0.536724
-0.550740
-0.545934
-0.510763
-0.438867
-0.331612
-0.198938
-0.058134
0.069322
0.162196
0.204154
0.187456
0.114738
-0.001584
-0.142107
-0.284687
-0.409019
-0.500438
-0.552128
-0.565364
-0.548005
-0.511807
-0.469366
-0.431470
-0.405398
-0.394405
-0.398272
-0.414530
-0.439870
-0.471233
-0.506279
-0.543137
-0.579620
-0.612290
-0.635847
-0.643236
-0.626692
-0.579609
-0.498819
-0.386630
-0.251906
-0.109611
0.021357
0.121781
0.176419
0.177900
0.129144
0.043522
-0.057473
-0.148585
-0.206175
-0.213343
-0.163536
-0.061858
0.076130
0.227699
0.367450
0.471989
0.523827
0.513856
0.442170
0.317312
0.154347
-0.027720
-0.208656
-0.369419
-0.494013
-0.570715
-0.592732
-0.558410
-0.471123
-0.338895
-0.173770
0.009081
0.192531
0.358890
0.491471
0.576206
0.603219
0.568166
0.473178
0.327189
0.145435
-0.051964
-0.242307
-0.403284
-0.516196
-0.568924
-0.558067
-0.489754
-0.378834
-0.246389
-0.115918
-0.008859
0.059606
0.083481
0.066838
0.022353
-0.032223
-0.078772
-0.103470
-0.100129
-0.071324
-0.027032
0.018755
0.052393
0.064640
0.053231
0.023338
-0.014083
-0.045434
-0.058091
-0.043463
0.001274
0.073040
0.164086
0.264034
0.362023
0.448373
0.515483
0.557953
0.572202
0.555968
0.508043
0.428423
0.318869
0.183637
0.030072
-0.131295
-0.287319
-0.423515
-0.525853
-0.582734
-0.586778
-0.536087
-0.434738
-0.292406
-0.123174
0.056302
0.228978
0.379625
0.496697
0.573595
0.609173
0.607465
0.576740
0.528083
0.473714
0.425277
0.392272
0.380816
0.392855
0.425920
0.473484
0.525877
0.571670
0.599347
0.599030
0.563993
0.491710
0.384262
0.248006
0.092576
-0.070566
-0.229728
-0.374366
-0.495981
-0.588426
-0.647724
-0.671662
-0.659479
-0.611913
-0.531652
-0.424037
-0.297629
-0.164216
-0.037920
0.066694
0.137216
0.166112
0.152776
0.104182
0.033734
-0.041567
-0.104993
-0.143949
-0.152724
-0.133329
-0.094204
-0.047242
-0.004112
0.026958
0.042958
0.045979
0.041430
0.035371
0.031986
0.032140
0.033470
0.031882
0.023802
0.008235
-0.012195
-0.031704
-0.043171
-0.040721
-0.022147
0.009688
0.046987
0.078707
0.093302
0.081708
0.039706
-0.030956
-0.122943
-0.224981
-0.324290
-0.409135
-0.470934
-0.505541
-0.513580
-0.499923
-0.472535
-0.440970
-0.414776
-0.401986
-0.407854
-0.433914
-0.477455
-0.531501
-0.585382
-0.625954
-0.639421
-0.613611
-0.540401
-0.417855
-0.251598
-0.055004
0.152060
0.345896
0.502685
0.602617
0.633633
0.593990
0.493027
0.349839
0.189993
0.040811
-0.073870
-0.138376
-0.148239
-0.110829
-0.043303
0.031723
0.091782
0.120068
0.109420
0.063790
-0.003165
-0.071922
-0.122262
-0.138373
-0.112534
-0.046524
0.049449
0.159822
0.267782
0.359272
0.425884
0.466029
0.484230
0.488904
0.489284
0.492368
0.500659
0.511304
0.516819
0.507233
0.473086
0.408514
0.313584
0.195245
0.066592
-0.055388
-0.153024
-0.211270
-0.220291
-0.176724
-0.083468
0.051714
0.218157
0.404141
0.598116
