-0.008639
-0.001819
0.005045
0.011766
0.017149
0.018868
0.013744
-0.001628
-0.030043
-0.072857
-0.129386
-0.196717
-0.269983
-0.343081
-0.409655
-0.464137
-0.502623
-0.523423
-0.527218
-0.516842
-0.496792
-0.472553
-0.449849
-0.433880
-0.428583
-0.435967
-0.455585
-0.484242
-0.516061
-0.543014
-0.555954
-0.546073
-0.506586
-0.434307
-0.330729
-0.202296
-0.059650
0.084071
0.215578
0.323928
0.402576
0.450487
0.472032
0.475659
0.471642
0.469415
0.475108
0.489881
0.509482
0.525194
0.526031
0.501722
0.445811
0.358082
0.245624
0.122114
0.005327
-0.086671
-0.139767
-0.147397
-0.112534
-0.047422
0.028953
0.095095
0.131857
0.126710
0.076323
-0.013126
-0.127899
-0.250283
-0.362802
-0.451989
-0.510829
-0.539408
-0.543800
-0.533621
-0.518973
-0.507571
-0.502749
-0.502753
-0.501446
-0.490151
-0.460135
-0.405081
-0.322906
-0.216481
-0.093077
0.037256
0.163920
0.277940
0.373488
0.448339
0.503198
0.540186
0.561007
0.565453
0.550771
0.512173
0.444431
0.344145
0.212044
0.054612
-0.115537
-0.280829
-0.421334
-0.518342
-0.558160
-0.535275
-0.454110
-0.328884
-0.181424
-0.037267
0.079242
0.149833
0.166098
0.131235
0.059293
-0.028011
-0.106161
-0.153272
-0.154739
-0.106065
-0.013250
0.109196
0.241973
0.365433
0.463654
0.527229
0.554327
0.549976
0.524010
0.488288
0.453925
0.429111
0.417899
0.420072
0.431961
0.447909
0.461992
0.469616
0.468645
0.459872
0.446745
0.434426
0.428376
0.432753
0.448985
0.474831
0.504241
0.528112
0.535927
0.517997
0.467889
0.384465
0.273005
0.145029
0.016686
-0.094019
-0.170615
-0.201373
-0.181590
-0.114386
-0.009857
0.117142
0.249964
0.373140
0.474627
0.546938
0.587072
0.595556
0.575058
0.529108
0.461284
0.374977
0.273625
0.161123
0.042107
-0.078107
-0.193925
-0.300092
-0.392270
-0.467350
-0.523415
-0.559391
-0.574582
-0.568320
-0.539908
-0.488920
-0.415741
-0.322155
-0.211701
-0.089620
0.037651
0.163308
0.281048
0.385683
0.473277
0.540811
0.585557
0.604558
0.594574
0.552734
0.477858
0.372106
0.242392
0.100932
-0.035523
-0.147905
-0.218183
-0.233155
-0.187752
-0.086981
0.054104
0.212563
0.361516
0.475088
0.533361
0.526276
0.455667
0.334967
0.186591
0.037482
-0.086306
-0.164869
-0.188425
-0.159108
-0.090165
-0.002747
0.078933
0.132890
0.143847
0.105900
0.022905
-0.093297
-0.226105
-0.357881
-0.473199
-0.560926
-0.614908
-0.633428
-0.617958
-0.571780
-0.498968
-0.403942
-0.291549
-0.167372
-0.037941
0.089440
0.207322
0.309070
0.389878
0.447518
0.482601
0.498257
0.499335
0.491322
0.479279
0.467021
0.456738
0.449074
0.443609
0.439543
0.436380
0.434374
0.434606
0.438632
0.447789
0.462322
0.480606
0.498695
0.510414
0.508070
0.483722
0.430793
0.345691
0.229095
0.086599
-0.071471
-0.231059
-0.376038
-0.490285
-0.559834
-0.574843
-0.531124
-0.431035
-0.283627
-0.103957
0.088409
0.271577
0.423987
0.527254
0.568809
0.543989
0.457186
0.321778
0.158676
-0.006468
-0.147071
-0.239907
-0.269105
-0.229093
-0.125846
0.023876
0.195227
0.359469
0.488882
0.561526
0.565008
0.498605
0.373398
0.210395
0.036959
-0.117851
-0.228221
-0.275941
-0.253405
-0.164716
-0.024767
0.143477
0.312880
0.456497
0.551614
0.582898
0.544281
0.439446
0.280992
0.088493
-0.114262
-0.302471
-0.453580
-0.550233
-0.582547
-0.549437
-0.458788
-0.326370
-0.173565
-0.024163
0.099314
0.179148
0.205123
0.175841
0.098350
-0.013808
-0.143666
-0.274231
-0.391426
-0.485880
-0.553274
-0.593344
-0.608045
-0.599551
-0.568809
-0.515086
-0.436653
-0.332330
-0.203387
-0.055121
0.102441
0.255074
0.386120
0.479210
0.521380
0.505931
0.434392
0.317070
0.171946
0.022008
-0.108553
-0.198559
-0.233613
-0.208606
-0.128420
-0.006683
0.137110
0.281451
0.406793
0.498818
0.550422
0.562161
0.541256
0.499549
0.450893
0.408506
0.382697
0.379257
0.398655
0.436082
0.482311
0.525279
0.552196
0.551952
0.517434
0.447335
0.347002
0.227993
0.106221
-0.001096
-0.079099
-0.118723
-0.118986
-0.087380
-0.038106
0.011551
0.045806
0.054670
0.036688
-0.000733
-0.043619
-0.075748
-0.083766
-0.061615
-0.012936
0.049275
0.105747
0.135915
0.123480
0.061067
-0.047213
-0.185951
-0.331310
-0.455901
-0.534568
-0.549822
-0.495791
-0.379866
-0.221680
-0.049596
0.104637
0.212020
0.252004
0.216578
0.111921
-0.042756
-0.218921
-0.384262
-0.508903
-0.571097
-0.561245
-0.483490
-0.354578
-0.200217
-0.049663
0.070384
0.141284
0.156177
0.121036
0.052773
-0.025212
-0.088983
-0.120075
-0.110057
-0.062519
0.007983
0.079710
0.129234
0.137253
0.093329
-0.001529
-0.134876
-0.285273
-0.426489
-0.532476
-0.582137
-0.563045
-0.473545
-0.323023
-0.130386
0.078915
0.276830
0.437001
0.538780
0.570397
0.530801
0.429881
0.286938
0.127550
-0.020773
-0.133478
-0.193527
-0.194695
-0.142852
-0.054820
0.045063
0.130020
0.176464
0.168953
0.103395
-0.012182
-0.159360
-0.313096
-0.446637
-0.536526
-0.566727
-0.531144
-0.434199
-0.289484
-0.116880
0.061243
0.223983
0.355284
0.446152
0.495382
0.508790
0.497207
0.473737
0.450833
0.437753
0.438841
0.452886
0.473622
0.491223
0.494486
0.473258
0.420653
0.334605
0.218465
0.080531
-0.067381
-0.211977
-0.340708
-0.443710
-0.515102
-0.553499
-0.561753
-0.546105
-0.515008
-0.477835
-0.443652
-0.420131
-0.412633
-0.423463
-0.451357
-0.491300
-0.534815
-0.570871
-0.587449
-0.573679
-0.522236
-0.431538
-0.307182
-0.162106
-0.015199
0.111615
0.197348
0.226217
0.191239
0.096296
-0.043899
-0.206043
-0.362287
-0.485282
-0.553247
-0.554052
-0.487530
-0.365564
-0.209909
-0.048136
0.091524
0.185438
0.218855
0.188329
0.101800
-0.023663
-0.165877
-0.302380
-0.414968
-0.492914
-0.534231
-0.544812
-0.535801
-0.519949
-0.507900
-0.505311
-0.511491
-0.519844
-0.519969
-0.500874
-0.454478
-0.378484
-0.277824
-0.164212
-0.053806
0.036523
0.093364
0.110294
0.089717
0.042439
-0.015021
-0.064680
-0.091783
-0.088612
-0.056400
-0.004859
0.050463
0.092184
0.105313
0.080598
0.016254
-0.082146
-0.203280
-0.332551
-0.454677
-0.555841
-0.625130
-0.655296
-0.643069
-0.589267
-0.498834
-0.380753
-0.247617
-0.114584
0.002403
0.089050
0.135371
0.137955
0.101145
0.036658
-0.038455
-0.105114
-0.146024
-0.149036
-0.109277
-0.029597
0.080615
0.207748
0.336708
0.453352
0.546125
0.606790
0.630425
0.615113
0.561699
0.473848
0.358341
0.225324
0.088088
-0.037944
-0.137106
-0.196011
-0.206152
-0.165880
-0.081167
0.035205
0.165917
0.292403
0.398394
0.472899
0.511972
0.518893
0.502800
0.476126
0.451450
0.438440
0.441524
0.458764
0.482124
0.499114
0.495467
0.458361
0.379538
0.257701
0.099672
-0.080000
-0.260962
-0.420243
-0.536134
-0.592095
-0.579945
-0.501753
-0.370015
-0.206007
-0.036515
0.110555
0.210927
0.248195
0.216704
0.122506
-0.017840
-0.180360
-0.337999
-0.465321
-0.542669
-0.559029
-0.513184
-0.413050
-0.273475
-0.113027
0.049553
0.198478
0.323048
0.418402
0.484869
0.526217
0.547369
0.552238
0.542295
0.516235
0.470784
0.402370
0.309127
0.192596
0.058567
-0.083244
-0.220664
-0.341343
-0.435252
-0.496768
-0.525798
-0.527669
-0.511808
-0.489516
-0.471340
-0.464632
-0.471802
-0.489639
-0.509859
-0.520781
-0.509816
-0.466304
-0.384102
-0.263418
-0.111468
0.058196
0.227613
0.377222
0.489014
0.549450
0.551585
0.496033
0.390649
0.249002
0.087968
-0.075094
-0.225044
-0.351008
-0.447388
-0.513669
-0.553130
-0.570859
-0.571615
-0.558129
-0.530306
-0.485515
-0.419874
-0.330140
-0.215659
-0.079853
0.069202
0.219258
0.355364
0.462027
0.525641
0.536757
0.491786
0.393859
0.252697
0.083489
-0.095060
-0.263201
-0.402748
-0.499404
-0.544443
-0.535518
-0.476489
-0.376355
-0.247498
-0.103574
0.042552
0.180408
0.302751
0.405495
0.486858
0.546057
0.582060
0.592893
0.575824
0.528483
0.450609
0.345843
0.222873
0.095297
-0.020072
-0.106320
-0.150296
-0.146248
-0.098144
-0.019834
0.067232
0.138382
0.171232
0.150979
0.074185
-0.049932
-0.201050
-0.351833
-0.473636
-0.542591
-0.544730
-0.479065
-0.357940
-0.204573
-0.048259
0.081785
0.162646
0.182641
0.143835
0.061523
-0.039253
-0.129377
-0.182241
-0.179702
-0.116089
0.000608
0.150546
0.306327
0.438764
0.522853
0.542689
0.494408
0.386668
0.238695
0.076393
-0.072622
-0.184049
-0.240986
-0.236318
-0.173049
-0.062717
0.077551
0.228507
0.371957
0.492991
0.581071
0.630100
0.637889
0.605522
0.536957
0.438959
0.321147
0.195786
0.076901
-0.021461
-0.087685
-0.115213
-0.104564
-0.063959
-0.008051
0.045211
0.078938
0.081780
0.051249
-0.005147
-0.071413
-0.126948
-0.151823
-0.132103
-0.063782
0.045685
0.178663
0.311095
0.417823
0.478177
0.480551
0.424911
0.322699
0.194167
0.063753
-0.045413
-0.116576
-0.142777
-0.127772
-0.084265
-0.029923
0.017685
0.045835
0.049717
0.032995
0.005764
-0.019385
-0.031897
-0.026914
-0.006887
0.019350
0.039741
0.043337
0.024408
-0.015021
-0.065008
-0.110013
-0.132997
-0.120137
-0.064816
0.030169
0.152722
0.283781
0.401204
0.484232
0.517484
0.493639
0.414339
0.289282
0.133856
-0.034042
-0.197246
-0.341909
-0.458949
-0.544180
-0.597315
-0.620333
-0.615813
-0.585839
-0.531795
-0.455070
-0.358328
-0.246791
-0.128934
-0.016174
0.078535
0.142912
0.167773
0.148990
0.088405
-0.006524
-0.124221
-0.251166
-0.374099
-0.481707
-0.565469
-0.619678
-0.640945
-0.627647
-0.579717
-0.498968
-0.389845
-0.260221
-0.121736
0.010740
0.120715
0.192581
0.214520
0.181122
0.095039
-0.032782
-0.184418
-0.337594
-0.469101
-0.558351
-0.590435
-0.558237
-0.463318
-0.315553
-0.131656
0.067147
0.257924
0.418963
0.532439
0.586505
0.576576
0.505680
0.383839
0.226566
0.052637
-0.118577
-0.269872
-0.388631
-0.468487
-0.509906
-0.519530
-0.508396
-0.489331
-0.474060
-0.470590
-0.481431
-0.503034
-0.526600
-0.540146
-0.531430
-0.491129
-0.415580
-0.308407
-0.180593
-0.048847
0.067441
0.150039
0.185615
0.168479
0.101685
-0.003798
-0.131556
-0.263201
-0.381955
-0.475507
-0.537569
-0.567964
-0.571437
-0.555678
-0.529174
-0.499424
-0.471886
-0.449747
-0.434379
-0.426151
-0.425214
-0.431921
-0.446714
-0.469502
-0.498758
-0.530723
-0.559094
-0.575505
-0.570898
-0.537588
-0.471577
-0.374487
-0.254466
-0.125598
-0.005686
0.087248
0.139024
0.142907
0.101773
0.028151
-0.058015
-0.133458
-0.176583
-0.172194
-0.114830
-0.009984
0.126998
0.273976
0.406252
0.501065
0.541441
0.518776
0.433830
0.296146
0.122171
-0.067447
-0.250874
-0.407901
-0.522194
-0.582771
-0.584684
-0.529007
-0.422286
-0.275626
-0.103536
0.077364
0.249725
0.396874
0.504205
0.560515
0.559206
0.499245
0.385737
0.229911
0.048340
-0.138656
-0.309396
-0.443730
-0.526033
-0.547786
-0.509214
-0.419559
-0.295773
-0.159688
-0.034090
0.061601
0.115108
0.123638
0.094116
0.041153
-0.016846
-0.062478
-0.083769
-0.077052
-0.047445
-0.006850
0.029961
0.049970
0.045894
0.018369
-0.024235
-0.068214
-0.098334
-0.101864
-0.071690
-0.007729
0.083563
0.191191
0.302370
0.405133
0.490136
0.551317
0.585539
0.591592
0.569143
0.518089
0.438592
0.331770
0.200750
0.051641
-0.106013
-0.259594
-0.394654
-0.496846
-0.554148
-0.558941
-0.509471
-0.410404
-0.272322
-0.110240
0.058616
0.217358
0.351853
0.452571
0.515539
0.542301
0.538970
0.514667
0.479705
0.443894
0.415214
0.398993
0.397578
0.410409
0.434374
0.464331
0.493745
0.515423
0.522330
0.508467
0.469717
0.404526
0.314261
0.203127
0.077599
-0.054503
-0.185091
-0.306755
-0.413341
-0.500087
-0.563382
-0.600414
-0.608984
-0.587722
-0.536734
-0.458516
-0.358748
-0.246535
-0.133746
-0.033353
0.042974
0.087432
0.098070
0.079473
0.041797
-0.001754
-0.038334
-0.058774
-0.059787
-0.044364
-0.020239
0.003048
0.017501
0.019286
0.009742
-0.005507
-0.018993
-0.024444
-0.019290
-0.005709
0.010193
0.020772
0.019916
0.005682
-0.018532
-0.044757
-0.062963
-0.064507
-0.045358
-0.008008
0.038578
0.081006
0.104862
0.098474
0.055955
-0.021306
-0.124997
-0.241862
-0.356658
-0.455280
-0.527322
-0.567604
-0.576504
-0.559252
-0.524499
-0.482554
-0.443624
-0.416287
-0.406322
-0.415925
-0.443326
-0.482827
-0.525301
-0.559211
-0.572149
-0.552799
-0.493100
-0.390239
-0.248042
-0.077347
0.104908
0.277902
0.420182
0.513401
0.545817
0.514820
0.427869
0.301510
0.158538
0.023739
-0.080952
-0.140865
-0.151536
-0.119402
-0.059959
0.006258
0.058928
0.083096
0.072887
0.032778
-0.023861
-0.078540
-0.112629
-0.112191
-0.071359
0.006548
0.110328
0.224085
0.331318
0.418768
0.479057
0.511563
0.521478
0.517464
0.508631
0.501684
0.498970
0.497903
0.491871
0.472348
0.431641
0.365546
0.275171
0.167467
0.054256
-0.049950
-0.130807
-0.176885
-0.181614
-0.143983
-0.067959
0.039035
0.167981
0.309832
0.456370
