-0.010096
-0.002759
0.004593
0.011742
0.017461
0.019383
0.014287
-0.001272
-0.030117
-0.073611
-0.131053
-0.199480
-0.273953
-0.348275
-0.415993
-0.471447
-0.510663
-0.531908
-0.535854
-0.525362
-0.504983
-0.480281
-0.457069
-0.440642
-0.435021
-0.442279
-0.462001
-0.490983
-0.523291
-0.550793
-0.564199
-0.554541
-0.514881
-0.441917
-0.337098
-0.206905
-0.062110
0.083948
0.217739
0.328085
0.408260
0.457138
0.479110
0.482745
0.478505
0.476031
0.481618
0.496512
0.516431
0.532522
0.533584
0.509111
0.452452
0.363298
0.248787
0.122802
0.003449
-0.090809
-0.145476
-0.153714
-0.118395
-0.051878
0.026538
0.094897
0.133552
0.129529
0.079214
-0.011287
-0.128075
-0.253093
-0.368419
-0.460132
-0.520850
-0.550450
-0.554976
-0.544183
-0.528431
-0.515740
-0.509722
-0.508814
-0.506947
-0.495380
-0.465219
-0.409931
-0.327227
-0.219830
-0.094967
0.037245
0.166043
0.282230
0.379743
0.456164
0.512077
0.549565
0.570370
0.574357
0.558846
0.519084
0.449825
0.347608
0.213101
0.052784
-0.120608
-0.289207
-0.432612
-0.531509
-0.571567
-0.546733
-0.461142
-0.329086
-0.172883
-0.018941
0.107270
0.186301
0.208717
0.177050
0.105150
0.015032
-0.068083
-0.121341
-0.129098
-0.085911
0.002944
0.123393
0.256279
0.381820
0.483710
0.551946
0.583904
0.583672
0.560055
0.523928
0.485623
0.452938
0.430085
0.417646
0.413348
0.413352
0.413666
0.411367
0.405388
0.396748
0.388223
0.383553
0.386359
0.398972
0.421427
0.450862
0.481498
0.505315
0.513385
0.497672
0.452968
0.378525
0.278965
0.164135
0.047824
-0.054478
-0.128316
-0.162904
-0.153038
-0.099873
-0.010426
0.103970
0.229821
0.353671
0.463851
0.551493
0.610788
0.638673
0.634285
0.598451
0.533422
0.442827
0.331723
0.206503
0.074526
-0.056597
-0.179916
-0.289985
-0.383378
-0.458674
-0.515903
-0.555653
-0.578150
-0.582656
-0.567429
-0.530279
-0.469566
-0.385272
-0.279780
-0.158038
-0.027019
0.105364
0.231530
0.345255
0.442102
0.519159
0.574267
0.605147
0.608934
0.582469
0.523441
0.432117
0.313086
0.176327
0.037012
-0.086215
-0.174321
-0.211694
-0.189799
-0.109734
0.017027
0.170035
0.323216
0.449573
0.526291
0.539210
0.485723
0.375448
0.228449
0.071276
-0.068412
-0.167533
-0.212327
-0.201059
-0.144041
-0.060964
0.023780
0.086610
0.109735
0.084463
0.012178
-0.096972
-0.227096
-0.360303
-0.480169
-0.574151
-0.634627
-0.658669
-0.646996
-0.602679
-0.530084
-0.434290
-0.320962
-0.196435
-0.067709
0.057882
0.173368
0.273063
0.353412
0.413484
0.454902
0.481204
0.496797
0.505803
0.511108
0.513888
0.513711
0.509179
0.498871
0.482310
0.460630
0.436739
0.414882
0.399694
0.394969
0.402425
0.420799
0.445504
0.469002
0.481861
0.474358
0.438326
0.368913
0.265903
0.134335
-0.015724
-0.170211
-0.312761
-0.426815
-0.497849
-0.515453
-0.474993
-0.378638
-0.235567
-0.061255
0.124152
0.298233
0.439175
0.528771
0.555117
0.514601
0.412862
0.264459
0.091218
-0.080667
-0.224419
-0.316819
-0.342032
-0.294427
-0.179832
-0.014924
0.175208
0.360965
0.512962
0.606815
0.627188
0.570448
0.445452
0.272298
0.079184
-0.102185
-0.241862
-0.316724
-0.314383
-0.235264
-0.092443
0.090633
0.284091
0.456479
0.579674
0.633107
0.606692
0.502144
0.332539
0.120246
-0.106449
-0.317543
-0.485701
-0.590204
-0.619867
-0.574500
-0.464718
-0.310123
-0.136137
0.030035
0.163642
0.246134
0.267732
0.228374
0.136865
0.008498
-0.138298
-0.285481
-0.418290
-0.526915
-0.606698
-0.657051
-0.679589
-0.676185
-0.647586
-0.593035
-0.510968
-0.400560
-0.263561
-0.105826
0.062030
0.225181
0.366351
0.468528
0.518082
0.507670
0.438272
0.319846
0.170340
0.013121
-0.126797
-0.226989
-0.271505
-0.253548
-0.176409
-0.052469
0.099460
0.257828
0.402245
0.516793
0.592170
0.626385
0.624100
0.594912
0.551055
0.504973
0.467167
0.444578
0.439661
0.450212
0.469938
0.489692
0.499244
0.489365
0.453896
0.391405
0.306009
0.207037
0.107412
0.020972
-0.040750
-0.071460
-0.071933
-0.050051
-0.018880
0.006878
0.015125
0.000110
-0.035515
-0.081078
-0.120780
-0.138393
-0.122481
-0.070586
0.008892
0.097831
0.172338
0.208575
0.188945
0.107036
-0.029951
-0.201914
-0.379539
-0.530118
-0.624228
-0.641838
-0.576613
-0.437564
-0.247705
-0.039971
0.148840
0.284955
0.343998
0.315610
0.205394
0.033806
-0.167780
-0.363038
-0.517526
-0.605052
-0.612374
-0.541348
-0.408132
-0.239619
-0.067768
0.077021
0.172131
0.207186
0.185726
0.123649
0.044765
-0.025495
-0.066642
-0.068301
-0.032707
0.026104
0.086114
0.123142
0.117129
0.057356
-0.054624
-0.204896
-0.369816
-0.520626
-0.628999
-0.672385
-0.638175
-0.526031
-0.348080
-0.127022
0.107456
0.323371
0.491469
0.589811
0.607213
0.545007
0.416823
0.246379
0.063547
-0.100734
-0.219885
-0.276501
-0.265605
-0.195606
-0.086655
0.033381
0.134573
0.191047
0.186263
0.116354
-0.009184
-0.169489
-0.336535
-0.480569
-0.575665
-0.604316
-0.560264
-0.449148
-0.286954
-0.096675
0.096129
0.267984
0.401468
0.487749
0.527270
0.528553
0.505488
0.473771
0.447298
0.435271
0.440565
0.459607
0.483666
0.501164
0.500455
0.472442
0.412509
0.321395
0.204935
0.072787
-0.063500
-0.192599
-0.305245
-0.395431
-0.460811
-0.502351
-0.523454
-0.528886
-0.523787
-0.512978
-0.500598
-0.490006
-0.483746
-0.483427
-0.489416
-0.500397
-0.512975
-0.521613
-0.519144
-0.497964
-0.451812
-0.377781
-0.278034
-0.160662
-0.039260
0.068923
0.146023
0.177204
0.154101
0.077237
-0.043211
-0.188577
-0.334647
-0.455861
-0.529991
-0.542405
-0.489071
-0.377679
-0.226554
-0.061474
0.089052
0.199115
0.250258
0.234767
0.156710
0.030502
-0.122587
-0.279126
-0.418282
-0.525553
-0.594706
-0.627632
-0.632349
-0.619815
-0.600453
-0.581268
-0.564250
-0.546399
-0.521283
-0.481637
-0.422286
-0.342524
-0.247266
-0.146561
-0.053510
0.018924
0.061359
0.070713
0.051361
0.014278
-0.025704
-0.053820
-0.059410
-0.038919
0.003002
0.054607
0.100043
0.123350
0.112363
0.061487
-0.027275
-0.145113
-0.278565
-0.412292
-0.531681
-0.624728
-0.683000
-0.701829
-0.680090
-0.619922
-0.526598
-0.408486
-0.276870
-0.145267
-0.028028
0.061764
0.114741
0.127434
0.103510
0.053549
-0.006778
-0.059788
-0.089388
-0.084300
-0.040115
0.040260
0.147738
0.269288
0.390597
0.498425
0.582186
0.634609
0.651657
0.632109
0.577193
0.490517
0.378291
0.249557
0.116098
-0.008343
-0.109610
-0.175266
-0.196854
-0.171681
-0.103608
-0.002531
0.117374
0.240280
0.351590
0.440431
0.501224
0.534035
0.543738
0.538239
0.526208
0.514831
0.508023
0.505465
0.502621
0.491729
0.463574
0.409715
0.324739
0.208113
0.065237
-0.092576
-0.249283
-0.386335
-0.485644
-0.532796
-0.519948
-0.447847
-0.326509
-0.174285
-0.015343
0.124126
0.220338
0.256162
0.224338
0.128955
-0.015126
-0.184833
-0.352900
-0.492541
-0.581896
-0.607436
-0.565764
-0.463565
-0.315786
-0.142475
0.035082
0.198120
0.333276
0.434028
0.500463
0.537548
0.552471
0.551821
0.539416
0.515352
0.476489
0.418162
0.336536
0.230835
0.104728
-0.033588
-0.172672
-0.300136
-0.405313
-0.481541
-0.527462
-0.547003
-0.548088
-0.540437
-0.533037
-0.531884
-0.538501
-0.549551
-0.557571
-0.552656
-0.524722
-0.465888
-0.372516
-0.246515
-0.095653
0.067186
0.225710
0.362591
0.462113
0.512640
0.508471
0.450766
0.347346
0.211397
0.059255
-0.092315
-0.228852
-0.340362
-0.422455
-0.476183
-0.506632
-0.520635
-0.524232
-0.520574
-0.508855
-0.484577
-0.441091
-0.371966
-0.273566
-0.147110
0.000312
0.156064
0.303550
0.424751
0.503187
0.526769
0.490011
0.395241
0.252595
0.078777
-0.105229
-0.277121
-0.416443
-0.507423
-0.541027
-0.515906
-0.438115
-0.319672
-0.176245
-0.024395
0.121094
0.249277
0.354077
0.434106
0.491385
0.529364
0.550869
0.556631
0.544891
0.512275
0.455689
0.374660
0.273274
0.160948
0.051519
-0.039334
-0.097804
-0.115811
-0.093857
-0.041918
0.022099
0.076110
0.098978
0.075749
0.001669
-0.116042
-0.259158
-0.401976
-0.516650
-0.579172
-0.574676
-0.500926
-0.369187
-0.202231
-0.029821
0.117439
0.214596
0.247750
0.217113
0.136959
0.032406
-0.066271
-0.130480
-0.139734
-0.086186
0.023709
0.170678
0.326828
0.461549
0.547807
0.567521
0.515002
0.397855
0.235318
0.054448
-0.114985
-0.245883
-0.318384
-0.322788
-0.260368
-0.142107
0.014133
0.187202
0.356159
0.502980
0.614168
0.681305
0.700866
0.673730
0.604682
0.502044
0.377278
0.244296
0.118179
0.013227
-0.059470
-0.094414
-0.093315
-0.065259
-0.025059
0.010097
0.024992
0.010623
-0.032883
-0.095622
-0.159896
-0.204464
-0.210016
-0.164484
-0.066752
0.072206
0.231118
0.382736
0.499631
0.560143
0.553078
0.480126
0.355436
0.202473
0.048845
-0.079710
-0.164771
-0.198840
-0.186203
-0.140864
-0.082122
-0.029008
0.004864
0.014566
0.004341
-0.014771
-0.029372
-0.028741
-0.008844
0.026021
0.064472
0.091822
0.095178
0.068226
0.014154
-0.054267
-0.117530
-0.154399
-0.147643
-0.088913
0.018545
0.160020
0.312211
0.448059
0.542331
0.576644
0.542855
0.444194
0.294042
0.112782
-0.076471
-0.252271
-0.398392
-0.505830
-0.572930
-0.603827
-0.605796
-0.586378
-0.551133
-0.502659
-0.441036
-0.365429
-0.276189
-0.176654
-0.073973
0.021390
0.097360
0.142670
0.149269
0.114069
0.039575
-0.066644
-0.193376
-0.327590
-0.456172
-0.567213
-0.650751
-0.699102
-0.707044
-0.672111
-0.595106
-0.480749
-0.338168
-0.180861
-0.025825
0.108279
0.203729
0.246678
0.229827
0.154199
0.029602
-0.126395
-0.290839
-0.438704
-0.546607
-0.596320
-0.577539
-0.489515
-0.341291
-0.150499
0.059119
0.261108
0.430110
0.545477
0.594125
0.572182
0.485206
0.346968
0.177037
-0.002444
-0.170263
-0.309372
-0.409306
-0.467392
-0.488492
-0.483363
-0.465921
-0.449989
-0.446183
-0.459595
-0.488752
-0.526046
-0.559553
-0.575821
-0.563050
-0.514001
-0.428002
-0.311645
-0.177977
-0.044351
0.070667
0.150689
0.184481
0.167887
0.104325
0.003780
-0.119385
-0.249233
-0.371018
-0.473317
-0.549195
-0.596331
-0.616285
-0.613279
-0.592858
-0.560800
-0.522436
-0.482431
-0.444884
-0.413535
-0.391831
-0.382707
-0.388031
-0.407830
-0.439571
-0.477776
-0.514256
-0.539125
-0.542508
-0.516700
-0.458290
-0.369699
-0.259621
-0.142036
-0.033828
0.048631
0.093179
0.094960
0.058074
-0.004746
-0.074499
-0.129846
-0.151732
-0.127627
-0.054406
0.060745
0.201569
0.345747
0.468996
0.549388
0.571083
0.526868
0.419168
0.259482
0.066455
-0.137004
-0.327034
-0.482026
-0.585249
-0.626583
-0.603243
-0.519540
-0.385879
-0.217238
-0.031375
0.153006
0.317975
0.447868
0.530504
0.558122
0.528034
0.442995
0.311223
0.145973
-0.035451
-0.213305
-0.367592
-0.480619
-0.539588
-0.538765
-0.480752
-0.376491
-0.243790
-0.104458
0.019540
0.110205
0.157004
0.158885
0.124196
0.068396
0.010008
-0.034197
-0.053507
-0.045881
-0.018084
0.016719
0.043226
0.048870
0.027859
-0.016809
-0.073921
-0.126990
-0.158653
-0.155207
-0.109996
-0.024807
0.090952
0.222819
0.354686
0.472017
0.564059
0.624653
0.651731
0.645981
0.609339
0.543896
0.451595
0.334737
0.197016
0.044600
-0.113240
-0.264322
-0.394685
-0.490485
-0.540265
-0.537104
-0.480142
-0.375126
-0.233800
-0.072220
0.091729
0.241146
0.362703
0.448505
0.496850
0.511794
0.501674
0.476999
0.448230
0.423920
0.409573
0.407311
0.416256
0.433351
0.454314
0.474458
0.489252
0.494618
0.487082
0.463892
0.423206
0.364342
0.288009
0.196385
0.092980
-0.017743
-0.130853
-0.241402
-0.344671
-0.436172
-0.511497
-0.566189
-0.595884
-0.596861
-0.566984
-0.506825
-0.420588
-0.316399
-0.205640
-0.101255
-0.015306
0.043633
0.072483
0.074371
0.057700
0.033714
0.013238
0.003579
0.006601
0.018619
0.032166
0.039046
0.033599
0.015037
-0.012033
-0.039114
-0.056858
-0.058562
-0.042847
-0.014485
0.016981
0.040443
0.047149
0.033993
0.004942
-0.029951
-0.057714
-0.066801
-0.051174
-0.012799
0.038298
0.086442
0.114450
0.108257
0.060659
-0.026822
-0.144373
-0.276318
-0.404742
-0.513279
-0.590140
-0.629801
-0.633198
-0.606674
-0.560136
-0.504966
-0.452098
-0.410532
-0.386334
-0.382080
-0.396642
-0.425275
-0.460005
-0.490426
-0.504963
-0.492590
-0.444848
-0.357836
-0.233744
-0.081478
0.083942
0.243284
0.376122
0.464442
0.496164
0.467803
0.385644
0.265022
0.127704
-0.002221
-0.103166
-0.160528
-0.169748
-0.137137
-0.078105
-0.013136
0.037549
0.059270
0.046695
0.005150
-0.050944
-0.102031
-0.128689
-0.116730
-0.060762
0.034667
0.156523
0.286794
0.406970
0.502280
0.564614
0.593497
0.595065
0.579466
0.557485
0.537329
0.522364
0.510374
0.494455
0.465312
0.414332
0.336676
0.233566
0.113178
-0.010176
-0.118451
-0.193367
-0.220244
-0.191321
-0.107825
0.019657
0.172600
0.327466
0.459577
0.547209
0.575174
0.537263
0.437133
0.287496
0.107733
-0.079595
-0.252711
-0.394263
-0.493918
-0.549404
-0.565861
-0.553743
-0.525891
-0.494506
-0.468761
-0.453520
-0.449320
-0.453403
-0.461353
-0.468794
-0.472680
-0.471887
-0.467102
-0.460158
-0.453160
-0.447712
-0.444491
-0.443261
-0.443260
-0.443771
-0.444641
-0.446533
-0.450777
-0.458837
-0.471507
-0.488087
-0.505807
-0.519732
-0.523298
-0.509431
-0.472079
-0.407791
-0.316940
-0.204222
-0.078200
0.050105
0.169290
0.269867
0.346180
0.397455
0.427666
0.444214
0.455733
0.469578
0.489618
0.514940
0.539815
0.555004
0.550133
0.516603
0.450325
0.353580
0.235449
0.110590
-0.003503
-0.090201
-0.137564
-0.141342
-0.106334
-0.045664
0.021958
0.076357
0.100403
0.083756
0.024951
-0.068679
-0.183121
-0.301223
-0.406689
-0.487519
-0.538105
-0.559580
-0.558499
-0.544356
-0.526636
-0.512197
-0.503587
-0.498640
-0.491371
-0.473843
-0.438500
-0.380332
-0.298336
-0.195913
-0.080123
0.039949
0.155262
0.258716
0.346331
0.417382
0.473462
0.516795
0.548383
0.566613
0.566882
0.542453
0.486427
0.394312
0.266488
0.109800
-0.062260
-0.231018
-0.375525
-0.476354
-0.519483
-0.499428
-0.420873
-0.298356
-0.153918
-0.013090
0.100046
0.167681
0.181916
0.146338
0.075096
-0.010351
-0.086067
-0.130915
-0.131002
-0.082275
0.009253
0.129541
0.260148
0.382449
0.481385
0.547961
0.580094
0.581872
0.561643
0.529544
0.495109
0.465465
0.444400
0.432344
0.427102
0.425061
0.422511
0.416800
0.407087
0.394578
0.382229
0.373990
0.373738
0.384103
0.405429
0.435105
0.467477
0.494466
0.506862
0.496143
0.456464
0.386399
0.289960
0.176578
0.059886
-0.044498
-0.121774
-0.160692
-0.155586
-0.107229
-0.022359
0.087918
0.210354
0.331797
0.440934
0.529235
0.591097
0.623427
0.624998
0.595922
0.537436
0.451995
0.343541
0.217677
0.081528
-0.056818
-0.189220
-0.308521
-0.409385
-0.488696
-0.545387
-0.579798
-0.592831
-0.585236
-0.557305
-0.509066
-0.440880
-0.354166
-0.251888
-0.138591
-0.019893
0.098389
0.211127
0.314442
0.405680
0.482812
0.543533
0.584479
0.601029
0.587979
0.541075
0.459063
0.345625
0.210516
0.069298
-0.058559
-0.152978
-0.197322
-0.182237
-0.108303
0.013234
0.161955
0.311749
0.435618
0.510824
0.523343
0.470698
0.362537
0.218780
0.065620
-0.069836
-0.165161
-0.207203
-0.194629
-0.137808
-0.056105
0.026736
0.087942
0.110484
0.086168
0.016463
-0.088877
-0.214764
-0.344349
-0.462235
-0.556645
-0.620269
-0.649944
-0.645633
-0.609258
-0.543844
-0.453179
-0.341938
-0.215978
-0.082467
0.050429
0.174383
0.282088
0.368466
0.431507
0.472438
0.495161
0.505080
0.507673
0.507199
0.505911
0.503941
0.499869
0.491742
0.478218
0.459474
0.437610
0.416394
0.400419
0.393855
0.399119
0.415782
0.440012
0.464737
0.480553
0.477268
0.445821
0.380216
0.279106
0.146692
-0.007265
-0.168366
-0.319314
-0.442205
-0.521034
-0.544061
-0.505715
-0.407754
-0.259517
-0.077166
0.118055
0.302383
0.452632
0.549412
0.580019
0.540539
0.436807
0.284003
0.104822
-0.073597
-0.223626
-0.321404
-0.350730
-0.305884
-0.192833
-0.028532
0.161629
0.347803
0.500463
0.595180
0.616635
0.561228
0.437835
0.266543
0.075497
-0.103673
-0.241106
-0.313737
-0.309196
-0.227872
-0.082790
0.102614
0.298387
0.472870
0.597629
0.651717
0.624695
0.518018
0.344693
0.127268
-0.105526
-0.323013
-0.497073
-0.606241
-0.638786
-0.594278
-0.483415
-0.326142
-0.148367
0.022201
0.160386
0.247341
0.273124
0.237595
0.149518
0.024104
-0.120392
-0.266202
-0.398888
-0.508926
-0.591799
-0.646831
-0.675290
-0.678453
-0.656292
-0.607189
-0.528765
-0.419549
-0.280955
-0.118908
0.055467
0.226445
0.375617
0.484820
0.539489
0.531728
0.462407
0.341771
0.188325
0.026093
-0.119273
-0.224837
-0.274285
-0.260588
-0.186891
-0.065444
0.085094
0.243340
0.389031
0.506241
0.585446
0.624198
0.626511
0.601269
0.560079
0.514985
0.476412
0.451572
0.443488
0.450711
0.467732
0.486072
0.495906
0.488067
0.456085
0.397899
0.316791
0.221222
0.123403
0.036772
-0.027125
-0.061582
-0.066661
-0.049420
-0.022175
0.000889
0.007895
-0.006975
-0.041353
-0.084963
-0.122408
-0.137800
-0.119939
-0.066512
0.013998
0.103406
0.177768
0.213201
0.192096
0.108093
-0.031469
-0.206242
-0.386588
-0.539447
-0.635082
-0.653254
-0.587554
-0.447051
-0.254922
-0.044335
0.147651
0.287001
0.349120
0.323494
0.215651
0.046039
-0.153941
-0.347942
-0.501534
-0.588581
-0.595930
-0.525547
-0.393694
-0.227318
-0.058341
0.083008
0.174430
0.205990
0.181707
0.117907
0.038676
-0.030500
-0.069311
-0.067792
-0.028744
0.033156
0.095293
0.133027
0.126058
0.063682
-0.052276
-0.207407
-0.377418
-0.532838
-0.644669
-0.689813
-0.655300
-0.540660
-0.358128
-0.130774
0.111100
0.334685
0.509795
0.613588
0.634170
0.572482
0.442156
0.267295
0.078465
-0.092500
-0.218067
-0.279950
-0.272503
-0.203794
-0.094020
0.028519
0.133150
0.193081
0.190859
0.121876
-0.004776
-0.168211
-0.339932
-0.489341
-0.589442
-0.621632
-0.578731
-0.465813
-0.298790
-0.101138
0.100575
0.281472
0.422582
0.513690
0.554330
0.552813
0.523586
0.483568
0.448293
0.428677
0.429039
0.446703
0.473117
0.496141
0.502937
0.482811
0.429451
0.342146
0.225824
0.089996
-0.053118
-0.190821
-0.312078
-0.409115
-0.478237
-0.519781
-0.537368
-0.536732
-0.524463
-0.506949
-0.489661
-0.476773
-0.471003
-0.473507
-0.483725
-0.499164
-0.515273
-0.525619
-0.522567
-0.498560
-0.447880
-0.368532
-0.263771
-0.142735
-0.019796
0.087444
0.161244
0.187317
0.158118
0.075072
-0.050843
-0.200390
-0.349075
-0.471345
-0.545214
-0.556419
-0.501317
-0.387894
-0.234612
-0.067228
0.085875
0.198936
0.253561
0.241957
0.167928
0.045457
-0.104729
-0.259755
-0.399225
-0.508820
-0.582151
-0.620594
-0.631364
-0.624472
-0.609421
-0.592490
-0.575270
-0.554764
-0.524941
-0.479291
-0.413625
-0.328305
-0.229217
-0.127102
-0.035326
0.033377
0.070325
0.073471
0.048343
0.006942
-0.035199
-0.063078
-0.066280
-0.041912
0.004437
0.060002
0.108024
0.131927
0.119336
0.064888
-0.028773
-0.151895
-0.289954
-0.426628
-0.546607
-0.637618
-0.691448
-0.704086
-0.675375
-0.608543
-0.509884
-0.388553
-0.256249
-0.126474
-0.013130
0.071505
0.119066
0.127077
0.099966
0.048665
-0.011285
-0.062757
-0.090484
-0.084049
-0.039701
0.039380
0.144296
0.262630
0.380934
0.486862
0.570514
0.624929
0.645948
0.631836
0.583034
0.502251
0.394839
0.269163
0.136592
0.010773
-0.093925
-0.164595
-0.192146
-0.173190
-0.110918
-0.014641
0.101939
0.223337
0.335141
0.426461
0.491447
0.529648
0.545200
0.545149
0.537311
0.528167
0.521203
0.516045
0.508514
0.491596
0.457121
0.397826
0.309405
0.192136
0.051744
-0.100726
-0.250058
-0.378934
-0.470631
-0.511937
-0.495813
-0.423283
-0.304124
-0.156059
-0.002418
0.131457
0.222478
0.253956
0.218771
0.120891
-0.025114
-0.196492
-0.366194
-0.507456
-0.598212
-0.624533
-0.582515
-0.478358
-0.326704
-0.147616
0.037184
0.208064
0.350482
0.456642
0.525538
0.561487
0.571642
0.563216
0.541219
0.507304
0.459989
0.396082
0.312765
0.209631
0.089958
-0.039174
-0.167991
-0.286012
-0.384331
-0.457533
-0.504724
-0.529432
-0.538421
-0.539760
-0.540644
-0.545485
-0.554725
-0.564613
-0.567992
-0.555907
-0.519690
-0.453099
-0.354064
-0.225712
-0.076443
0.080953
0.230999
0.357761
0.447228
0.489456
0.480125
0.421241
0.320831
0.191647
0.049038
-0.091616
-0.217442
-0.320003
-0.396200
-0.447904
-0.480425
-0.500206
-0.512367
-0.518773
-0.517169
-0.501646
-0.464357
-0.398030
-0.298643
-0.167549
-0.012475
0.152871
0.310549
0.441133
0.526897
0.554843
0.519013
0.421718
0.273476
0.091695
-0.101706
-0.283360
-0.431715
-0.529991
-0.568339
-0.544881
-0.465471
-0.342283
-0.191487
-0.030462
0.124924
0.262478
0.374864
0.459631
0.518121
0.553647
0.569478
0.567297
0.546629
0.505484
0.442018
0.356667
0.253962
0.143237
0.037762
-0.047728
-0.100549
-0.113697
-0.088471
-0.035205
0.028335
0.080634
0.101387
0.076515
0.001964
-0.114692
-0.255292
-0.394594
-0.505486
-0.564778
-0.558322
-0.484350
-0.354259
-0.190605
-0.022637
0.119760
0.212422
0.242160
0.209666
0.129363
0.026153
-0.070222
-0.131894
-0.139126
-0.084674
0.024686
0.169713
0.322888
0.454211
0.537346
0.554830
0.501393
0.384809
0.224235
0.046454
-0.119154
-0.245907
-0.314322
-0.314985
-0.249360
-0.128553
0.029462
0.203410
0.372195
0.517661
0.626264
0.689673
0.704627
0.672423
0.598387
0.491428
0.363565
0.229142
0.103461
0.000771
-0.068187
-0.098516
-0.092670
-0.060486
-0.017372
0.019138
0.033782
0.017788
-0.028267
-0.093903
-0.160819
-0.207229
-0.213423
-0.167120
-0.067219
0.075059
0.237995
0.393741
0.514224
0.577199
0.571061
0.497322
0.370217
0.213534
0.055390
-0.077849
-0.167128
-0.204393
-0.193560
-0.148516
-0.088702
-0.033507
0.002961
0.015250
0.007148
-0.010624
-0.024801
-0.024614
-0.005814
0.027617
0.064660
0.090975
0.093938
0.067371
0.014426
-0.052345
-0.113816
-0.149235
-0.141866
-0.083763
0.021628
0.159678
0.307478
0.438638
0.528754
0.560291
0.525820
0.428999
0.283253
0.108567
-0.072764
-0.240431
-0.379478
-0.482060
-0.547338
-0.579753
-0.586323
-0.573844
-0.546815
-0.506655
-0.452350
-0.382203
-0.296016
-0.196925
-0.092200
0.007296
0.088890
0.140613
0.153709
0.124449
0.054812
-0.048028
-0.173119
-0.307548
-0.438159
-0.552824
-0.641201
-0.695097
-0.708712
-0.678998
-0.606245
-0.494768
-0.353449
-0.195720
-0.038703
0.098632
0.198124
0.245446
0.232861
0.161090
0.039798
-0.113453
-0.275641
-0.421688
-0.528234
-0.577191
-0.558513
-0.471780
-0.326339
-0.139982
0.063652
0.258548
0.420108
0.528662
0.572154
0.547594
0.461112
0.326621
0.163353
-0.007349
-0.165451
-0.295300
-0.387834
-0.441521
-0.461886
-0.459720
-0.448327
-0.440397
-0.445114
-0.466114
-0.500699
-0.540463
-0.573207
-0.585738
-0.566973
-0.510719
-0.417509
-0.295112
-0.157554
-0.022809
0.090385
0.165935
0.193309
0.169329
0.098501
-0.008159
-0.135451
-0.266914
-0.387659
-0.486532
-0.557248
-0.598404
-0.612589
-0.604958
-0.581727
-0.548943
-0.511786
-0.474392
-0.440092
-0.411794
-0.392234
-0.383902
-0.388573
-0.406554
-0.435884
-0.471826
-0.506931
-0.531867
-0.536997
-0.514454
-0.460275
-0.376048
-0.269532
-0.153900
-0.045559
0.039123
0.087506
0.093890
0.061401
0.001914
-0.066083
-0.121306
-0.144306
-0.121841
-0.049960
0.064863
0.206773
0.353435
0.480140
0.564225
0.588981
0.546367
0.438193
0.275666
0.077529
-0.132819
-0.330705
-0.493519
-0.603503
-0.649661
-0.628597
-0.544348
-0.407373
-0.232990
-0.039531
0.153541
0.327415
0.465495
0.554723
0.586619
0.558031
0.471556
0.335573
0.163793
-0.025778
-0.212510
-0.375423
-0.495865
-0.560227
-0.562242
-0.504330
-0.397617
-0.260405
-0.115206
0.015212
0.112057
0.164101
0.169782
0.137174
0.081731
0.022217
-0.024165
-0.046183
-0.041290
-0.015850
0.017203
0.042612
0.047703
0.026501
-0.018162
-0.075139
-0.127880
-0.158845
-0.154113
-0.106877
-0.018941
0.100026
0.235059
0.369383
0.487784
0.578982
0.636592
0.658699
0.646533
0.602891
0.530929
0.433692
0.314443
0.177514
0.029242
-0.121485
-0.263404
-0.383874
-0.470550
-0.513392
-0.506568
-0.449809
-0.348869
-0.214930
-0.062989
0.090481
0.230145
0.344156
0.425745
0.473767
0.492130
0.488339
0.471563
0.450684
0.432783
0.422285
0.420837
0.427757
0.440781
0.456827
0.472549
0.484606
0.489698
0.484543
0.465931
0.430992
0.377654
0.305168
0.214539
0.108683
-0.007762
-0.128922
-0.248319
-0.359466
-0.456274
-0.533256
-0.585623
-0.609458
-0.602130
-0.562986
-0.494171
-0.401262
-0.293336
-0.182173
-0.080523
0.000267
0.052703
0.074923
0.071169
0.050638
0.024934
0.004781
-0.002991
0.002783
0.017669
0.033577
0.041921
0.036948
0.018026
-0.009911
-0.037987
-0.056535
-0.058669
-0.042990
-0.014397
0.017370
0.041013
0.047688
0.034322
0.005035
-0.029901
-0.057320
-0.065587
-0.048758
-0.009081
0.042985
0.091293
0.118288
0.109759
0.058680
-0.032918
-0.154450
-0.289364
-0.418976
-0.526477
-0.600096
-0.634832
-0.632541
-0.600679
-0.550213
-0.493280
-0.441105
-0.402445
-0.382643
-0.383222
-0.401887
-0.432855
-0.467470
-0.495154
-0.504742
-0.486149
-0.432219
-0.340465
-0.214292
-0.063336
0.097323
0.249118
0.372875
0.452151
0.476410
0.443371
0.359966
0.241543
0.109311
-0.013622
-0.106866
-0.157010
-0.160507
-0.124342
-0.064194
-0.000409
0.047270
0.064871
0.047886
0.002454
-0.056304
-0.108343
-0.134030
-0.119281
-0.059126
0.041191
0.167760
0.301657
0.423603
0.518374
0.577836
0.601955
0.597683
0.576196
0.549315
0.526084
0.510368
0.500031
0.487847
0.463863
0.418604
0.346311
0.247383
0.129397
0.006381
-0.103569
-0.181839
-0.213233
-0.189424
-0.111137
0.011429
0.160030
0.311353
0.440941
0.527318
0.555551
0.519641
0.423331
0.279189
0.106169
-0.073908
-0.240238
-0.376510
-0.473271
-0.528743
-0.548021
-0.540970
-0.519418
-0.494376
-0.473914
-0.462125
-0.459230
-0.462628
-0.468428
-0.472978
-0.473955
-0.470800
-0.464500
-0.456916
-0.449959
-0.444925
-0.442191
-0.441326
-0.441530
-0.442196
-0.443370
-0.445898
-0.451186
-0.460586
-0.474584
-0.492021
-0.509637
-0.522132
-0.522845
-0.504990
-0.463192
-0.394971
-0.301758
-0.189120
-0.066037
0.056689
0.168540
0.261412
0.331219
0.378552
0.408201
0.427636
0.444807
0.465812
0.492993
0.523992
0.552016
0.567344
0.559765
0.521416
0.449333
0.347054
0.224785
0.097932
-0.015780
-0.100036
-0.143644
-0.143315
-0.104753
-0.041679
0.027043
0.081525
0.105232
0.088511
0.030425
-0.061512
-0.173540
-0.289142
-0.392863
-0.473492
-0.525907
-0.551248
-0.555558
-0.547383
-0.535032
-0.524205
-0.516573
-0.509581
-0.497449
-0.473053
-0.430127
-0.365209
-0.278795
-0.175413
-0.062603
0.050876
0.157104
0.250685
0.329578
0.394810
0.449159
0.495238
0.533574
0.561349
0.572267
0.557741
0.509177
0.420838
0.292492
0.131116
-0.048967
-0.227699
-0.382460
-0.492176
-0.541518
-0.524241
-0.444914
-0.318550
-0.168113
-0.020293
0.099645
0.172880
0.190831
0.156819
0.085178
-0.002071
-0.080187
-0.127178
-0.128446
-0.079549
0.013479
0.136171
0.269367
0.393626
0.493214
0.558793
0.588371
0.586525
0.562354
0.526795
0.490031
0.459532
0.439065
0.428714
0.425728
0.425884
0.424963
0.420021
0.410189
0.396894
0.383475
0.374314
0.373641
0.384264
0.406472
0.437376
0.470891
0.498457
0.510469
0.498209
0.455911
0.382513
0.282619
0.166353
0.048003
-0.056345
-0.131698
-0.166922
-0.156735
-0.102495
-0.011641
0.103973
0.230385
0.353842
0.462630
0.548095
0.604834
0.630284
0.624035
0.587223
0.522193
0.432452
0.322757
0.199125
0.068554
-0.061591
-0.184431
-0.294414
-0.387862
-0.463031
-0.519662
-0.558170
-0.578796
-0.581015
-0.563469
-0.524446
-0.462763
-0.378734
-0.274858
-0.155939
-0.028556
0.099954
0.222669
0.333982
0.429917
0.507782
0.565359
0.600050
0.608475
0.586855
0.532282
0.444536
0.327911
0.192307
0.053021
-0.071040
-0.160515
-0.199482
-0.179174
-0.100569
0.024878
0.176663
0.328635
0.453743
0.529172
0.540824
0.486204
0.375057
0.227555
0.070304
-0.069051
-0.167510
-0.211443
-0.199274
-0.141462
-0.057812
0.027222
0.090056
0.112952
0.087306
0.014614
-0.094873
-0.225177
-0.358358
-0.477985
-0.571553
-0.631513
-0.655035
-0.642943
-0.598410
-0.525874
-0.430451
-0.317792
-0.194171
-0.066488
0.058052
0.172616
0.271635
0.351636
0.411716
0.453470
0.480354
0.496655
0.506362
0.512240
0.515377
0.515308
0.510655
0.500062
0.483143
0.461127
0.436991
0.415015
0.399829
0.395183
0.402733
0.421154
0.445817
0.469168
0.481791
0.473994
0.437657
0.367965
0.264725
0.132978
-0.017223
-0.171837
-0.314520
-0.428719
-0.499901
-0.517624
-0.477212
-0.380786
-0.237491
-0.062786
0.123167
0.297898
0.439512
0.529704
0.556472
0.516126
0.414258
0.265435
0.091534
-0.081152
-0.225722
-0.318822
-0.344502
-0.297044
-0.182238
-0.016772
0.174208
0.361007
0.514126
0.609065
0.630388
0.574386
0.449876
0.276955
0.083846
-0.097690
-0.237645
-0.312826
-0.310795
-0.231933
-0.089303
0.093644
0.287016
0.459328
0.582430
0.635729
0.609132
0.504361
0.334517
0.122002
-0.104865
-0.316048
-0.484197
-0.588588
-0.618050
-0.572422
-0.462355
-0.307492
-0.133288
0.033026
0.166691
0.249165
0.270692
0.231237
0.139640
0.011216
-0.135594
-0.282750
-0.415507
-0.524079
-0.603833
-0.654199
-0.676801
-0.673505
-0.645041
-0.590625
-0.508666
-0.398316
-0.261311
-0.103509
0.064462
0.227751
0.369053
0.471327
0.520925
0.510498
0.441030
0.322495
0.172862
0.015519
-0.124503
-0.224770
-0.269330
-0.251397
-0.174273
-0.050356
0.101532
0.259832
0.404155
0.518590
0.593845
0.627946
0.625570
0.596329
0.552463
0.506421
0.468700
0.446231
0.441453
0.452147
0.472003
0.491859
0.501476
0.491625
0.456149
0.393628
0.308192
0.209181
0.109531
0.023079
-0.038642
-0.069352
-0.069838
-0.048000
-0.016912
0.008720
0.016811
0.001630
-0.034143
-0.079802
-0.119518
-0.137048
-0.120950
-0.068783
0.011026
0.100315
0.175146
0.211643
0.192184
0.110343
-0.026671
-0.198736
-0.376505
-0.527237
-0.621475
-0.639166
-0.573965
-0.434883
-0.244948
-0.037115
0.151797
0.287993
0.347084
0.318707
0.208469
0.036838
-0.164794
-0.360083
-0.514570
-0.602055
-0.609293
-0.538150
-0.404804
-0.236168
-0.064223
0.080614
0.175717
0.210716
0.189165
0.126986
0.048010
-0.022312
-0.063479
-0.065120
-0.029479
0.029385
0.089432
0.126459
0.120394
0.060516
-0.051615
-0.202067
-0.367170
-0.518139
-0.626624
-0.670057
-0.635820
-0.523579
-0.345475
-0.124229
0.110447
0.326542
0.494777
0.593193
0.610590
0.548295
0.419941
0.249259
0.066144
-0.098430
-0.217847
-0.274666
-0.263877
-0.193875
-0.084811
0.035426
0.136873
0.193613
0.189068
0.119334
-0.006107
-0.166393
-0.333482
-0.477596
-0.572779
-0.601500
-0.557489
-0.446381
-0.284170
-0.093865
0.098955
0.270800
0.404238
0.490435
0.529844
0.531004
0.507825
0.476024
0.449514
0.437503
0.442863
0.462007
0.486178
0.503773
0.503124
0.475123
0.415149
0.323959
0.207408
0.075181
-0.061150
-0.190244
-0.302834
-0.392925
-0.458193
-0.499632
-0.520668
-0.526085
-0.521032
-0.510323
-0.498084
-0.487653
-0.481552
-0.481371
-0.487463
-0.498505
-0.511101
-0.519721
-0.517204
-0.495954
-0.449718
-0.375593
-0.275745
-0.158269
-0.036765
0.071511
0.148688
0.179919
0.156834
0.079951
-0.040553
-0.186004
-0.332181
-0.453512
-0.527759
-0.540278
-0.487034
-0.375715
-0.224646
-0.059607
0.090891
0.200940
0.252083
0.236611
0.158588
0.032430
-0.120602
-0.277088
-0.416207
-0.523471
-0.592656
-0.625656
-0.630482
-0.618079
-0.598851
-0.579776
-0.562822
-0.544972
-0.519782
-0.479993
-0.420445
-0.340462
-0.244996
-0.144136
-0.051017
0.021378
0.063662
0.072771
0.053116
0.015718
-0.024536
-0.052833
-0.058482
-0.037916
0.004202
0.056089
0.101841
0.125439
0.114665
0.063886
-0.024910
-0.142902
-0.276595
-0.410604
-0.530263
-0.623522
-0.681915
-0.700761
-0.678943
-0.618627
-0.525120
-0.406832
-0.275085
-0.143421
-0.026200
0.063500
0.116332
0.128859
0.104782
0.054711
-0.005662
-0.058646
-0.088158
-0.082939
-0.038607
0.041906
0.149491
0.271105
0.392435
0.500251
0.583982
0.636373
0.653401
0.633849
0.578942
0.492282
0.380060
0.251308
0.117798
-0.006727
-0.108102
-0.173872
-0.195558
-0.170446
-0.102380
-0.001251
0.118757
0.241797
0.353248
0.442211
0.503085
0.535926
0.545607
0.540045
0.527928
0.516462
0.509577
0.506961
0.504076
0.493148
0.464948
0.411013
0.325922
0.209138
0.066069
-0.091951
-0.248851
-0.386051
-0.485433
-0.532559
-0.519576
-0.447236
-0.325571
-0.172966
-0.013627
0.126208
0.222711
0.258719
0.226947
0.131479
-0.012812
-0.182826
-0.351254
-0.491263
-0.580943
-0.606722
-0.565179
-0.462989
-0.315114
-0.141628
0.036143
0.199393
0.334725
0.435595
0.502080
0.539153
0.554016
0.553277
0.540776
0.516622
0.477685
0.419304
0.337642
0.231914
0.105783
-0.032562
-0.171688
-0.299211
-0.404462
-0.480776
-0.526786
-0.546410
-0.547562
-0.539955
-0.532576
-0.531422
-0.538026
-0.549059
-0.557066
-0.552142
-0.524200
-0.465348
-0.371939
-0.245868
-0.094901
0.068077
0.226762
0.363809
0.463481
0.514124
0.510023
0.452331
0.348871
0.212837
0.060583
-0.091112
-0.227765
-0.339372
-0.421533
-0.475303
-0.505774
-0.519793
-0.523416
-0.519809
-0.508171
-0.484002
-0.440636
-0.371621
-0.273293
-0.146849
0.000637
0.156528
0.304213
0.425641
0.504294
0.528042
0.491368
0.396584
0.253829
0.079827
-0.104401
-0.276508
-0.415995
-0.507054
-0.540632
-0.515379
-0.437369
-0.318656
-0.174952
-0.022863
0.122796
0.251059
0.355854
0.435815
0.492993
0.530874
0.552313
0.558052
0.546331
0.513752
0.457197
0.376164
0.274722
0.162286
0.052709
-0.038298
-0.096892
-0.114959
-0.092980
-0.040927
0.023271
0.077492
0.100550
0.077444
0.003387
-0.114417
-0.257729
-0.400812
-0.515772
-0.578542
-0.574207
-0.500494
-0.368656
-0.201478
-0.028759
0.118844
0.216318
0.249705
0.219180
0.139000
0.034297
-0.064616
-0.129092
-0.138585
-0.085199
0.024642
0.171669
0.327965
0.462882
0.549337
0.569210
0.516782
0.399653
0.237070
0.056118
-0.113404
-0.244370
-0.316900
-0.321292
-0.258826
-0.140499
0.015808
0.188937
0.357939
0.504793
0.616009
0.683172
0.702759
0.675638
0.606584
0.503901
0.379038
0.245904
0.119590
0.014419
-0.058487
-0.093594
-0.092581
-0.064518
-0.024221
0.011099
0.026187
0.011998
-0.031382
-0.094071
-0.158375
-0.203032
-0.208697
-0.163259
-0.065569
0.073415
0.232420
0.384169
0.501197
0.561800
0.554756
0.481739
0.356911
0.203765
0.049948
-0.078759
-0.163912
-0.198002
-0.185327
-0.139919
-0.081110
-0.027956
0.005911
0.015566
0.005269
-0.013912
-0.028551
-0.027907
-0.007939
0.027044
0.065638
0.093126
0.096588
0.069691
0.015619
-0.052846
-0.116176
-0.153109
-0.146384
-0.087635
0.019898
0.161499
0.313849
0.449865
0.544285
0.578705
0.544967
0.446296
0.296081
0.114719
-0.074653
-0.250567
-0.396778
-0.504269
-0.571380
-0.602251
-0.604167
-0.584683
-0.549376
-0.500856
-0.439210
-0.363603
-0.274382
-0.174878
-0.072231
0.023100
0.099042
0.144323
0.150891
0.115646
0.041088
-0.065220
-0.192064
-0.326408
-0.455129
-0.566303
-0.649954
-0.698383
-0.706358
-0.671404
-0.594326
-0.479846
-0.337104
-0.179613
-0.024387
0.109892
0.205479
0.248516
0.231690
0.156026
0.031340
-0.124785
-0.289372
-0.437372
-0.545379
-0.595145
-0.576354
-0.488254
-0.339888
-0.148899
0.060951
0.263183
0.432411
0.547958
0.596714
0.574792
0.487744
0.349351
0.179201
-0.000531
-0.168600
-0.307924
-0.408019
-0.466197
-0.487326
-0.482176
-0.464689
-0.448716
-0.444896
-0.458342
-0.487584
-0.525013
-0.558687
-0.575128
-0.562508
-0.513555
-0.427573
-0.311136
-0.177296
-0.043418
0.071901
0.152234
0.186302
0.169916
0.106468
0.005934
-0.117311
-0.247305
-0.369263
-0.471726
-0.547726
-0.594917
-0.614856
-0.611771
-0.591231
-0.559042
-0.520566
-0.480491
-0.442931
-0.411625
-0.390012
-0.381010
-0.386462
-0.406376
-0.438203
-0.476454
-0.512943
-0.537788
-0.541127
-0.515273
-0.456831
-0.368237
-0.258194
-0.140681
-0.032572
0.049782
0.094242
0.095981
0.059119
-0.003598
-0.073174
-0.128291
-0.149927
-0.125592
-0.052202
0.063025
0.203815
0.347854
0.470882
0.551008
0.572438
0.528002
0.420157
0.260415
0.067418
-0.135948
-0.325858
-0.480742
-0.583900
-0.625230
-0.601945
-0.518336
-0.384775
-0.216200
-0.030338
0.154122
0.319246
0.449340
0.532180
0.559951
0.529923
0.444825
0.312877
0.147361
-0.034366
-0.212500
-0.366986
-0.480090
-0.538996
-0.537982
-0.479686
-0.375102
-0.242094
-0.102519
0.021629
0.112341
0.159096
0.160870
0.126046
0.070117
0.011628
-0.032638
-0.051975
-0.044357
-0.016570
0.018202
0.044645
0.050194
0.029074
-0.015693
-0.072867
-0.125940
-0.157543
-0.153981
-0.108628
-0.023311
0.092522
0.224373
0.356119
0.473233
0.564997
0.625302
0.652139
0.646251
0.609608
0.544309
0.452275
0.335761
0.198398
0.046293
-0.111334
-0.262334
-0.392752
-0.488722
-0.538753
-0.535875
-0.479184
-0.374386
-0.233203
-0.071686
0.092272
0.241746
0.363381
0.449257
0.497656
0.512627
0.502512
0.477839
0.449085
0.424821
0.410555
0.408405
0.417475
0.434682
0.455714
0.475860
0.490576
0.495787
0.488034
0.464595
0.423666
0.364601
0.288137
0.196466
0.093094
-0.017533
-0.130514
-0.240936
-0.344111
-0.435575
-0.510926
-0.565704
-0.595526
-0.596640
-0.566878
-0.506784
-0.420541
-0.316268
-0.205354
-0.100765
-0.014594
0.044551
0.073561
0.075540
0.058883
0.034839
0.014252
0.004453
0.007334
0.019229
0.032685
0.039505
0.034020
0.015426
-0.011685
-0.038827
-0.056657
-0.058465
-0.042856
-0.014581
0.016839
0.040313
0.047102
0.034092
0.005235
-0.029445
-0.057016
-0.065971
-0.050305
-0.012005
0.038902
0.086760
0.114424
0.107874
0.059959
-0.027758
-0.145435
-0.277387
-0.405708
-0.514059
-0.590690
-0.630114
-0.633306
-0.606635
-0.560022
-0.504851
-0.452043
-0.410577
-0.386490
-0.382331
-0.396946
-0.425571
-0.460228
-0.490518
-0.504884
-0.492330
-0.444429
-0.357311
-0.233181
-0.080944
0.084396
0.243646
0.376421
0.464747
0.496561
0.468372
0.386424
0.265988
0.128757
-0.001248
-0.102474
-0.160302
-0.170100
-0.138053
-0.079419
-0.014535
0.036474
0.058934
0.047410
0.007007
-0.048147
-0.098808
-0.125796
-0.115009
-0.060923
0.032288
0.152160
0.281336
0.401887
0.499354
0.565510
0.599248
0.605588
0.593262
0.571664
0.548030
0.525582
0.503058
0.475665
0.437096
0.382027
0.308345
0.218516
0.119676
0.022437
-0.061275
-0.120734
-0.148600
-0.142172
-0.103441
-0.038014
0.046651
0.143072
0.245045
0.348072
