-0.008657
-0.001808
0.005077
0.011804
0.017176
0.018873
0.013720
-0.001680
-0.030116
-0.072943
-0.129483
-0.196829
-0.270125
-0.343276
-0.409929
-0.464512
-0.503111
-0.524020
-0.527903
-0.517587
-0.497561
-0.473318
-0.450593
-0.434602
-0.429295
-0.436686
-0.456324
-0.485000
-0.516819
-0.543736
-0.556588
-0.546568
-0.506900
-0.434418
-0.330646
-0.202054
-0.059308
0.084437
0.215894
0.324131
0.402625
0.450370
0.471767
0.475292
0.471235
0.469037
0.474821
0.489730
0.509485
0.525342
0.526289
0.502040
0.446136
0.358366
0.245839
0.122257
0.005420
-0.086589
-0.139644
-0.147186
-0.112203
-0.046961
0.029531
0.095753
0.132548
0.127383
0.076933
-0.012611
-0.127497
-0.250000
-0.362640
-0.451950
-0.510918
-0.539638
-0.544183
-0.534163
-0.519667
-0.508392
-0.503650
-0.503672
-0.502309
-0.490888
-0.460686
-0.405407
-0.322995
-0.216340
-0.092735
0.037761
0.164544
0.278644
0.374238
0.449105
0.503954
0.540903
0.561653
0.565992
0.551165
0.512389
0.444450
0.343967
0.211693
0.054140
-0.116060
-0.281317
-0.421703
-0.518520
-0.558102
-0.534966
-0.453574
-0.328171
-0.180606
-0.036419
0.080056
0.150575
0.166757
0.131831
0.059864
-0.027418
-0.105508
-0.152536
-0.153919
-0.105181
-0.012335
0.110103
0.242835
0.366227
0.464367
0.527864
0.554896
0.550501
0.524510
0.488779
0.454414
0.429595
0.418363
0.420494
0.432315
0.448173
0.462154
0.469678
0.468628
0.459811
0.446689
0.434428
0.428484
0.433005
0.449395
0.475391
0.504914
0.528838
0.536628
0.518589
0.468294
0.384625
0.272894
0.144658
0.016103
-0.094739
-0.171379
-0.202092
-0.182188
-0.114812
-0.010086
0.117106
0.250101
0.373415
0.475001
0.547365
0.587509
0.595955
0.575373
0.529298
0.461317
0.374837
0.273319
0.160684
0.041588
-0.078637
-0.194394
-0.300443
-0.392467
-0.467389
-0.523323
-0.559220
-0.574397
-0.568188
-0.539888
-0.489052
-0.416042
-0.322618
-0.212295
-0.090295
0.036961
0.162677
0.280550
0.385379
0.473207
0.540980
0.585931
0.605068
0.595121
0.553208
0.478155
0.372153
0.242160
0.100448
-0.036180
-0.148620
-0.218826
-0.233605
-0.187921
-0.086833
0.054553
0.213250
0.362344
0.475954
0.534169
0.526958
0.456192
0.335343
0.186862
0.037714
-0.086037
-0.164494
-0.187894
-0.158402
-0.089302
-0.001775
0.079937
0.133838
0.144648
0.106481
0.023213
-0.093285
-0.226382
-0.358415
-0.473939
-0.561811
-0.615874
-0.634417
-0.618925
-0.572694
-0.499814
-0.404717
-0.292256
-0.168019
-0.038533
0.088902
0.206841
0.308653
0.389530
0.447240
0.482389
0.498100
0.499218
0.491225
0.479179
0.466895
0.456561
0.448823
0.443263
0.439088
0.435811
0.433697
0.433841
0.437807
0.446937
0.461475
0.479787
0.497913
0.509663
0.507331
0.482971
0.430003
0.344843
0.228184
0.085634
-0.072471
-0.232065
-0.377023
-0.491226
-0.560717
-0.575664
-0.531884
-0.431739
-0.284275
-0.104546
0.087883
0.271113
0.423575
0.526867
0.568404
0.543509
0.456571
0.320975
0.157654
-0.007707
-0.148490
-0.241435
-0.270650
-0.230557
-0.127144
0.022798
0.194385
0.358838
0.488401
0.561114
0.564582
0.498095
0.372764
0.209631
0.036090
-0.118772
-0.229128
-0.276768
-0.254097
-0.165237
-0.025103
0.143314
0.312860
0.456569
0.551714
0.582954
0.544217
0.439196
0.280512
0.087768
-0.115205
-0.303560
-0.454706
-0.551263
-0.583347
-0.549903
-0.458867
-0.326078
-0.172990
-0.023452
0.099983
0.179596
0.205205
0.175475
0.097525
-0.015037
-0.145192
-0.275927
-0.393170
-0.487578
-0.554873
-0.594836
-0.609453
-0.600921
-0.570185
-0.516499
-0.438108
-0.333807
-0.204843
-0.056504
0.101180
0.253964
0.385168
0.478391
0.520645
0.505218
0.433643
0.316240
0.171022
0.021012
-0.109567
-0.199513
-0.234424
-0.209203
-0.128761
-0.006766
0.137246
0.281737
0.407138
0.499132
0.550628
0.562209
0.541131
0.499269
0.450503
0.408067
0.382272
0.378900
0.398399
0.435932
0.482247
0.525256
0.552156
0.551830
0.517170
0.446886
0.346347
0.227138
0.105196
-0.002241
-0.080300
-0.119919
-0.120120
-0.088411
-0.039011
0.010780
0.045167
0.054155
0.036291
-0.001017
-0.043794
-0.075819
-0.083746
-0.061527
-0.012818
0.049377
0.105783
0.135841
0.123265
0.060703
-0.047711
-0.186546
-0.331950
-0.456530
-0.535136
-0.550297
-0.496163
-0.380150
-0.221910
-0.049818
0.104380
0.211699
0.251611
0.216132
0.111462
-0.043173
-0.219241
-0.384438
-0.508912
-0.570944
-0.560965
-0.483144
-0.354246
-0.199985
-0.049609
0.070203
0.140844
0.155494
0.120166
0.051805
-0.026170
-0.089819
-0.120695
-0.110401
-0.062574
0.008185
0.080095
0.129705
0.137713
0.093696
-0.001302
-0.134790
-0.285283
-0.426513
-0.532408
-0.581869
-0.562487
-0.472642
-0.321771
-0.128835
0.080665
0.278638
0.438704
0.540214
0.571419
0.531310
0.429831
0.286344
0.126492
-0.022163
-0.135031
-0.195060
-0.196036
-0.143861
-0.055411
0.044918
0.130289
0.177065
0.169773
0.104311
-0.011283
-0.158560
-0.312441
-0.446130
-0.536134
-0.566390
-0.530792
-0.433764
-0.288911
-0.116138
0.062161
0.225060
0.356486
0.447434
0.496698
0.510097
0.498473
0.474940
0.451957
0.438792
0.439792
0.453747
0.474390
0.491896
0.495062
0.473739
0.421046
0.334925
0.218738
0.080790
-0.067094
-0.211617
-0.340239
-0.443107
-0.514361
-0.552642
-0.560825
-0.545171
-0.514139
-0.477099
-0.443101
-0.419794
-0.412509
-0.423525
-0.451557
-0.491576
-0.535105
-0.571113
-0.587593
-0.573684
-0.522072
-0.431184
-0.306629
-0.161359
-0.014275
0.112682
0.198510
0.227415
0.192413
0.097396
-0.042908
-0.205169
-0.361511
-0.484563
-0.552531
-0.553287
-0.486682
-0.364623
-0.208897
-0.047102
0.092519
0.186336
0.219617
0.188951
0.102313
-0.023196
-0.165377
-0.301775
-0.414206
-0.491982
-0.533157
-0.543658
-0.534649
-0.518883
-0.506982
-0.504569
-0.510911
-0.519372
-0.519523
-0.500362
-0.453819
-0.377625
-0.276751
-0.162950
-0.052411
0.037974
0.094795
0.111644
0.090949
0.043541
-0.014037
-0.063791
-0.090964
-0.087841
-0.055667
-0.004159
0.051128
0.092815
0.105917
0.081187
0.016846
-0.081533
-0.202631
-0.331857
-0.453938
-0.555063
-0.624321
-0.654465
-0.642222
-0.588408
-0.497969
-0.379894
-0.246781
-0.113800
0.003102
0.089630
0.135809
0.138242
0.101296
0.036710
-0.038446
-0.105082
-0.145903
-0.148768
-0.108821
-0.028930
0.081496
0.208832
0.337968
0.454748
0.547609
0.608303
0.631903
0.616492
0.562920
0.474871
0.359151
0.225936
0.088549
-0.037561
-0.136718
-0.195538
-0.205530
-0.165079
-0.080189
0.036325
0.167122
0.293631
0.399588
0.474025
0.513021
0.519885
0.503775
0.477136
0.452543
0.439650
0.442863
0.460214
0.483643
0.500638
0.496921
0.459671
0.380644
0.258566
0.100291
-0.079596
-0.260711
-0.420058
-0.535918
-0.591756
-0.579415
-0.501000
-0.369052
-0.204891
-0.035337
0.111686
0.211905
0.248934
0.217157
0.122671
-0.017922
-0.180614
-0.338327
-0.465627
-0.542865
-0.559053
-0.513002
-0.412657
-0.272892
-0.112290
0.050397
0.199385
0.323980
0.419330
0.485776
0.527094
0.548211
0.553039
0.543045
0.516915
0.471371
0.402838
0.309454
0.192768
0.058581
-0.083374
-0.220911
-0.341669
-0.435615
-0.497126
-0.526116
-0.527928
-0.512005
-0.489661
-0.471458
-0.464755
-0.471959
-0.489850
-0.510127
-0.521088
-0.510127
-0.466566
-0.384259
-0.263420
-0.111285
0.058565
0.228138
0.377839
0.489641
0.549996
0.551969
0.496200
0.390578
0.248708
0.087498
-0.075674
-0.225666
-0.351613
-0.447940
-0.514158
-0.553569
-0.571279
-0.572051
-0.558610
-0.530846
-0.486109
-0.420499
-0.330752
-0.216209
-0.080291
0.068917
0.219148
0.355427
0.462232
0.525935
0.537065
0.492023
0.393945
0.252570
0.083112
-0.095684
-0.264031
-0.403712
-0.500408
-0.545389
-0.536318
-0.477084
-0.376721
-0.247651
-0.103562
0.042658
0.180530
0.302819
0.405460
0.486698
0.545777
0.581691
0.592478
0.575409
0.528111
0.450313
0.345642
0.222775
0.095297
-0.019992
-0.106186
-0.150147
-0.146134
-0.098121
-0.019959
0.066908
0.137827
0.170435
0.149962
0.072997
-0.051218
-0.202353
-0.353074
-0.474756
-0.543556
-0.545541
-0.479751
-0.358556
-0.205184
-0.048929
0.081012
0.161750
0.181638
0.142773
0.060475
-0.040200
-0.130142
-0.182760
-0.179947
-0.116071
0.000838
0.150901
0.306699
0.439041
0.522935
0.542502
0.493917
0.385881
0.237660
0.075191
-0.073893
-0.185289
-0.242110
-0.237268
-0.173802
-0.063287
0.077117
0.228143
0.371582
0.492529
0.580460
0.629294
0.636868
0.604289
0.535541
0.437408
0.319523
0.194156
0.075327
-0.022937
-0.089047
-0.116475
-0.105770
-0.065176
-0.009351
0.043768
0.077324
0.080006
0.049372
-0.007035
-0.073199
-0.128519
-0.153094
-0.133032
-0.064381
0.045352
0.178489
0.310954
0.417590
0.477752
0.479872
0.423964
0.321513
0.192802
0.062282
-0.046918
-0.118064
-0.144221
-0.129172
-0.085639
-0.031298
0.016291
0.044420
0.048296
0.031600
0.004434
-0.020618
-0.033020
-0.027939
-0.007856
0.018378
0.038699
0.042170
0.023087
-0.016489
-0.066581
-0.111621
-0.134557
-0.121570
-0.066064
0.029134
0.151894
0.283123
0.400659
0.483734
0.516969
0.493050
0.413634
0.288432
0.132845
-0.035222
-0.198594
-0.343419
-0.460603
-0.545949
-0.599156
-0.622189
-0.617620
-0.587534
-0.533326
-0.456406
-0.359468
-0.247766
-0.129801
-0.017009
0.077650
0.141903
0.166588
0.147602
0.086816
-0.008285
-0.126113
-0.253137
-0.376096
-0.483680
-0.567374
-0.621473
-0.642594
-0.629116
-0.580984
-0.500029
-0.390719
-0.260955
-0.122403
0.010046
0.119898
0.191556
0.213234
0.179564
0.093248
-0.034723
-0.186396
-0.339488
-0.470805
-0.559789
-0.591578
-0.559103
-0.463968
-0.316077
-0.132152
0.066584
0.257221
0.418077
0.531357
0.585244
0.575173
0.504184
0.382300
0.225030
0.051140
-0.120011
-0.271230
-0.389908
-0.469684
-0.511024
-0.520572
-0.509361
-0.490219
-0.474870
-0.471325
-0.482097
-0.503641
-0.527164
-0.540688
-0.531970
-0.491689
-0.416175
-0.309048
-0.181282
-0.049579
0.066678
0.149262
0.184840
0.167720
0.100946
-0.004523
-0.132285
-0.263963
-0.382785
-0.476434
-0.538614
-0.569130
-0.572702
-0.556998
-0.530488
-0.500667
-0.473000
-0.450695
-0.435157
-0.426791
-0.425780
-0.432498
-0.447389
-0.470344
-0.499803
-0.531963
-0.560473
-0.576933
-0.572264
-0.538783
-0.472513
-0.375118
-0.254797
-0.125681
-0.005613
0.087367
0.139083
0.142829
0.101523
0.027751
-0.058496
-0.133913
-0.176896
-0.172263
-0.114594
-0.009435
0.127807
0.274940
0.407235
0.501924
0.542053
0.519062
0.433767
0.295769
0.121572
-0.068141
-0.251516
-0.408349
-0.522328
-0.582509
-0.583990
-0.527892
-0.420805
-0.273868
-0.101612
0.079335
0.251624
0.398596
0.505667
0.561660
0.560007
0.499711
0.385910
0.229861
0.048165
-0.138843
-0.309478
-0.443600
-0.525608
-0.547019
-0.508103
-0.418150
-0.294149
-0.157961
-0.032379
0.063187
0.116491
0.124778
0.095019
0.041860
-0.016267
-0.061949
-0.083225
-0.076446
-0.046761
-0.006094
0.030765
0.050795
0.046721
0.019195
-0.023396
-0.067335
-0.097385
-0.100821
-0.070542
-0.006484
0.084882
0.192550
0.303732
0.406468
0.491424
0.552558
0.586741
0.592777
0.570333
0.519300
0.439832
0.333033
0.202021
0.052898
-0.104789
-0.258417
-0.393526
-0.495754
-0.553068
-0.557842
-0.508320
-0.409174
-0.270998
-0.108820
0.060122
0.218929
0.353467
0.454204
0.517176
0.543931
0.540591
0.516278
0.481311
0.445500
0.416826
0.400620
0.399229
0.412099
0.436117
0.466138
0.495623
0.517368
0.524327
0.510488
0.471724
0.406478
0.316120
0.204861
0.079192
-0.053051
-0.183762
-0.305516
-0.412147
-0.498883
-0.562109
-0.599017
-0.607419
-0.585964
-0.534783
-0.456403
-0.356531
-0.244294
-0.131568
-0.031316
0.044816
0.089060
0.099501
0.080757
0.042996
-0.000578
-0.037136
-0.057537
-0.058521
-0.043096
-0.019000
0.004238
0.018645
0.020412
0.010903
-0.004253
-0.017597
-0.022880
-0.017566
-0.003867
0.012086
0.022639
0.021693
0.007331
-0.017013
-0.043332
-0.061573
-0.063084
-0.043845
-0.006377
0.040323
0.082827
0.106695
0.100247
0.057602
-0.019830
-0.123710
-0.240753
-0.355690
-0.454401
-0.526477
-0.566742
-0.575590
-0.558265
-0.523433
-0.481415
-0.442424
-0.415042
-0.405045
-0.414630
-0.442025
-0.481532
-0.524023
-0.557960
-0.570933
-0.551620
-0.491953
-0.389116
-0.246929
-0.076229
0.106043
0.279061
0.421366
0.514605
0.547036
0.516052
0.429118
0.302789
0.159865
0.025135
-0.079474
-0.139310
-0.149932
-0.117798
-0.058420
0.007667
0.060154
0.084119
0.073725
0.033491
-0.023185
-0.077798
-0.111729
-0.111069
-0.069992
0.008136
0.112075
0.225907
0.333124
0.420485
0.480641
0.513004
0.522800
0.518708
0.509844
0.502899
0.500196
0.499118
0.493029
0.473389
0.432517
0.366230
0.275680
0.167858
0.054626
-0.049489
-0.130149
-0.175958
-0.180399
-0.142524
-0.066355
0.040649
0.169461
0.311061
0.457276
