-0.009801
-0.002111
0.005810
0.013554
0.019657
0.021533
0.015825
-0.000892
-0.031228
-0.076141
-0.134391
-0.202462
-0.274995
-0.345678
-0.408369
-0.458196
-0.492381
-0.510586
-0.514751
-0.508497
-0.496258
-0.482377
-0.470357
-0.462398
-0.459280
-0.460540
-0.464866
-0.470578
-0.476080
-0.480186
-0.482294
-0.482388
-0.480913
-0.478573
-0.476118
-0.474158
-0.473056
-0.472888
-0.473485
-0.474517
-0.475606
-0.476425
-0.476778
-0.476629
-0.476099
-0.475414
-0.474840
-0.474605
-0.474827
-0.475483
-0.476400
-0.477290
-0.477826
-0.477725
-0.476847
-0.475259
-0.473262
-0.471357
-0.470143
-0.470169
-0.471765
-0.474887
-0.479027
-0.483243
-0.486300
-0.486952
-0.484295
-0.478125
-0.469205
-0.459327
-0.451110
-0.447495
-0.451002
-0.462877
-0.482308
-0.505946
-0.527925
-0.540474
-0.535114
-0.504262
-0.442928
-0.350107
-0.229512
-0.089384
0.058652
0.201495
0.326832
0.425246
0.491699
0.526077
0.532728
0.519178
0.494384
0.466944
0.443660
0.428685
0.423347
0.426553
0.435596
0.447109
0.457948
0.465830
0.469641
0.469434
0.466167
0.461299
0.456362
0.452595
0.450715
0.450842
0.452566
0.455123
0.457628
0.459302
0.459667
0.458646
0.456580
0.454138
0.452156
0.451417
0.452431
0.455253
0.459397
0.463865
0.467331
0.468439
0.466185
0.460292
0.451479
0.441533
0.433092
0.429141
0.432262
0.443773
0.462936
0.486480
0.508597
0.521549
0.516861
0.486906
0.426607
0.334842
0.215189
0.075766
-0.071893
-0.214723
-0.340387
-0.439387
-0.506570
-0.541697
-0.549009
-0.535969
-0.511525
-0.484317
-0.461228
-0.446496
-0.441510
-0.445188
-0.454769
-0.466771
-0.477896
-0.485708
-0.488998
-0.487820
-0.483264
-0.477050
-0.471062
-0.466908
-0.465590
-0.467322
-0.471517
-0.476935
-0.481966
-0.484991
-0.484786
-0.480867
-0.473726
-0.464871
-0.456633
-0.451724
-0.452595
-0.460686
-0.475725
-0.495250
-0.514500
-0.526812
-0.524489
-0.500080
-0.447812
-0.364918
-0.252550
-0.116068
0.035386
0.189954
0.334554
0.456494
0.544958
0.592134
0.593933
0.550286
0.465084
0.345807
0.202828
0.048406
-0.104603
-0.244233
-0.360847
-0.448306
-0.504595
-0.531754
-0.535149
-0.522211
-0.500963
-0.478623
-0.460574
-0.449828
-0.447042
-0.450963
-0.459159
-0.468811
-0.477418
-0.483268
-0.485643
-0.484767
-0.481559
-0.477290
-0.473226
-0.470346
-0.469162
-0.469682
-0.471479
-0.473848
-0.476006
-0.477290
-0.477318
-0.476074
-0.473921
-0.471514
-0.469649
-0.469062
-0.470218
-0.473139
-0.477322
-0.481770
-0.485169
-0.486184
-0.483832
-0.477860
-0.469004
-0.459061
-0.450671
-0.446813
-0.450055
-0.461688
-0.480946
-0.504521
-0.526570
-0.539329
-0.534298
-0.503848
-0.442908
-0.350383
-0.229892
-0.089613
0.058845
0.202326
0.328385
0.427413
0.494157
0.528319
0.534154
0.519242
0.492761
0.463690
0.439300
0.424199
0.420016
0.425680
0.438142
0.453322
0.467089
0.476102
0.478404
0.473719
0.463436
0.450312
0.437927
0.429968
0.429421
0.437778
0.454410
0.476226
0.497765
0.511749
0.510109
0.485333
0.431911
0.347592
0.234176
0.097626
-0.052531
-0.204418
-0.345384
-0.463598
-0.549387
-0.596109
-0.600534
-0.562800
-0.486097
-0.376215
-0.241038
-0.090004
0.066484
0.217697
0.353262
0.463835
0.541700
0.581283
0.579561
0.536378
0.454651
0.340396
0.202461
0.051880
-0.099199
-0.238920
-0.357242
-0.447270
-0.506112
-0.535042
-0.538940
-0.525145
-0.501990
-0.477331
-0.457348
-0.445818
-0.443910
-0.450463
-0.462618
-0.476640
-0.488773
-0.495995
-0.496577
-0.490390
-0.478936
-0.465089
-0.452575
-0.445232
-0.446139
-0.456748
-0.476176
-0.500833
-0.524546
-0.539248
-0.536200
-0.507572
-0.448111
-0.356517
-0.236185
-0.095087
0.055270
0.201638
0.331210
0.433723
0.503049
0.537964
0.541994
0.522465
0.489015
0.451895
0.420369
0.401417
0.398864
0.412964
0.440432
0.474879
0.507641
0.528931
0.529251
0.500910
0.439441
0.344634
0.220968
0.077239
-0.074604
-0.221261
-0.350178
-0.451520
-0.519617
-0.553617
-0.557270
-0.537960
-0.505236
-0.469177
-0.438838
-0.421003
-0.419345
-0.434020
-0.461690
-0.495953
-0.528159
-0.548562
-0.547736
-0.518101
-0.455328
-0.359381
-0.234907
-0.090840
0.060807
0.206768
0.334634
0.434805
0.501893
0.535308
0.538961
0.520235
0.488491
0.453438
0.423659
0.405486
0.402300
0.414267
0.438444
0.469212
0.498964
0.519038
0.520820
0.496953
0.442505
0.355922
0.239578
0.099792
-0.053747
-0.209059
-0.353274
-0.474112
-0.561208
-0.607128
-0.608015
-0.563878
-0.478561
-0.359423
-0.216702
-0.062560
0.090202
0.229612
0.346000
0.433182
0.489107
0.515812
0.518682
0.505195
0.483426
0.460647
0.442271
0.431324
0.428452
0.432379
0.440640
0.450384
0.459084
0.465009
0.467431
0.466567
0.463331
0.458988
0.454802
0.451756
0.450379
0.450704
0.452345
0.454640
0.456843
0.458309
0.458638
0.457764
0.455959
0.453772
0.451897
0.451008
0.451573
0.453704
0.457070
0.460905
0.464136
0.465610
0.464405
0.460142
0.453244
0.445025
0.437574
0.433380
0.434738
0.443032
0.458028
0.477368
0.496438
0.508711
0.506593
0.482675
0.431166
0.349224
0.237891
0.102399
-0.048234
-0.202259
-0.346676
-0.468847
-0.557970
-0.606203
-0.609361
-0.567207
-0.483390
-0.365083
-0.222341
-0.067167
0.087697
0.230148
0.350122
0.440758
0.499118
0.526313
0.527016
0.508493
0.479343
0.448187
0.422515
0.407790
0.406876
0.419786
0.443711
0.473330
0.501388
0.519536
0.519403
0.493820
0.438018
0.350623
0.234213
0.095293
-0.056354
-0.208839
-0.349652
-0.467160
-0.551863
-0.597245
-0.600167
-0.560873
-0.482726
-0.371783
-0.236266
-0.085942
0.068582
0.216639
0.348270
0.454913
0.529905
0.568778
0.569356
0.531740
0.458249
0.353334
0.223472
0.076931
-0.076620
-0.226713
-0.362818
-0.475161
-0.555481
-0.597682
-0.598321
-0.556956
-0.476327
-0.362344
-0.223794
-0.071691
0.081760
0.224502
0.346088
0.439000
0.499557
0.528221
0.529270
0.509901
0.478988
0.445705
0.418236
0.402708
0.402444
0.417548
0.444859
0.478276
0.509459
0.528915
0.527373
0.497321
0.434460
0.338772
0.214956
0.072013
-0.077998
-0.221862
-0.347384
-0.445383
-0.511068
-0.544516
-0.550201
-0.535742
-0.510198
-0.482330
-0.459157
-0.445063
-0.441530
-0.447437
-0.459779
-0.474591
-0.487893
-0.496490
-0.498534
-0.493797
-0.483652
-0.470778
-0.458650
-0.450844
-0.450265
-0.458381
-0.474607
-0.495961
-0.517126
-0.530967
-0.529504
-0.505220
-0.452474
-0.368763
-0.255556
-0.118493
0.033116
0.187393
0.331384
0.452644
0.540651
0.587857
0.590321
0.547941
0.464382
0.346713
0.204805
0.050444
-0.103821
-0.246023
-0.366147
-0.457294
-0.516428
-0.544525
-0.546132
-0.528419
-0.499940
-0.469322
-0.444093
-0.429763
-0.429222
-0.442468
-0.466630
-0.496291
-0.524090
-0.541605
-0.540460
-0.513569
-0.456342
-0.367650
-0.250328
-0.111092
0.040178
0.191657
0.331061
0.447118
0.530747
0.575803
0.579362
0.541642
0.465704
0.357055
0.223229
0.073332
-0.082473
-0.233561
-0.369522
-0.480851
-0.559602
-0.599956
-0.598694
-0.555549
-0.473435
-0.358462
-0.219650
-0.068231
0.083460
0.223432
0.341581
0.431029
0.488968
0.516799
0.519548
0.504691
0.480667
0.455394
0.435069
0.423445
0.421636
0.428404
0.440809
0.455040
0.467287
0.474497
0.474940
0.468523
0.456807
0.442747
0.430149
0.422911
0.424137
0.435248
0.455267
0.480467
0.504515
0.519207
0.515743
0.486350
0.425974
0.333640
0.213140
0.072814
-0.075619
-0.218978
-0.344878
-0.443839
-0.510770
-0.545518
-0.552412
-0.538992
-0.514263
-0.486900
-0.463790
-0.449160
-0.444364
-0.448271
-0.458064
-0.470202
-0.481342
-0.489024
-0.492051
-0.490523
-0.485612
-0.479141
-0.473095
-0.469151
-0.468326
-0.470772
-0.475763
-0.481859
-0.487229
-0.490071
-0.489071
-0.483804
-0.474989
-0.464519
-0.455196
-0.450187
-0.452245
-0.462832
-0.481340
-0.504592
-0.526848
-0.540385
-0.536661
-0.507886
-0.448709
-0.357649
-0.237896
-0.097254
0.052873
0.199254
0.329021
0.431802
0.501346
0.536331
0.540237
0.520413
0.486583
0.449129
0.417457
0.398655
0.396589
0.411459
0.439821
0.475057
0.508241
0.529366
0.528829
0.499010
0.435711
0.339172
0.214418
0.070756
-0.079547
-0.223210
-0.348130
-0.445348
-0.510362
-0.543532
-0.549519
-0.535965
-0.511761
-0.485315
-0.463179
-0.449266
-0.444723
-0.448363
-0.457472
-0.468750
-0.479160
-0.486538
-0.489876
-0.489298
-0.485796
-0.480824
-0.475883
-0.472169
-0.470355
-0.470530
-0.472269
-0.474810
-0.477281
-0.478924
-0.479274
-0.478263
-0.476226
-0.473820
-0.471860
-0.471114
-0.472082
-0.474827
-0.478878
-0.483270
-0.486706
-0.487854
-0.485714
-0.479986
-0.471344
-0.461507
-0.453046
-0.448898
-0.451634
-0.462614
-0.481203
-0.504267
-0.526147
-0.539223
-0.535049
-0.505910
-0.446502
-0.355362
-0.235674
-0.095212
0.054662
0.200767
0.330289
0.432907
0.502408
0.537487
0.541617
0.522104
0.488601
0.451401
0.419814
0.400862
0.398389
0.412641
0.440301
0.474930
0.507810
0.529114
0.529329
0.500785
0.439067
0.344049
0.220300
0.076691
-0.074799
-0.220900
-0.349161
-0.449912
-0.517680
-0.551789
-0.556091
-0.537936
-0.506687
-0.472078
-0.442724
-0.424977
-0.422210
-0.434540
-0.458945
-0.489700
-0.519106
-0.538446
-0.539125
-0.513890
-0.457995
-0.370129
-0.252915
-0.112863
0.040262
0.194559
0.337399
0.456868
0.543019
0.588782
0.590505
0.548153
0.465247
0.348572
0.207661
0.053992
-0.100080
-0.242629
-0.363515
-0.455588
-0.515488
-0.543889
-0.545137
-0.526374
-0.496336
-0.464022
-0.437457
-0.422650
-0.422860
-0.438178
-0.465460
-0.498633
-0.529386
-0.548247
-0.545964
-0.515053
-0.451259
-0.354631
-0.229955
-0.086325
0.064116
0.208095
0.333400
0.430876
0.495797
0.528335
0.533073
0.517731
0.491458
0.463071
0.439616
0.425470
0.422079
0.428264
0.440951
0.456101
0.469668
0.478408
0.480447
0.475562
0.465159
0.451980
0.439572
0.431590
0.430996
0.439281
0.455837
0.477613
0.499182
0.513294
0.511878
0.487386
0.434242
0.350109
0.236700
0.099920
-0.050710
-0.203254
-0.344927
-0.463714
-0.549740
-0.596197
-0.599784
-0.560708
-0.482391
-0.371001
-0.234879
-0.083893
0.071279
0.219915
0.352008
0.458939
0.533981
0.572598
0.572580
0.534055
0.459461
0.353472
0.222855
0.076195
-0.076601
-0.224988
-0.358612
-0.468151
-0.546037
-0.586975
-0.588240
-0.549780
-0.474183
-0.366534
-0.234145
-0.086123
0.067249
0.215292
0.347786
0.455772
0.532177
0.572199
0.573466
0.536030
0.462279
0.356818
0.226296
0.079143
-0.074859
-0.225177
-0.361272
-0.473395
-0.553337
-0.595062
-0.595202
-0.553391
-0.472448
-0.358359
-0.219969
-0.068315
0.084431
0.226312
0.347051
0.439351
0.499752
0.528892
0.531100
0.513456
0.484529
0.453024
0.426579
0.410831
0.408817
0.420709
0.443843
0.473028
0.501116
0.519822
0.520764
0.496659
0.442502
0.356571
0.241033
0.102007
-0.050971
-0.206009
-0.350263
-0.471423
-0.559059
-0.605647
-0.607226
-0.563697
-0.478801
-0.359807
-0.216893
-0.062202
0.091414
0.231865
0.349284
0.437249
0.493465
0.519784
0.521534
0.506307
0.482491
0.457833
0.438306
0.427445
0.426198
0.433247
0.445648
0.459653
0.471546
0.478378
0.478503
0.471876
0.460067
0.446009
0.433464
0.426290
0.427556
0.438673
0.458679
0.483876
0.507967
0.522778
0.519509
0.490363
0.430225
0.338036
0.217506
0.076913
-0.072037
-0.216104
-0.342778
-0.442394
-0.509659
-0.544249
-0.550415
-0.535761
-0.509516
-0.480730
-0.456748
-0.442230
-0.438809
-0.445358
-0.458697
-0.474564
-0.488627
-0.497377
-0.498788
-0.492657
-0.480617
-0.465820
-0.452329
-0.444293
-0.444996
-0.455944
-0.476146
-0.501770
-0.526330
-0.541452
-0.538184
-0.508655
-0.447773
-0.354591
-0.232991
-0.091443
0.058172
0.202500
0.328988
0.428010
0.494374
0.527900
0.532987
0.517367
0.490352
0.461023
0.436707
0.422013
0.418512
0.425018
0.438319
0.454150
0.468199
0.476992
0.478528
0.472604
0.460817
0.446247
0.432862
0.424722
0.425059
0.435397
0.454847
0.479762
0.503889
0.519085
0.516557
0.488454
0.429526
0.338486
0.218743
0.078263
-0.071489
-0.217341
-0.346597
-0.449123
-0.518914
-0.554822
-0.560367
-0.542753
-0.511365
-0.476090
-0.445769
-0.426989
-0.423326
-0.435035
-0.459156
-0.489957
-0.519678
-0.539510
-0.540749
-0.516042
-0.460561
-0.372942
-0.255788
-0.115622
0.037742
0.192336
0.335446
0.455077
0.541217
0.586762
0.588071
0.545164
0.461661
0.344473
0.203256
0.049583
-0.104157
-0.246087
-0.366201
-0.457552
-0.517014
-0.545462
-0.547350
-0.529782
-0.501278
-0.470464
-0.444896
-0.430132
-0.429130
-0.441956
-0.465812
-0.495336
-0.523205
-0.540999
-0.540308
-0.513973
-0.457299
-0.369032
-0.251897
-0.112532
0.039196
0.191396
0.331638
0.448441
0.532496
0.577465
0.580326
0.541345
0.463801
0.353574
0.218658
0.068608
-0.086112
-0.234852
-0.367528
-0.475329
-0.551273
-0.590578
-0.590852
-0.552156
-0.476979
-0.370151
-0.238662
-0.091319
0.061797
0.210062
0.343157
0.451892
0.528898
0.569094
0.569928
0.531442
0.456217
0.349236
0.217641
0.070345
-0.082536
-0.230429
-0.363133
-0.471621
-0.548691
-0.589378
-0.591158
-0.553969
-0.480151
-0.374325
-0.243216
-0.095366
0.059319
0.210192
0.346621
0.458792
0.538465
0.579614
0.578914
0.536098
0.454137
0.339221
0.200429
0.049019
-0.102694
-0.242761
-0.361128
-0.450952
-0.509430
-0.537934
-0.541433
-0.527327
-0.503980
-0.479247
-0.459289
-0.447845
-0.446043
-0.452682
-0.464865
-0.478833
-0.490819
-0.497808
-0.498102
-0.491624
-0.479946
-0.466018
-0.453632
-0.446661
-0.448169
-0.459531
-0.479718
-0.504954
-0.528867
-0.543231
-0.539244
-0.509156
-0.447956
-0.354726
-0.233325
-0.092162
0.056977
0.200841
0.326978
0.425842
0.492286
0.526125
0.531711
0.516679
0.490219
0.461282
0.437086
0.422177
0.418136
0.423871
0.436340
0.451497
0.465260
0.474333
0.476782
0.472319
0.462284
0.449354
0.437023
0.428910
0.427979
0.435774
0.451789
0.473121
0.494511
0.508855
0.508160
0.484844
0.433159
0.350467
0.238096
0.101567
-0.049877
-0.204359
-0.348862
-0.470819
-0.559561
-0.607388
-0.610236
-0.567935
-0.484128
-0.365927
-0.223283
-0.068086
0.086998
0.229886
0.350451
0.441697
0.500502
0.527792
0.528118
0.508731
0.478360
0.445909
0.419246
0.404230
0.404027
0.418740
0.445354
0.478024
0.508715
0.528191
0.527324
0.498561
0.437357
0.343278
0.220511
0.077581
-0.073753
-0.220266
-0.349362
-0.451081
-0.519585
-0.553867
-0.557576
-0.538069
-0.504957
-0.468438
-0.437719
-0.419725
-0.418213
-0.433340
-0.461679
-0.496658
-0.529414
-0.549997
-0.548847
-0.518365
-0.454360
-0.357073
-0.231532
-0.087068
0.064001
0.208314
0.333653
0.430926
0.495509
0.527682
0.532114
0.516578
0.490233
0.461872
0.438496
0.424433
0.421094
0.427287
0.439948
0.455072
0.468658
0.477497
0.479731
0.475115
0.465000
0.452043
0.439700
0.431550
0.430532
0.438185
0.454030
0.475205
0.496507
0.510872
0.510328
0.487275
0.435907
0.353499
0.241276
0.104678
-0.047092
-0.202127
-0.347299
-0.469871
-0.558968
-0.606711
-0.608935
-0.565506
-0.480270
-0.360689
-0.217161
-0.062010
0.091808
0.232184
0.349326
0.436935
0.492860
0.519071
0.520953
0.506083
0.482758
0.458585
0.439380
0.428551
0.426992
0.433429
0.445069
0.458395
0.469957
0.477028
0.478072
0.472976
0.463039
0.450742
0.439304
0.432073
0.431805
0.439940
0.455976
0.477098
0.498185
0.512269
0.511454
0.488190
0.436688
0.354208
0.241949
0.105317
-0.046502
-0.201604
-0.346844
-0.469454
-0.558521
-0.606142
-0.608150
-0.564440
-0.478920
-0.359138
-0.215576
-0.060628
0.092730
0.232441
0.348833
0.435786
0.491354
0.517680
0.520237
0.506551
0.484710
0.461959
0.443669
0.432820
0.430023
0.433989
0.442263
0.452026
0.460785
0.466840
0.469470
0.468865
0.465886
0.461716
0.457536
0.454263
0.452408
0.452054
0.452935
0.454572
0.456424
0.458028
0.459076
0.459457
0.459229
0.458574
0.457725
0.456905
0.456277
0.455922
0.455842
0.455976
0.456228
0.456505
0.456732
0.456870
0.456916
0.456896
0.456850
0.456814
0.456809
0.456833
0.456861
0.456852
0.456764
0.456569
0.456267
0.455893
0.455517
0.455235
0.455141
0.455304
0.455742
0.456398
0.457141
0.457779
0.458099
0.457919
0.457149
0.455842
0.454218
0.452646
0.451587
0.451482
0.452627
0.455044
0.458398
0.461987
0.464842
0.465921
0.464389
0.459920
0.452940
0.444732
0.437331
0.433172
0.434512
0.442726
0.457599
0.476819
0.495822
0.508121
0.506133
0.482422
0.431126
0.349311
0.237920
0.102114
-0.049107
-0.203932
-0.349224
-0.472147
-0.561681
-0.609800
-0.612234
-0.568803
-0.483382
-0.363523
-0.219743
-0.064485
0.089213
0.229231
0.345844
0.432891
0.488400
0.514513
0.516727
0.502624
0.480366
0.457291
0.438857
0.428108
0.425669
0.430200
0.439124
0.449447
0.458475
0.464338
0.466227
0.464384
0.459874
0.454236
0.449091
0.445783
0.445109
0.447172
0.451376
0.456555
0.461217
0.463872
0.463393
0.459349
0.452225
0.443480
0.435370
0.430537
0.431384
0.439352
0.454215
0.473591
0.492822
0.505327
0.503460
0.479757
0.428373
0.346414
0.234879
0.098981
-0.052252
-0.207007
-0.352174
-0.474963
-0.564407
-0.612523
-0.615055
-0.571808
-0.486604
-0.366913
-0.223170
-0.067756
0.086311
0.226866
0.344066
0.431583
0.487257
0.513077
0.514473
0.499093
0.475324
0.450863
0.431605
0.420998
0.419924
0.427028
0.439374
0.453257
0.465025
0.471795
0.471964
0.465491
0.453904
0.440053
0.427602
0.420317
0.421225
0.431761
0.451069
0.475629
0.499355
0.514262
0.511658
0.483711
0.425102
0.334414
0.214899
0.074389
-0.075710
-0.222188
-0.352202
-0.455391
-0.525491
-0.561139
-0.565763
-0.546650
-0.513472
-0.476580
-0.445363
-0.426914
-0.425106
-0.440141
-0.468569
-0.503748
-0.536720
-0.557450
-0.556322
-0.525731
-0.461529
-0.364038
-0.238384
-0.093982
0.056811
0.200654
0.325422
0.422174
0.486465
0.518736
0.523747
0.509249
0.484238
0.457214
0.434800
0.420944
0.416776
0.421039
0.430888
0.442846
0.453684
0.461066
0.463884
0.462277
0.457389
0.450963
0.444880
0.440731
0.439490
0.441343
0.445681
0.451245
0.456407
0.459541
0.459413
0.455536
0.448399
0.439512
0.431214
0.426230
0.427026
0.435062
0.450090
0.469667
0.489056
0.501607
0.499636
0.475690
0.423991
0.341756
0.230106
0.094361
-0.056403
-0.210408
-0.354673
-0.476612
-0.565499
-0.613567
-0.616682
-0.574619
-0.490991
-0.372890
-0.230271
-0.075039
0.080116
0.223083
0.343703
0.434952
0.493689
0.520838
0.520962
0.501352
0.470796
0.438264
0.411688
0.396967
0.397262
0.412613
0.439881
0.473052
0.503904
0.523049
0.521294
0.491153
0.428303
0.332677
0.208905
0.065937
-0.084196
-0.228263
-0.354023
-0.452223
-0.517997
-0.551370
-0.556801
-0.541939
-0.515928
-0.487641
-0.464216
-0.450133
-0.446908
-0.453377
-0.466403
-0.481826
-0.495440
-0.503859
-0.505133
-0.499082
-0.487297
-0.472834
-0.459631
-0.451712
-0.452278
-0.462819
-0.482405
-0.507346
-0.531344
-0.546217
-0.543152
-0.514310
-0.454487
-0.362483
-0.241817
-0.100577
0.049662
0.195654
0.324672
0.426605
0.495519
0.530372
0.534810
0.516163
0.483930
0.448083
0.417517
0.398832
0.395575
0.407932
0.432834
0.464417
0.494780
0.514988
0.516265
0.491263
0.435260
0.347090
0.229629
0.089680
-0.062738
-0.215607
-0.356403
-0.473574
-0.557764
-0.602615
-0.605118
-0.565588
-0.487392
-0.376522
-0.241098
-0.090774
0.063925
0.212350
0.344490
0.451655
0.527017
0.565936
0.566124
0.527674
0.453029
0.346906
0.216136
0.069362
-0.083465
-0.231791
-0.365283
-0.474670
-0.552444
-0.593363
-0.594728
-0.556471
-0.481123
-0.373676
-0.241336
-0.093126
0.060708
0.209449
0.342757
0.451483
0.528336
0.568319
0.568953
0.530326
0.455032
0.348037
0.216450
0.069151
-0.083772
-0.231750
-0.364563
-0.473148
-0.550251
-0.590870
-0.592460
-0.554973
-0.480801
-0.374648
-0.243331
-0.095472
0.058985
0.209420
0.345304
0.456986
0.536424
0.577760
0.577761
0.536116
0.455593
0.342031
0.204071
0.052553
-0.100479
-0.243076
-0.364829
-0.458184
-0.519370
-0.548738
-0.550458
-0.531652
-0.501167
-0.468193
-0.440960
-0.425649
-0.425618
-0.440969
-0.468500
-0.502023
-0.533103
-0.552156
-0.549871
-0.518762
-0.454631
-0.357635
-0.232678
-0.088963
0.061305
0.204865
0.329591
0.426483
0.491006
0.523513
0.528699
0.514283
0.489268
0.462190
0.439718
0.425843
0.421723
0.426098
0.436101
0.448212
0.459157
0.466565
0.469323
0.467593
0.462576
0.456096
0.450114
0.446277
0.445568
0.448118
0.453190
0.459350
0.464776
0.467678
0.466751
0.461568
0.452844
0.442455
0.433190
0.428203
0.430243
0.440783
0.459231
0.482442
0.504709
0.518347
0.514845
0.486440
0.427791
0.337412
0.218471
0.078717
-0.070527
-0.216148
-0.345423
-0.448142
-0.518197
-0.554349
-0.560052
-0.542484
-0.511035
-0.475625
-0.445133
-0.426187
-0.422390
-0.434014
-0.458102
-0.488922
-0.518705
-0.538632
-0.539980
-0.515372
-0.459944
-0.372284
-0.254953
-0.114448
0.039417
0.194619
0.338340
0.458433
0.544719
0.589957
0.590443
0.546264
0.461253
0.342674
0.200613
0.047053
-0.105351
-0.244720
-0.361399
-0.449142
-0.505783
-0.533223
-0.536726
-0.523699
-0.502207
-0.479574
-0.461310
-0.450541
-0.447987
-0.452386
-0.461208
-0.471473
-0.480481
-0.486340
-0.488226
-0.486376
-0.481868
-0.476265
-0.471217
-0.468084
-0.467658
-0.470011
-0.474489
-0.479853
-0.484544
-0.487033
-0.486201
-0.481682
-0.474079
-0.465004
-0.456860
-0.452388
-0.454004
-0.463039
-0.479044
-0.499322
-0.518882
-0.530871
-0.527529
-0.501503
-0.447314
-0.362649
-0.249201
-0.112827
0.037034
0.188565
0.329148
0.446975
0.532397
0.578800
0.582988
0.545133
0.468451
0.358740
0.223873
0.073249
-0.082788
-0.233591
-0.368882
-0.479412
-0.557546
-0.597750
-0.596978
-0.554964
-0.474418
-0.361065
-0.223429
-0.072258
0.080457
0.222782
0.344307
0.437470
0.498495
0.527731
0.529342
0.510429
0.479795
0.446569
0.418918
0.402984
0.402132
0.416552
0.443200
0.476115
0.507103
0.526782
0.525926
0.496965
0.435416
0.340972
0.217969
0.075060
-0.075939
-0.221841
-0.350200
-0.451281
-0.519509
-0.554097
-0.558792
-0.540873
-0.509667
-0.474915
-0.445270
-0.427150
-0.424002
-0.436026
-0.460265
-0.491045
-0.520686
-0.540455
-0.541704
-0.517092
-0.461763
-0.374284
-0.257177
-0.116893
0.036798
0.191905
0.335634
0.455848
0.542364
0.587920
0.588775
0.544964
0.460253
0.341830
0.199718
0.045864
-0.107072
-0.247143
-0.364567
-0.452925
-0.509862
-0.537124
-0.539905
-0.525672
-0.502706
-0.478685
-0.459554
-0.448856
-0.447583
-0.454477
-0.466666
-0.480472
-0.492242
-0.499066
-0.499317
-0.492935
-0.481456
-0.467747
-0.455499
-0.448493
-0.449743
-0.460636
-0.480233
-0.504905
-0.528462
-0.542847
-0.539362
-0.510248
-0.450347
-0.358460
-0.238073
-0.097215
0.052612
0.198236
0.326999
0.428839
0.497847
0.532971
0.537815
0.519633
0.487824
0.452252
0.421719
0.402770
0.398956
0.410542
0.434609
0.465495
0.495512
0.515898
0.517948
0.494238
0.439805
0.353097
0.236520
0.096442
-0.057400
-0.212983
-0.357415
-0.478411
-0.565616
-0.611613
-0.612554
-0.568437
-0.483079
-0.363794
-0.220777
-0.066157
0.087249
0.227404
0.344506
0.432199
0.488244
0.514530
0.516389
0.501385
0.477841
0.453416
0.433991
0.423026
0.421445
0.427970
0.439772
0.453278
0.464975
0.472086
0.473052
0.467773
0.457604
0.445105
0.433585
0.426461
0.426517
0.435149
0.451743
0.473313
0.494542
0.508295
0.506594
0.481945
0.428776
0.344718
0.231424
0.094742
-0.055846
-0.208415
-0.350154
-0.469002
-0.555027
-0.601380
-0.604747
-0.565367
-0.486735
-0.375117
-0.238956
-0.088194
0.066474
0.214387
0.345681
0.451936
0.526644
0.565452
0.566234
0.529058
0.456128
0.351736
0.222184
0.075608
-0.078376
-0.229239
-0.366285
-0.479486
-0.560302
-0.602401
-0.602227
-0.559405
-0.476953
-0.361233
-0.221581
-0.069523
0.082419
0.222208
0.339851
0.428701
0.486239
0.514132
0.517561
0.503984
0.481622
0.457994
0.438798
0.427308
0.424320
0.428581
0.437516
0.448061
0.457421
0.463617
0.465757
0.464038
0.459525
0.453797
0.448533
0.445139
0.444456
0.446601
0.450961
0.456321
0.461127
0.463834
0.463284
0.459054
0.451682
0.442717
0.434521
0.429828
0.431088
0.439713
0.455367
0.475485
0.495188
0.507698
0.505255
0.480425
0.427565
0.344147
0.231634
0.095692
-0.054335
-0.206603
-0.348330
-0.467431
-0.553921
-0.600873
-0.604880
-0.566078
-0.487856
-0.376387
-0.240045
-0.088751
0.066754
0.215685
0.347979
0.454970
0.529903
0.568240
0.567799
0.528771
0.453682
0.347313
0.216534
0.070002
-0.082358
-0.230056
-0.362874
-0.471685
-0.549142
-0.590141
-0.592055
-0.554788
-0.480713
-0.374545
-0.243135
-0.095142
0.059453
0.209996
0.345933
0.457603
0.536954
0.578138
0.577943
0.536092
0.455407
0.341784
0.203924
0.052699
-0.099853
-0.241844
-0.362988
-0.455899
-0.516987
-0.546752
-0.549420
-0.532041
-0.503228
-0.471799
-0.445536
-0.430196
-0.428866
-0.441652
-0.465709
-0.495566
-0.523763
-0.541755
-0.541051
-0.514477
-0.457388
-0.368639
-0.251089
-0.111499
0.040182
0.192058
0.331775
0.448004
0.531631
0.576506
0.579733
0.541592
0.465229
0.356253
0.222286
0.072497
-0.082944
-0.233472
-0.368806
-0.479620
-0.558166
-0.598790
-0.598343
-0.556496
-0.475941
-0.362425
-0.224525
-0.073055
0.079923
0.222418
0.343977
0.437024
0.497792
0.526667
0.527870
0.508581
0.477687
0.444399
0.416945
0.401489
0.401369
0.416678
0.444221
0.477841
0.509142
0.528583
0.526878
0.496538
0.433322
0.337309
0.213299
0.070380
-0.079352
-0.222714
-0.347622
-0.445072
-0.510475
-0.544090
-0.550484
-0.537231
-0.513182
-0.486737
-0.464469
-0.450333
-0.445531
-0.448934
-0.457883
-0.469120
-0.479630
-0.487246
-0.490929
-0.490742
-0.487593
-0.482847
-0.477923
-0.473967
-0.471658
-0.471151
-0.472157
-0.474099
-0.476301
-0.478168
-0.479302
-0.479567
-0.479072
-0.478107
-0.477045
-0.476234
-0.475913
-0.476153
-0.476846
-0.477740
-0.478505
-0.478825
-0.478491
-0.477475
-0.475966
-0.474349
-0.473130
-0.472813
-0.473753
-0.476010
-0.479265
-0.482811
-0.485658
-0.486743
-0.485220
-0.480771
-0.473845
-0.465763
-0.458592
-0.454776
-0.456550
-0.465219
-0.480465
-0.499851
-0.518698
-0.530446
-0.527517
-0.502568
-0.449924
-0.366892
-0.254667
-0.118613
0.032182
0.185974
0.329850
0.451325
0.539782
0.587552
0.590571
0.548635
0.465327
0.347669
0.205517
0.050674
-0.104254
-0.247205
-0.368031
-0.459684
-0.518972
-0.546758
-0.547545
-0.528569
-0.498572
-0.466486
-0.440211
-0.425620
-0.425860
-0.440976
-0.467863
-0.500572
-0.530971
-0.549773
-0.547864
-0.517787
-0.455168
-0.359798
-0.236091
-0.092755
0.058370
0.204110
0.332061
0.432561
0.500116
0.534022
0.538093
0.519650
0.488032
0.452967
0.423081
0.404759
0.401433
0.413295
0.437409
0.468132
0.497820
0.517772
0.519349
0.495200
0.440432
0.353561
0.237048
0.097290
-0.055985
-0.210818
-0.354435
-0.474711
-0.561474
-0.607466
-0.608929
-0.565844
-0.481868
-0.364023
-0.222118
-0.067887
0.086157
0.228071
0.347863
0.438663
0.497463
0.525266
0.526623
0.508685
0.479950
0.448970
0.423197
0.408098
0.406582
0.418753
0.441933
0.470958
0.498728
0.517016
0.517503
0.492962
0.438447
0.352296
0.236728
0.097900
-0.054644
-0.209053
-0.352576
-0.473046
-0.560203
-0.606682
-0.608628
-0.565944
-0.482238
-0.364515
-0.222592
-0.068234
0.086003
0.228127
0.348092
0.438987
0.497776
0.525455
0.526601
0.508411
0.479457
0.448376
0.422695
0.407924
0.406968
0.419857
0.443778
0.473381
0.501371
0.519368
0.518991
0.493095
0.436973
0.349340
0.232867
0.094133
-0.057059
-0.208873
-0.348930
-0.465789
-0.550168
-0.595733
-0.599431
-0.561445
-0.484904
-0.375482
-0.240932
-0.090580
0.065253
0.215896
0.351030
0.461363
0.539248
0.579171
0.578140
0.535962
0.455421
0.342295
0.205124
0.054619
-0.097314
-0.238881
-0.359843
-0.452820
-0.514195
-0.544411
-0.547617
-0.530767
-0.502370
-0.471142
-0.444785
-0.429021
-0.426967
-0.438839
-0.461974
-0.491137
-0.519107
-0.537521
-0.537945
-0.513088
-0.457994
-0.371045
-0.254545
-0.114759
0.038656
0.193740
0.337650
0.458147
0.544926
0.590625
0.591450
0.547443
0.462440
0.343740
0.201489
0.047726
-0.104855
-0.244361
-0.361148
-0.449004
-0.505801
-0.533467
-0.537270
-0.524581
-0.503401
-0.480967
-0.462696
-0.451657
-0.448560
-0.452208
-0.460214
-0.469794
-0.478466
-0.484518
-0.487208
-0.486707
-0.483855
-0.479830
-0.475807
-0.472697
-0.471000
-0.470779
-0.471738
-0.473366
-0.475098
-0.476462
-0.477174
-0.477176
-0.476616
-0.475779
-0.474995
-0.474545
-0.474587
-0.475114
-0.475952
-0.476808
-0.477343
-0.477269
-0.476442
-0.474928
-0.473028
-0.471234
-0.470137
-0.470272
-0.471958
-0.475145
-0.479336
-0.483601
-0.486728
-0.487489
-0.484982
-0.478986
-0.470218
-0.460409
-0.452113
-0.448224
-0.451261
-0.462525
-0.481326
-0.504489
-0.526332
-0.539237
-0.534786
-0.505322
-0.445620
-0.354302
-0.234633
-0.094432
0.054943
0.200384
0.329214
0.431298
0.500619
0.536029
0.541061
0.522940
0.491077
0.455381
0.424707
0.405648
0.401783
0.413375
0.437481
0.468399
0.498400
0.518699
0.520593
0.496696
0.442110
0.355363
0.238938
0.099246
-0.053984
-0.208809
-0.352483
-0.472917
-0.559963
-0.606367
-0.608341
-0.565803
-0.482314
-0.364790
-0.222943
-0.068448
0.086175
0.228899
0.349570
0.441104
0.500267
0.527882
0.528430
0.509135
0.478747
0.446212
0.419455
0.404381
0.404178
0.418942
0.445622
0.478322
0.508950
0.528238
0.527050
0.497871
0.436229
0.341793
0.218855
0.076018
-0.074933
-0.220825
-0.349193
-0.450272
-0.518448
-0.552903
-0.557382
-0.539193
-0.507727
-0.472805
-0.443168
-0.425290
-0.422629
-0.435322
-0.460279
-0.491636
-0.521502
-0.540971
-0.541312
-0.515245
-0.458144
-0.368958
-0.250674
-0.110190
0.042428
0.195171
0.335589
0.452252
0.535952
0.580467
0.582883
0.543542
0.465761
0.355423
0.220498
0.070500
-0.084146
-0.232813
-0.365428
-0.473167
-0.549028
-0.588204
-0.588295
-0.549373
-0.473966
-0.366967
-0.235437
-0.088241
0.064520
0.212260
0.344762
0.452995
0.529774
0.570179
0.571742
0.534460
0.460711
0.355130
0.224426
0.077089
-0.077048
-0.227428
-0.363518
-0.475600
-0.555510
-0.597254
-0.597482
-0.555810
-0.475010
-0.360989
-0.222509
-0.070547
0.082733
0.225317
0.346795
0.439678
0.500303
0.529138
0.530442
0.511372
0.480738
0.447636
0.420175
0.404432
0.403722
0.418208
0.444852
0.477725
0.508679
0.528377
0.527615
0.498816
0.437455
0.343151
0.220156
0.077051
-0.074373
-0.220893
-0.349951
-0.451645
-0.520199
-0.554650
-0.558654
-0.539530
-0.506807
-0.470575
-0.439927
-0.421704
-0.419641
-0.433956
-0.461362
-0.495500
-0.527740
-0.548335
-0.547833
-0.518593
-0.456208
-0.360546
-0.236162
-0.091928
0.060154
0.206765
0.335371
0.436193
0.503645
0.536967
0.539988
0.520139
0.486988
0.450595
0.419978
0.401885
0.399976
0.414423
0.441949
0.476235
0.508719
0.529713
0.529791
0.501292
0.439733
0.344864
0.221111
0.077232
-0.074836
-0.221768
-0.350956
-0.452492
-0.520636
-0.554496
-0.557821
-0.538047
-0.504823
-0.468351
-0.437812
-0.420080
-0.418852
-0.434224
-0.462708
-0.497690
-0.530284
-0.550545
-0.548951
-0.517976
-0.453527
-0.355955
-0.230386
-0.086212
0.064251
0.207721
0.332139
0.428627
0.492791
0.525098
0.530304
0.516114
0.491449
0.464709
0.442418
0.428448
0.423907
0.427582
0.436753
0.448127
0.458683
0.466267
0.469866
0.469573
0.466317
0.461477
0.456476
0.452459
0.450099
0.449557
0.450555
0.452533
0.454838
0.456887
0.458280
0.458855
0.458668
0.457939
0.456962
0.456026
0.455341
0.455009
0.455015
0.455253
0.455571
0.455819
0.455900
0.455787
0.455539
0.455276
0.455148
0.455277
0.455723
0.456442
0.457282
0.458007
0.458347
0.458076
0.457086
0.455456
0.453473
0.451608
0.450431
0.450469
0.452050
0.455145
0.459289
0.463579
0.466817
0.467766
0.465490
0.459712
0.451084
0.441275
0.432800
0.428552
0.431097
0.441830
0.460189
0.483140
0.505127
0.518600
0.515135
0.486973
0.428701
0.338696
0.219966
0.080125
-0.069568
-0.215960
-0.346177
-0.449767
-0.520341
-0.556417
-0.561326
-0.542304
-0.509015
-0.471838
-0.440219
-0.421316
-0.419067
-0.433733
-0.461908
-0.496973
-0.529978
-0.550873
-0.550004
-0.519711
-0.455771
-0.358424
-0.232724
-0.088040
0.063263
0.207778
0.333248
0.430550
0.495038
0.526990
0.531092
0.515159
0.488413
0.459729
0.436188
0.422179
0.419129
0.425802
0.439022
0.454615
0.468389
0.476970
0.478422
0.472557
0.460939
0.446587
0.433401
0.425381
0.425737
0.436003
0.455335
0.480150
0.504260
0.519562
0.517267
0.489480
0.430868
0.340038
0.220295
0.079535
-0.070781
-0.217411
-0.347508
-0.450731
-0.520857
-0.556562
-0.561296
-0.542343
-0.509335
-0.472558
-0.441324
-0.422663
-0.420425
-0.434851
-0.462599
-0.497191
-0.529862
-0.550742
-0.550303
-0.520894
-0.458165
-0.362091
-0.237362
-0.092971
0.059003
0.205236
0.333274
0.433493
0.500501
0.533728
0.537129
0.518148
0.486217
0.451115
0.421482
0.403674
0.401050
0.413696
0.438535
0.469769
0.499608
0.519241
0.520003
0.494614
0.438380
0.350120
0.232664
0.092759
-0.059628
-0.212511
-0.353368
-0.470629
-0.554898
-0.599779
-0.602239
-0.562599
-0.484260
-0.373282
-0.237862
-0.087720
0.066593
0.214462
0.345977
0.452609
0.527713
0.566815
0.567709
0.530439
0.457246
0.352497
0.222586
0.075737
-0.078381
-0.229229
-0.366141
-0.479153
-0.559803
-0.601824
-0.601697
-0.559040
-0.476814
-0.361295
-0.221719
-0.069529
0.082786
0.223153
0.341464
0.430896
0.488724
0.516436
0.519124
0.504290
0.480367
0.455235
0.435044
0.423501
0.421695
0.428392
0.440678
0.454793
0.466974
0.474208
0.474779
0.468569
0.457085
0.443198
0.430633
0.423226
0.424066
0.434624
0.454043
0.478768
0.502654
0.517654
0.515031
0.486945
0.428114
0.337193
0.217535
0.077062
-0.072766
-0.218755
-0.348154
-0.450768
-0.520538
-0.556288
-0.561552
-0.543591
-0.511882
-0.476423
-0.446157
-0.427735
-0.424729
-0.437310
-0.462353
-0.493908
-0.523979
-0.543569
-0.543894
-0.517679
-0.460348
-0.370946
-0.252565
-0.112194
0.040060
0.192220
0.331936
0.447949
0.531245
0.575779
0.578740
0.540451
0.464064
0.355154
0.221297
0.071607
-0.083783
-0.234324
-0.369719
-0.480606
-0.559189
-0.599771
-0.599187
-0.557126
-0.476333
-0.362640
-0.224710
-0.073425
0.079136
0.221038
0.341956
0.434499
0.495101
0.524315
0.526431
0.508554
0.479333
0.447596
0.421106
0.405591
0.404113
0.416768
0.440727
0.470564
0.498874
0.517167
0.516985
0.491143
0.434940
0.347130
0.230444
0.091516
-0.059808
-0.211682
-0.351739
-0.468576
-0.552955
-0.598577
-0.602400
-0.564588
-0.488218
-0.378888
-0.244271
-0.093634
0.062711
0.214042
0.349910
0.460844
0.538992
0.578672
0.576812
0.533280
0.451088
0.336392
0.198195
0.047649
-0.103053
-0.242109
-0.359631
-0.448958
-0.507455
-0.536609
-0.541394
-0.529066
-0.507673
-0.484612
-0.465518
-0.453670
-0.449941
-0.453227
-0.461155
-0.470901
-0.479900
-0.486346
-0.489408
-0.489191
-0.486496
-0.482489
-0.478361
-0.475057
-0.473125
-0.472680
-0.473480
-0.475056
-0.476868
-0.478442
-0.479463
-0.479813
-0.479553
-0.478872
-0.478019
-0.477231
-0.476677
-0.476436
-0.476490
-0.476747
-0.477079
-0.477359
-0.477500
-0.477476
-0.477329
-0.477148
-0.477050
-0.477133
-0.477445
-0.477955
-0.478549
-0.479044
-0.479231
-0.478935
-0.478074
-0.476717
-0.475101
-0.473610
-0.472708
-0.472824
-0.474220
-0.476862
-0.480353
-0.483933
-0.486593
-0.487295
-0.485255
-0.480249
-0.472842
-0.464467
-0.457282
-0.453774
-0.456155
-0.465630
-0.481714
-0.501757
-0.520864
-0.532312
-0.528463
-0.502063
-0.447691
-0.363048
-0.249798
-0.113736
0.035782
0.187024
0.327449
0.445303
0.530956
0.577778
0.582517
0.545259
0.469112
0.359766
0.225001
0.074169
-0.082375
-0.233899
-0.369968
-0.481126
-0.559522
-0.599450
-0.597786
-0.554339
-0.472060
-0.357065
-0.218350
-0.067108
0.084378
0.224170
0.342212
0.431666
0.489749
0.517864
0.521011
0.506612
0.483027
0.458079
0.437876
0.426111
0.423887
0.430029
0.441730
0.455369
0.467343
0.474775
0.476017
0.470915
0.460805
0.448263
0.436637
0.429390
0.429343
0.437913
0.454483
0.476047
0.497257
0.510955
0.509157
0.484389
0.431126
0.347063
0.233917
0.097578
-0.052483
-0.204409
-0.345525
-0.463944
-0.549920
-0.596746
-0.601148
-0.563266
-0.486334
-0.376228
-0.240932
-0.089968
0.066219
0.216930
0.351905
0.461973
0.539623
0.579459
0.578546
0.536675
0.456543
0.343794
0.206818
0.056213
-0.096157
-0.238439
-0.360232
-0.453919
-0.515616
-0.545550
-0.547771
-0.529317
-0.498984
-0.465956
-0.438491
-0.422831
-0.422407
-0.437407
-0.464699
-0.498157
-0.529371
-0.548751
-0.546940
-0.516369
-0.452736
-0.356080
-0.231207
-0.087262
0.063547
0.207874
0.333437
0.431025
0.495881
0.528174
0.532520
0.516710
0.489987
0.461275
0.437716
0.423749
0.420820
0.427683
0.441116
0.456886
0.470736
0.479251
0.480485
0.474284
0.462290
0.447622
0.434285
0.426360
0.427080
0.437932
0.457946
0.483353
0.507756
0.522879
0.519848
0.490829
0.430713
0.338478
0.217884
0.077257
-0.071664
-0.215640
-0.342182
-0.441676
-0.508881
-0.543517
-0.549853
-0.535466
-0.509523
-0.480977
-0.457071
-0.442382
-0.438510
-0.444369
-0.456902
-0.472035
-0.485657
-0.494454
-0.496508
-0.491581
-0.481102
-0.467856
-0.455444
-0.447555
-0.447155
-0.455704
-0.472522
-0.494466
-0.516016
-0.529853
-0.527884
-0.502592
-0.448489
-0.363367
-0.249080
-0.111662
0.039287
0.191809
0.333167
0.451445
0.536898
0.582848
0.586096
0.546903
0.468695
0.357593
0.221863
0.071288
-0.083530
-0.231927
-0.363934
-0.470949
-0.546253
-0.585307
-0.585886
-0.548072
-0.474213
-0.368841
-0.238537
-0.091687
0.061953
0.211873
0.347570
0.459352
0.539087
0.580816
0.581217
0.539914
0.459648
0.346257
0.208407
0.056958
-0.096026
-0.238600
-0.360375
-0.453828
-0.515217
-0.544903
-0.547036
-0.528687
-0.498613
-0.465902
-0.438689
-0.423098
-0.422489
-0.437048
-0.463725
-0.496546
-0.527294
-0.546567
-0.545128
-0.515419
-0.453004
-0.357653
-0.233803
-0.090217
0.061186
0.207152
0.335205
0.435637
0.502939
0.536427
0.539975
0.520989
0.488912
0.453573
0.423678
0.405650
0.402896
0.415518
0.440424
0.471776
0.501729
0.521426
0.522171
0.496690
0.440327
0.351968
0.234517
0.094784
-0.057240
-0.209605
-0.349892
-0.466684
-0.550768
-0.595899
-0.599122
-0.560704
-0.483846
-0.374262
-0.239723
-0.089539
0.066010
0.216318
0.351137
0.461251
0.539064
0.579087
0.578309
0.536476
0.456279
0.343383
0.206227
0.055455
-0.097030
-0.239362
-0.361152
-0.454815
-0.516516
-0.546520
-0.548900
-0.530681
-0.500611
-0.467793
-0.440399
-0.424592
-0.423773
-0.438164
-0.464745
-0.497564
-0.528421
-0.547914
-0.546792
-0.517456
-0.455402
-0.360316
-0.236549
-0.092796
0.059045
0.205670
0.334482
0.435588
0.503268
0.536655
0.539527
0.519335
0.485737
0.448927
0.418071
0.400028
0.398495
0.413589
0.441870
0.476787
0.509522
0.530182
0.529259
0.499188
0.435784
0.339262
0.214597
0.071041
-0.079186
-0.222827
-0.347775
-0.445043
-0.510087
-0.543227
-0.549104
-0.535372
-0.510971
-0.484385
-0.462255
-0.448567
-0.444495
-0.448811
-0.458684
-0.470631
-0.481407
-0.488663
-0.491299
-0.489488
-0.484437
-0.477974
-0.472061
-0.468337
-0.467766
-0.470448
-0.475608
-0.481766
-0.487065
-0.489703
-0.488393
-0.482765
-0.473623
-0.462951
-0.453639
-0.448910
-0.451516
-0.462847
-0.482150
-0.506051
-0.528596
-0.541891
-0.537317
-0.507156
-0.446298
-0.353646
-0.232864
-0.092197
0.056659
0.200467
0.326715
0.425754
0.492323
0.526152
0.531563
0.516225
0.489422
0.460236
0.436017
0.421402
0.417988
0.424598
0.438012
0.453935
0.468021
0.476765
0.478156
0.472012
0.459984
0.445233
0.431820
0.423873
0.424654
0.435641
0.455825
0.481374
0.505825
0.520849
0.517556
0.488144
0.427581
0.334958
0.214151
0.073580
-0.074983
-0.218345
-0.344150
-0.442978
-0.509813
-0.544562
-0.551589
-0.538418
-0.513993
-0.486889
-0.463889
-0.449129
-0.443929
-0.447202
-0.456253
-0.467731
-0.478510
-0.486319
-0.490051
-0.489761
-0.486400
-0.481421
-0.476350
-0.472427
-0.470380
-0.470349
-0.471957
-0.474475
-0.477046
-0.478902
-0.479549
-0.478861
-0.477100
-0.474838
-0.472818
-0.471765
-0.472189
-0.474226
-0.477548
-0.481377
-0.484618
-0.486100
-0.484888
-0.480605
-0.473685
-0.465460
-0.458038
-0.453917
-0.455389
-0.463813
-0.478912
-0.498277
-0.517235
-0.529211
-0.526586
-0.501955
-0.449561
-0.366631
-0.254291
-0.117870
0.033525
0.188067
0.332699
0.454749
0.543407
0.590856
0.592981
0.549666
0.464739
0.345604
0.202565
0.047842
-0.105704
-0.246035
-0.363382
-0.451421
-0.507940
-0.534822
-0.537363
-0.523066
-0.500184
-0.476311
-0.457280
-0.446530
-0.444990
-0.451405
-0.462983
-0.476195
-0.487566
-0.494361
-0.495056
-0.489587
-0.479340
-0.466899
-0.455579
-0.448776
-0.449221
-0.458225
-0.475064
-0.496640
-0.517541
-0.530589
-0.527839
-0.501912
-0.447425
-0.362240
-0.248240
-0.111433
0.038657
0.190210
0.330670
0.448337
0.533668
0.580134
0.584565
0.547096
0.470850
0.361496
0.226776
0.075999
-0.080509
-0.232026
-0.368103
-0.479253
-0.557584
-0.597360
-0.595455
-0.551703
-0.469118
-0.353903
-0.215146
-0.064111
0.086901
0.226003
0.343270
0.432057
0.489796
0.518079
0.522002
0.508938
0.487028
0.463721
0.444659
0.433081
0.429786
0.433568
0.441949
0.452008
0.461113
0.467431
0.470158
0.469471
0.466290
0.461915
0.457663
0.454564
0.453179
0.453545
0.455253
0.457597
0.459786
0.461140
0.461253
0.460091
0.457992
0.455598
0.453694
0.453017
0.454047
0.456834
0.460909
0.465315
0.468767
0.469943
0.467844
0.462166
0.453571
0.443765
0.435306
0.431131
0.433820
0.444759
0.463345
0.486488
0.508571
0.522003
0.518353
0.489899
0.431305
0.341054
0.222265
0.082634
-0.066555
-0.212200
-0.341564
-0.444392
-0.514524
-0.550670
-0.556261
-0.538487
-0.506793
-0.471184
-0.440639
-0.421867
-0.418506
-0.430788
-0.455638
-0.487139
-0.517305
-0.537124
-0.537773
-0.511912
-0.454890
-0.365667
-0.247266
-0.106636
0.046103
0.198902
0.339278
0.455791
0.539239
0.583427
0.585482
0.545804
0.467777
0.357352
0.222554
0.072923
-0.081137
-0.229078
-0.360963
-0.468147
-0.543817
-0.583318
-0.584307
-0.546780
-0.473028
-0.367567
-0.237000
-0.089759
0.064331
0.214683
0.350719
0.462684
0.542406
0.583914
0.583913
0.542091
0.461288
0.347461
0.209386
0.058007
-0.094596
-0.236532
-0.357551
-0.450332
-0.511360
-0.541191
-0.544076
-0.527037
-0.498615
-0.467523
-0.441426
-0.425996
-0.424287
-0.436458
-0.459791
-0.489017
-0.516895
-0.535069
-0.535139
-0.509871
-0.454395
-0.367183
-0.250627
-0.111049
0.041889
0.196288
0.339431
0.459263
0.545679
0.591486
0.592972
0.550128
0.466581
0.349282
0.207937
0.054172
-0.099596
-0.241483
-0.361511
-0.452778
-0.512210
-0.540725
-0.542793
-0.525498
-0.497300
-0.466741
-0.441281
-0.426405
-0.425039
-0.437291
-0.460475
-0.489408
-0.516967
-0.534912
-0.534923
-0.509793
-0.454616
-0.367776
-0.251548
-0.112141
0.040860
0.195566
0.339193
0.459540
0.546318
0.592150
0.593200
0.549447
0.464646
0.346021
0.203649
0.049543
-0.103588
-0.243772
-0.361231
-0.449576
-0.506498
-0.533781
-0.536644
-0.522539
-0.499706
-0.475750
-0.456535
-0.445544
-0.443749
-0.449941
-0.461367
-0.474528
-0.485973
-0.492965
-0.493961
-0.488850
-0.478946
-0.466751
-0.455499
-0.448536
-0.448589
-0.457032
-0.473269
-0.494378
-0.515140
-0.528534
-0.526681
-0.502132
-0.449278
-0.365617
-0.252586
-0.115778
0.035551
0.189579
0.333399
0.454602
0.542686
0.590100
0.592870
0.550839
0.467585
0.350085
0.208117
0.053409
-0.101493
-0.244551
-0.365600
-0.457535
-0.517089
-0.545045
-0.545855
-0.526745
-0.496500
-0.464141
-0.437683
-0.423104
-0.423614
-0.439246
-0.466797
-0.500137
-0.530915
-0.549638
-0.547069
-0.515773
-0.451573
-0.354626
-0.229819
-0.086329
0.063675
0.206964
0.331448
0.428160
0.492589
0.525101
0.530382
0.516120
0.491259
0.464261
0.441717
0.427563
0.422945
0.426654
0.435941
0.447464
0.458142
0.465773
0.469320
0.468891
0.465467
0.460508
0.455523
0.451727
0.449812
0.449889
0.451556
0.454070
0.456568
0.458292
0.458764
0.457884
0.455944
0.453550
0.451471
0.450446
0.450981
0.453189
0.456703
0.460694
0.464015
0.465461
0.464084
0.459536
0.452306
0.443815
0.436260
0.432215
0.434006
0.442963
0.458717
0.478709
0.498097
0.510158
0.507197
0.481858
0.428574
0.344890
0.232329
0.096588
-0.053001
-0.204654
-0.345703
-0.464218
-0.550379
-0.597401
-0.601949
-0.564120
-0.487140
-0.376891
-0.241384
-0.090177
0.066245
0.217145
0.352223
0.462275
0.539768
0.579301
0.577958
0.535580
0.454940
0.341779
0.204583
0.054024
-0.098013
-0.239721
-0.360823
-0.453888
-0.515247
-0.545315
-0.548249
-0.531050
-0.502312
-0.470858
-0.444489
-0.428994
-0.427492
-0.440126
-0.464078
-0.493905
-0.522160
-0.540301
-0.539818
-0.513494
-0.456622
-0.367982
-0.250362
-0.110478
0.041719
0.194263
0.334669
0.451427
0.535227
0.579763
0.582081
0.542538
0.464523
0.354024
0.219124
0.069415
-0.084664
-0.232561
-0.364367
-0.471486
-0.547156
-0.586763
-0.587976
-0.550759
-0.477338
-0.372134
-0.241655
-0.094262
0.060240
0.211214
0.347956
0.460529
0.540559
0.581905
0.581191
0.538164
0.455879
0.340653
0.201703
0.050391
-0.100929
-0.240366
-0.358014
-0.447254
-0.505524
-0.534396
-0.538916
-0.526396
-0.504911
-0.481864
-0.462879
-0.451209
-0.447696
-0.451196
-0.459295
-0.469130
-0.478105
-0.484398
-0.487191
-0.486627
-0.483578
-0.479299
-0.475069
-0.471899
-0.470355
-0.470506
-0.471990
-0.474161
-0.476282
-0.477707
-0.478039
-0.477209
-0.475489
-0.473426
-0.471708
-0.470991
-0.471721
-0.473976
-0.477388
-0.481160
-0.484200
-0.485359
-0.483750
-0.479061
-0.471804
-0.463395
-0.456009
-0.452183
-0.454193
-0.463322
-0.479155
-0.499095
-0.518275
-0.529963
-0.526476
-0.500485
-0.446469
-0.362028
-0.248741
-0.112362
0.037729
0.189709
0.330878
0.449277
0.535068
0.581464
0.585157
0.546325
0.468335
0.357277
0.221409
0.070524
-0.084737
-0.233645
-0.366130
-0.473468
-0.548803
-0.587486
-0.587236
-0.548183
-0.472842
-0.366026
-0.234681
-0.087551
0.065346
0.213443
0.346461
0.455236
0.532404
0.572866
0.574034
0.535893
0.460951
0.354112
0.222445
0.074823
-0.078633
-0.227279
-0.360778
-0.469918
-0.547292
-0.587769
-0.588751
-0.550240
-0.474803
-0.367436
-0.235319
-0.087424
0.066063
0.214491
0.347582
0.456234
0.533179
0.573415
0.574424
0.536221
0.461303
0.354533
0.222930
0.075318
-0.078206
-0.226990
-0.360661
-0.469947
-0.547377
-0.587771
-0.588512
-0.549631
-0.473771
-0.366033
-0.233717
-0.085891
0.067217
0.214997
0.347295
0.455211
0.531709
0.571992
0.573655
0.536679
0.463350
0.358158
0.227650
0.080195
-0.074420
-0.225577
-0.362572
-0.475434
-0.555721
-0.597212
-0.596455
-0.553156
-0.470383
-0.354522
-0.214902
-0.063021
0.088647
0.228123
0.345478
0.434122
0.491581
0.519539
0.523164
0.509869
0.487795
0.464369
0.445198
0.433490
0.430032
0.433627
0.441830
0.451765
0.460845
0.467267
0.470227
0.469870
0.467044
0.462958
0.458834
0.455632
0.453893
0.453705
0.454781
0.456600
0.458571
0.460185
0.461119
0.461276
0.460774
0.459883
0.458937
0.458242
0.457998
0.458251
0.458886
0.459656
0.460252
0.460384
0.459872
0.458714
0.457119
0.455484
0.454319
0.454122
0.455231
0.457684
0.461131
0.464832
0.467765
0.468843
0.467212
0.462563
0.455378
0.447031
0.439654
0.435758
0.437628
0.446589
0.462298
0.482248
0.501651
0.513828
0.511096
0.486063
0.433090
0.349619
0.237069
0.101064
-0.049081
-0.201517
-0.343431
-0.462685
-0.549231
-0.596097
-0.599861
-0.560686
-0.482036
-0.370190
-0.233637
-0.082392
0.072770
0.221104
0.352672
0.459004
0.533568
0.572024
0.572292
0.534522
0.461025
0.356209
0.226478
0.080038
-0.073491
-0.223647
-0.359876
-0.472346
-0.552734
-0.594890
-0.595350
-0.553692
-0.472722
-0.358448
-0.219762
-0.067763
0.085310
0.227443
0.348310
0.440583
0.500796
0.529601
0.531372
0.513260
0.483924
0.452166
0.425709
0.410238
0.408782
0.421429
0.445364
0.475189
0.503538
0.521945
0.521954
0.496349
0.440367
0.352679
0.235932
0.096703
-0.055167
-0.207764
-0.348585
-0.466030
-0.550649
-0.595972
-0.598885
-0.559626
-0.481519
-0.370555
-0.234884
-0.084220
0.070838
0.219565
0.351878
0.459039
0.534192
0.572709
0.572346
0.533277
0.458050
0.351497
0.220551
0.073919
-0.078447
-0.226067
-0.358760
-0.467461
-0.544887
-0.585984
-0.588139
-0.551230
-0.477558
-0.371737
-0.240509
-0.092448
0.062496
0.213625
0.350259
0.462542
0.542204
0.583205
0.582234
0.539063
0.456730
0.341509
0.202563
0.051214
-0.100204
-0.239786
-0.357593
-0.446955
-0.505266
-0.534071
-0.538428
-0.525691
-0.504014
-0.480894
-0.462041
-0.450758
-0.447882
-0.452186
-0.461106
-0.471575
-0.480789
-0.486763
-0.488621
-0.486600
-0.481830
-0.475973
-0.470784
-0.467717
-0.467609
-0.470507
-0.475659
-0.481664
-0.486770
-0.489270
-0.487940
-0.482427
-0.473492
-0.463043
-0.453870
-0.449109
-0.451464
-0.462345
-0.481083
-0.504450
-0.526668
-0.540003
-0.535933
-0.506723
-0.447108
-0.355708
-0.235815
-0.095297
0.054425
0.200177
0.329223
0.431376
0.500593
0.535722
0.540327
0.521698
0.489341
0.453275
0.422459
0.403556
0.400152
0.412438
0.437316
0.468869
0.499132
0.519124
0.520054
0.494604
0.438126
0.349560
0.231889
0.091999
-0.060065
-0.212340
-0.352435
-0.468994
-0.552879
-0.597915
-0.601179
-0.562929
-0.486305
-0.376931
-0.242467
-0.092141
0.063798
0.214698
0.350184
0.460848
0.538881
0.578612
0.576950
0.533708
0.451814
0.337328
0.199159
0.048401
-0.102763
-0.242470
-0.360702
-0.450614
-0.509373
-0.538298
-0.542290
-0.528671
-0.505718
-0.481198
-0.461202
-0.449437
-0.447051
-0.452936
-0.464357
-0.477768
-0.489619
-0.497064
-0.498458
-0.493611
-0.483797
-0.471515
-0.460027
-0.452729
-0.452410
-0.460509
-0.476488
-0.497466
-0.518248
-0.531810
-0.530240
-0.506029
-0.453484
-0.370008
-0.256952
-0.119852
0.032036
0.186821
0.331452
0.453323
0.541715
0.588898
0.590816
0.547379
0.462404
0.343261
0.200209
0.045436
-0.108213
-0.248686
-0.366176
-0.454309
-0.510822
-0.537563
-0.539831
-0.525167
-0.501905
-0.477743
-0.458618
-0.448049
-0.446986
-0.454122
-0.466529
-0.480479
-0.492277
-0.498994
-0.499006
-0.492298
-0.480472
-0.466490
-0.454136
-0.447261
-0.448900
-0.460391
-0.480668
-0.505914
-0.529727
-0.543868
-0.539545
-0.509051
-0.447449
-0.353914
-0.232400
-0.091385
0.057329
0.200544
0.325939
0.424162
0.490280
0.524292
0.530643
0.516916
0.492082
0.464714
0.441566
0.426736
0.421506
0.424760
0.433796
0.445276
0.456098
0.464018
0.467946
0.467927
0.464875
0.460180
0.455289
0.451372
0.449118
0.448680
0.449755
0.451749
0.453975
0.455831
0.456931
0.457160
0.456654
0.455730
0.454775
0.454135
0.454021
0.454461
0.455289
0.456198
0.456818
0.456829
0.456055
0.454549
0.452610
0.450745
0.449571
0.449654
0.451333
0.454572
0.458863
0.463257
0.466511
0.467361
0.464883
0.458848
0.449992
0.440084
0.431730
0.427882
0.431097
0.442688
0.461936
0.485596
0.507890
0.521097
0.516727
0.487111
0.427094
0.335464
0.215712
0.075902
-0.072426
-0.216128
-0.342713
-0.442474
-0.510034
-0.544971
-0.551446
-0.536992
-0.510800
-0.481906
-0.457672
-0.442790
-0.438944
-0.445060
-0.458020
-0.473615
-0.487554
-0.496351
-0.497969
-0.492160
-0.480481
-0.465984
-0.452629
-0.444480
-0.444787
-0.455090
-0.474508
-0.499386
-0.523447
-0.538505
-0.535721
-0.507200
-0.447663
-0.355823
-0.235123
-0.093598
0.057175
0.203883
0.333668
0.436235
0.505449
0.540105
0.543775
0.523856
0.490073
0.452768
0.421284
0.402642
0.400656
0.415501
0.443744
0.478803
0.511806
0.532797
0.532210
0.502429
0.439222
0.342766
0.218005
0.074177
-0.076482
-0.220663
-0.346162
-0.443856
-0.509054
-0.541945
-0.547105
-0.532226
-0.506413
-0.478437
-0.455302
-0.441358
-0.438038
-0.444165
-0.456678
-0.471563
-0.484807
-0.493207
-0.494940
-0.489832
-0.479339
-0.466240
-0.454094
-0.446534
-0.446460
-0.455264
-0.472213
-0.494124
-0.515467
-0.528937
-0.526489
-0.500688
-0.446141
-0.360746
-0.246444
-0.109319
0.041037
0.192751
0.333241
0.450797
0.535895
0.582037
0.586105
0.548294
0.471791
0.362332
0.227704
0.077236
-0.078772
-0.229674
-0.365154
-0.475890
-0.554166
-0.594379
-0.593446
-0.551117
-0.470172
-0.356448
-0.218593
-0.067464
0.084893
0.226577
0.347296
0.439689
0.500216
0.529444
0.531662
0.513949
0.484907
0.453294
0.426804
0.411108
0.409248
0.421364
0.444733
0.474091
0.502222
0.520799
0.521445
0.496922
0.442320
0.356033
0.240343
0.101455
-0.051075
-0.205414
-0.348858
-0.469298
-0.556525
-0.603204
-0.605468
-0.563166
-0.479818
-0.362324
-0.220404
-0.065764
0.089035
0.231916
0.352678
0.444193
0.503204
0.530530
0.530676
0.510926
0.480107
0.447263
0.420410
0.405512
0.405765
0.421199
0.448628
0.481961
0.512897
0.531987
0.530017
0.499530
0.436286
0.340329
0.216415
0.073586
-0.076090
-0.219434
-0.344337
-0.441754
-0.507051
-0.540452
-0.546520
-0.532864
-0.508408
-0.481655
-0.459280
-0.445318
-0.440988
-0.445106
-0.454877
-0.466843
-0.477768
-0.485295
-0.488294
-0.486882
-0.482190
-0.475958
-0.470068
-0.466106
-0.465040
-0.467037
-0.471461
-0.477021
-0.482070
-0.484973
-0.484518
-0.480268
-0.472795
-0.463702
-0.455419
-0.450727
-0.452094
-0.460904
-0.476755
-0.496990
-0.516635
-0.528839
-0.525815
-0.500159
-0.446318
-0.361894
-0.248504
-0.111949
0.038333
0.190467
0.331708
0.450071
0.535708
0.581843
0.585202
0.546020
0.467735
0.356517
0.220692
0.070095
-0.084643
-0.232864
-0.364635
-0.471417
-0.546553
-0.585559
-0.586225
-0.548612
-0.475001
-0.369829
-0.239578
-0.092553
0.061514
0.212065
0.348467
0.460836
0.540822
0.582278
0.581786
0.539025
0.456966
0.341836
0.202781
0.051129
-0.100749
-0.240879
-0.359219
-0.448968
-0.507385
-0.535902
-0.539525
-0.525654
-0.502606
-0.478155
-0.458361
-0.446879
-0.444793
-0.450929
-0.462498
-0.475914
-0.487617
-0.494776
-0.495793
-0.490557
-0.480437
-0.468028
-0.456675
-0.449811
-0.450203
-0.459194
-0.476080
-0.497770
-0.518851
-0.532131
-0.529637
-0.503951
-0.449641
-0.364514
-0.250406
-0.113299
0.037273
0.189429
0.330501
0.448631
0.534111
0.580271
0.583888
0.545163
0.467433
0.356716
0.221173
0.070512
-0.084689
-0.233715
-0.366468
-0.474156
-0.549837
-0.588780
-0.588651
-0.549571
-0.474096
-0.367125
-0.235707
-0.088680
0.063886
0.211443
0.343812
0.451995
0.528830
0.569399
0.571211
0.534212
0.460709
0.355250
0.224462
0.076787
-0.077938
-0.229087
-0.365983
-0.478714
-0.558906
-0.600394
-0.599753
-0.556670
-0.474153
-0.358492
-0.218921
-0.066859
0.085239
0.225346
0.343404
0.432641
0.490378
0.518129
0.520986
0.506421
0.482800
0.457916
0.437820
0.426145
0.423950
0.430039
0.441617
0.455100
0.466936
0.474293
0.475550
0.470547
0.460577
0.448151
0.436538
0.429140
0.428756
0.436846
0.452898
0.474065
0.495177
0.509224
0.508285
0.484817
0.433076
0.350396
0.238064
0.101561
-0.049897
-0.204439
-0.349024
-0.471054
-0.559814
-0.607574
-0.610261
-0.567723
-0.483662
-0.365267
-0.222575
-0.067544
0.087139
0.229433
0.349326
0.439996
0.498520
0.525999
0.527071
0.508938
0.480118
0.449152
0.423456
0.408456
0.407031
0.419269
0.442499
0.471581
0.499448
0.517898
0.518615
0.494347
0.440092
0.354104
0.238519
0.099433
-0.053625
-0.208746
-0.353048
-0.474173
-0.561643
-0.607914
-0.609040
-0.564977
-0.479562
-0.360181
-0.217124
-0.062612
0.090494
0.230172
0.346715
0.433922
0.489740
0.516222
0.518792
0.504984
0.482945
0.460022
0.441699
0.431040
0.428684
0.433284
0.442243
0.452534
0.461435
0.467063
0.468623
0.466405
0.461550
0.455697
0.450559
0.447545
0.447463
0.450351
0.455471
0.461457
0.466590
0.469193
0.468044
0.462765
0.454067
0.443793
0.434672
0.429802
0.431892
0.442405
0.460774
0.483904
0.506150
0.519878
0.516604
0.488543
0.430290
0.340256
0.221493
0.081652
-0.067992
-0.214289
-0.344398
-0.447909
-0.518478
-0.554654
-0.559769
-0.541024
-0.508017
-0.471040
-0.439450
-0.420345
-0.417656
-0.431704
-0.459216
-0.493761
-0.526593
-0.547827
-0.547882
-0.519026
-0.456798
-0.361058
-0.236394
-0.091739
0.060826
0.207894
0.336852
0.437859
0.505292
0.538385
0.541004
0.520654
0.487004
0.450229
0.419455
0.401503
0.400040
0.415177
0.443494
0.478475
0.511339
0.532218
0.531600
0.501883
0.438805
0.342489
0.217814
0.073967
-0.076838
-0.221277
-0.347097
-0.445105
-0.510533
-0.543515
-0.548607
-0.533527
-0.507449
-0.479247
-0.456033
-0.442242
-0.439337
-0.446098
-0.459337
-0.474851
-0.488412
-0.496629
-0.497582
-0.491148
-0.479000
-0.464287
-0.451037
-0.443331
-0.444374
-0.455589
-0.475913
-0.501468
-0.525754
-0.540424
-0.536594
-0.506495
-0.445155
-0.351746
-0.230239
-0.089143
0.059699
0.203048
0.328542
0.426791
0.492838
0.526675
0.532764
0.518734
0.493625
0.466096
0.442982
0.428436
0.423744
0.427727
0.437550
0.449683
0.460817
0.468529
0.471643
0.470259
0.465512
0.459163
0.453124
0.449012
0.447814
0.449713
0.454072
0.459596
0.464625
0.467510
0.467026
0.462729
0.455183
0.445996
0.437602
0.432796
0.434062
0.442806
0.458649
0.478959
0.498784
0.511289
0.508695
0.483595
0.430417
0.346737
0.234126
0.098333
-0.051278
-0.202913
-0.343925
-0.462424
-0.548642
-0.595830
-0.600666
-0.563220
-0.486651
-0.376746
-0.241414
-0.090133
0.066641
0.218125
0.353894
0.464557
0.542368
0.581742
0.579673
0.536053
0.453879
0.339260
0.201142
0.050630
-0.100109
-0.239267
-0.356924
-0.446367
-0.504910
-0.534003
-0.538614
-0.526037
-0.504390
-0.481168
-0.462103
-0.450540
-0.447366
-0.451411
-0.460162
-0.470594
-0.479925
-0.486166
-0.488405
-0.486813
-0.482429
-0.476810
-0.471621
-0.468261
-0.467571
-0.469678
-0.473985
-0.479296
-0.484082
-0.486813
-0.486343
-0.482240
-0.475020
-0.466193
-0.458069
-0.453331
-0.454395
-0.462662
-0.477829
-0.497402
-0.516604
-0.528765
-0.526207
-0.501517
-0.448984
-0.365916
-0.253537
-0.117256
0.033782
0.187776
0.331765
0.453230
0.541541
0.589041
0.591706
0.549397
0.465783
0.347973
0.205896
0.051390
-0.102961
-0.245184
-0.365284
-0.456408
-0.515564
-0.543762
-0.545553
-0.528076
-0.499816
-0.469312
-0.444001
-0.429331
-0.428190
-0.440641
-0.463959
-0.492927
-0.520401
-0.538135
-0.537829
-0.512327
-0.456797
-0.369717
-0.253451
-0.114264
0.038252
0.192276
0.335162
0.454908
0.541436
0.587546
0.589479
0.547145
0.464065
0.347076
0.205789
0.051772
-0.102550
-0.245210
-0.366072
-0.458023
-0.517770
-0.546053
-0.547268
-0.528573
-0.498673
-0.466505
-0.440004
-0.425105
-0.425025
-0.439877
-0.466613
-0.499318
-0.529872
-0.548969
-0.547448
-0.517780
-0.455506
-0.360325
-0.236580
-0.092940
0.058737
0.205195
0.333883
0.434947
0.502695
0.536261
0.539402
0.519519
0.486197
0.449549
0.418666
0.400365
0.398347
0.412795
0.440399
0.474786
0.507324
0.528270
0.528177
0.499407
0.437549
0.342456
0.218667
0.075023
-0.076513
-0.222675
-0.350996
-0.451781
-0.519526
-0.553535
-0.557655
-0.539263
-0.507768
-0.472977
-0.443579
-0.425984
-0.423579
-0.436439
-0.461429
-0.492662
-0.522254
-0.541329
-0.541218
-0.514724
-0.457315
-0.368032
-0.249934
-0.109944
0.041904
0.193710
0.333193
0.449136
0.532546
0.577365
0.580733
0.542899
0.466919
0.358270
0.224444
0.074511
-0.081385
-0.232616
-0.368740
-0.480205
-0.559014
-0.599311
-0.597861
-0.554423
-0.471970
-0.356701
-0.217731
-0.066371
0.085016
0.224475
0.342017
0.430942
0.488648
0.516718
0.520275
0.506756
0.484390
0.460736
0.441535
0.430093
0.427218
0.431638
0.440735
0.451389
0.460754
0.466822
0.468707
0.466657
0.461824
0.455894
0.450649
0.447558
0.447464
0.450408
0.455617
0.461666
0.466777
0.469228
0.467791
0.462125
0.453023
0.442437
0.433205
0.428503
0.431055
0.442257
0.461392
0.485156
0.507676
0.521131
0.516957
0.487441
0.427429
0.335736
0.215903
0.076037
-0.072291
-0.215933
-0.342419
-0.442084
-0.509600
-0.544582
-0.551204
-0.536979
-0.511039
-0.482338
-0.458149
-0.443099
-0.438850
-0.444377
-0.456680
-0.471728
-0.485427
-0.494462
-0.496878
-0.492372
-0.482287
-0.469311
-0.456957
-0.448859
-0.447983
-0.455857
-0.471941
-0.493282
-0.514569
-0.528651
-0.527509
-0.503559
-0.451080
-0.367482
-0.254161
-0.116712
0.035542
0.190644
0.335494
0.457451
0.545782
0.592770
0.594396
0.550633
0.465377
0.346085
0.203093
0.048630
-0.104468
-0.244225
-0.360977
-0.448544
-0.504865
-0.531956
-0.535180
-0.522004
-0.500516
-0.478020
-0.459979
-0.449460
-0.447117
-0.451634
-0.460441
-0.470541
-0.479239
-0.484674
-0.486075
-0.483751
-0.478865
-0.473065
-0.468065
-0.465257
-0.465408
-0.468503
-0.473738
-0.479683
-0.484582
-0.486755
-0.485028
-0.479121
-0.469885
-0.459309
-0.450253
-0.445876
-0.448855
-0.460503
-0.479996
-0.503915
-0.526283
-0.539220
-0.534157
-0.503455
-0.442102
-0.349111
-0.228233
-0.087769
0.060595
0.203700
0.329182
0.427589
0.493870
0.527922
0.534138
0.520112
0.494895
0.467192
0.443898
0.429228
0.424513
0.428589
0.438601
0.450974
0.462328
0.470171
0.473274
0.471715
0.466651
0.459911
0.453509
0.449180
0.448020
0.450271
0.455288
0.461682
0.467610
0.471189
0.470950
0.466265
0.457643
0.446811
0.436520
0.430040
0.430400
0.439488
0.457181
0.480742
0.504678
0.521202
0.521330
0.496466
0.440224
0.350084
0.228492
0.083091
-0.074074
-0.228283
-0.364496
-0.469893
-0.536076
-0.560531
-0.547088
-0.505324
-0.449046
