-0.015744
-0.014013
-0.011835
-0.009050
-0.006024
-0.003725
-0.003619
-0.007395
-0.016594
-0.032206
-0.054363
-0.082185
-0.113845
-0.146839
-0.178406
-0.206011
-0.227764
-0.242702
-0.250883
-0.253268
-0.251464
-0.247366
-0.242804
-0.239240
-0.237578
-0.238085
-0.240441
-0.243874
-0.247374
-0.249921
-0.250725
-0.249412
-0.246140
-0.241624
-0.237031
-0.233765
-0.233153
-0.236084
-0.242656
-0.251927
-0.261850
-0.269427
-0.271114
-0.263420
-0.243603
-0.210307
-0.163999
-0.107079
-0.043599
0.021365
0.082564
0.135464
0.176968
0.205810
0.222567
0.229291
0.228899
0.224486
0.218717
0.213438
0.209556
0.207188
0.205973
0.205460
0.205421
0.206015
0.207744
0.211205
0.216726
0.223985
0.231728
0.237717
0.238941
0.232090
0.214213
0.183419
0.139440
0.083927
0.020366
-0.046373
-0.110795
-0.167659
-0.212820
-0.243852
-0.260349
-0.263874
-0.257598
-0.245715
-0.232733
-0.222764
-0.218869
-0.222558
-0.233492
-0.249435
-0.266501
-0.279708
-0.283796
-0.274213
-0.248128
-0.205250
-0.148266
-0.082730
-0.016364
0.042170
0.084786
0.105475
0.101452
0.073678
0.026621
-0.032669
-0.095961
-0.155389
-0.204779
-0.240504
-0.261711
-0.269969
-0.268479
-0.261113
-0.251504
-0.242407
-0.235420
-0.231053
-0.229069
-0.228929
-0.230193
-0.232748
-0.236793
-0.242604
-0.250162
-0.258770
-0.266810
-0.271755
-0.270479
-0.259841
-0.237405
-0.202137
-0.154864
-0.098349
-0.036918
0.024316
0.080445
0.127741
0.164351
0.190507
0.208196
0.220355
0.229816
0.238282
0.245635
0.249793
0.247192
0.233814
0.206514
0.164305
0.109236
0.046568
-0.015887
-0.069174
-0.105073
-0.118002
-0.106463
-0.073642
-0.026957
0.023363
0.066364
0.092617
0.096106
0.075306
0.033235
-0.023482
-0.086275
-0.146546
-0.197403
-0.234799
-0.257873
-0.268507
-0.270285
-0.267185
-0.262344
-0.257202
-0.251209
-0.242104
-0.226673
-0.201741
-0.165169
-0.116581
-0.057694
0.007817
0.074842
0.137607
0.190500
0.228802
0.249205
0.250087
0.231555
0.195319
0.144426
0.082924
0.015474
-0.053056
-0.117978
-0.175107
-0.220992
-0.253035
-0.269517
-0.269569
-0.253136
-0.220971
-0.174661
-0.116671
-0.050362
0.020070
0.089754
0.153429
0.205835
0.242201
0.258800
0.253515
0.226337
0.179706
0.118550
0.049946
-0.017648
-0.075527
-0.116067
-0.133984
-0.127255
-0.097452
-0.049407
0.009748
0.071948
0.129662
0.177130
0.211119
0.231084
0.238769
0.237403
0.230741
0.222199
0.214249
0.208197
0.204313
0.202218
0.201367
0.201468
0.202690
0.205608
0.210886
0.218809
0.228795
0.239081
0.246699
0.247838
0.238553
0.215701
0.177894
0.126231
0.064588
-0.000669
-0.061536
-0.109655
-0.137775
-0.141090
-0.118167
-0.071300
-0.006225
0.068699
0.143684
0.208866
0.255613
0.277645
0.271874
0.238867
0.182901
0.111541
0.034722
-0.036627
-0.092279
-0.124464
-0.129365
-0.107989
-0.066161
-0.013538
0.038233
0.077842
0.096665
0.090573
0.060813
0.013730
-0.040594
-0.090458
-0.124946
-0.136069
-0.120207
-0.078609
-0.016918
0.056069
0.130071
0.195060
0.242732
0.267515
0.267049
0.242160
0.196436
0.135516
0.066203
-0.004497
-0.070312
-0.126497
-0.170389
-0.201588
-0.221742
-0.233932
-0.241773
-0.248418
-0.255672
-0.263443
-0.269665
-0.270753
-0.262499
-0.241247
-0.205058
-0.154602
-0.093535
-0.028220
0.033170
0.082025
0.110836
0.114608
0.091818
0.044774
-0.020694
-0.096106
-0.171566
-0.237151
-0.284234
-0.306590
-0.301195
-0.268654
-0.213210
-0.142302
-0.065659
0.006026
0.062713
0.096683
0.103951
0.085102
0.045322
-0.006483
-0.059331
-0.102266
-0.126453
-0.126813
-0.102830
-0.058356
-0.000517
0.062005
0.120859
0.169651
0.204935
0.226404
0.236317
0.238382
0.236425
0.233196
0.229615
0.224600
0.215494
0.198944
0.171975
0.132982
0.082382
0.022770
-0.041456
-0.104885
-0.162096
-0.208637
-0.241760
-0.260776
-0.266991
-0.263306
-0.253572
-0.241880
-0.231893
-0.226314
-0.226549
-0.232560
-0.242916
-0.255001
-0.265376
-0.270242
-0.265981
-0.249705
-0.219744
-0.175992
-0.120053
-0.055136
0.014268
0.082895
0.145297
0.196430
0.232152
0.249606
0.247456
0.225999
0.187144
0.134261
0.071876
0.005209
-0.060410
-0.120179
-0.170407
-0.208933
-0.235272
-0.250472
-0.256718
-0.256770
-0.253386
-0.248844
-0.244664
-0.241555
-0.239577
-0.238434
-0.237795
-0.237553
-0.237939
-0.239447
-0.242611
-0.247674
-0.254260
-0.261144
-0.266223
-0.266709
-0.259554
-0.242019
-0.212278
-0.169904
-0.116142
-0.053871
0.012712
0.078638
0.138803
0.188573
0.224240
0.243291
0.244499
0.227875
0.194560
0.146689
0.087278
0.020090
-0.050500
-0.119692
-0.182498
-0.234056
-0.269996
-0.286878
-0.282662
-0.257159
-0.212377
-0.152643
-0.084401
-0.015623
0.045144
0.089966
0.112745
0.110213
0.082509
0.033183
-0.031353
-0.102809
-0.172236
-0.231252
-0.273076
-0.293246
-0.289981
-0.264194
-0.219203
-0.160186
-0.093445
-0.025534
0.037647
0.091669
0.134146
0.164936
0.185888
0.200151
0.211186
0.221687
0.232689
0.243101
0.249830
0.248514
0.234740
0.205459
0.160258
0.102101
0.037291
-0.025457
-0.076689
-0.108297
-0.115501
-0.098225
-0.061433
-0.014270
0.031863
0.065887
0.079644
0.069875
0.039050
-0.005195
-0.051901
-0.089463
-0.108496
-0.104159
-0.077359
-0.034545
0.013869
0.056031
0.081514
0.083803
0.061821
0.020162
-0.031978
-0.082870
-0.120801
-0.136497
-0.124917
-0.086088
-0.024901
0.049968
0.127707
0.197207
0.248770
0.275434
0.273813
0.244404
0.191411
0.122121
0.045913
-0.027014
-0.087067
-0.126633
-0.141208
-0.130021
-0.096041
-0.045298
0.014340
0.074693
0.128758
0.171840
0.202081
0.220312
0.229291
0.232570
0.233301
0.233262
0.232368
0.228748
0.219355
0.200935
0.171081
0.129096
0.076431
0.016569
-0.045605
-0.104799
-0.156400
-0.197371
-0.226729
-0.245490
-0.256103
-0.261565
-0.264430
-0.266017
-0.265990
-0.262452
-0.252499
-0.233107
-0.202099
-0.158953
-0.105214
-0.044397
0.018604
0.078452
0.130429
0.171324
0.199959
0.217202
0.225507
0.228097
0.228015
0.227285
0.226363
0.224034
0.217722
0.204172
0.180298
0.144034
0.094983
0.034748
-0.033114
-0.103466
-0.170223
-0.227097
-0.268372
-0.289601
-0.288189
-0.263819
-0.218679
-0.157438
-0.086911
-0.015408
0.048234
0.095792
0.120832
0.119687
0.092069
0.041179
-0.026681
-0.102946
-0.177905
-0.241954
-0.286798
-0.306516
-0.298357
-0.263212
-0.205669
-0.133584
-0.057121
0.012695
0.065742
0.094633
0.096207
0.072333
0.029737
-0.021225
-0.068660
-0.101696
-0.112907
-0.100028
-0.066507
-0.020705
0.026098
0.062431
0.079428
0.073001
0.044846
0.002011
-0.044853
-0.084128
-0.106083
-0.105233
-0.081640
-0.040831
0.007578
0.052195
0.082490
0.091100
0.075272
0.037141
-0.017122
-0.079014
-0.139743
-0.192097
-0.231694
-0.257379
-0.270771
-0.275176
-0.274226
-0.270637
-0.265408
-0.257636
-0.244967
-0.224500
-0.193880
-0.152243
-0.100762
-0.042618
0.017584
0.074796
0.124625
0.164255
0.192921
0.211824
0.223517
0.230935
0.236353
0.240569
0.242540
0.239605
0.228248
0.205217
0.168732
0.119425
0.060779
-0.001131
-0.058542
-0.103391
-0.128862
-0.130730
-0.108209
-0.064100
-0.004264
0.063431
0.130424
0.188731
0.231944
0.255819
0.258450
0.240102
0.202840
0.150075
0.086117
0.015793
-0.055878
-0.123954
-0.183810
-0.231360
-0.263296
-0.277315
-0.272366
-0.248848
-0.208725
-0.155474
-0.093809
-0.029155
0.033078
0.088301
0.133446
0.167400
0.191005
0.206624
0.217327
0.225906
0.233958
0.241297
0.245858
0.244176
0.232337
0.207193
0.167545
0.114962
0.053992
-0.008361
-0.063811
-0.104387
-0.124063
-0.120039
-0.093319
-0.048464
0.007445
0.066361
0.120933
0.165887
0.198781
0.219995
0.232003
0.238176
0.241470
0.243350
0.243260
0.238773
0.226378
0.202703
0.165829
0.116342
0.057802
-0.003532
-0.059707
-0.102589
-0.125527
-0.124769
-0.100263
-0.055678
0.002372
0.065678
0.126033
0.176696
0.213414
0.234839
0.242305
0.239126
0.229614
0.218084
0.208041
0.201691
0.199808
0.201916
0.206686
0.212430
0.217555
0.220921
0.222017
0.220982
0.218476
0.215454
0.212905
0.211607
0.211941
0.213806
0.216637
0.219535
0.221479
0.221589
0.219389
0.215006
0.209253
0.203550
0.199672
0.199337
0.203704
0.212892
0.225626
0.239149
0.249470
0.251976
0.242327
0.217482
0.176632
0.121801
0.057914
-0.007750
-0.066681
-0.110623
-0.133119
-0.130776
-0.103933
-0.056608
0.004287
0.070259
0.132772
0.184698
0.221372
0.241109
0.245141
0.237059
0.221940
0.205321
0.192214
0.186284
0.189269
0.200714
0.218018
0.236813
0.251644
0.256892
0.247822
0.221612
0.178142
0.120384
0.054209
-0.012385
-0.070571
-0.112257
-0.131601
-0.126141
-0.097255
-0.049834
0.008756
0.070184
0.126779
0.172878
0.205629
0.225080
0.233608
0.234874
0.232601
0.229480
0.226460
0.222559
0.215214
0.201049
0.176844
0.140482
0.091638
0.032084
-0.034447
-0.102765
-0.166966
-0.221240
-0.260609
-0.281484
-0.282004
-0.262171
-0.223794
-0.170277
-0.106267
-0.037177
0.031385
0.094224
0.147128
0.187309
0.213649
0.226716
0.228561
0.222339
0.211819
0.200854
0.192855
0.190323
0.194464
0.204938
0.219790
0.235601
0.247909
0.251882
0.243183
0.218901
0.178361
0.123631
0.059553
-0.006774
-0.067026
-0.113007
-0.138086
-0.138391
-0.113521
-0.066634
-0.003906
0.066489
0.135641
0.195161
0.238221
0.260252
0.259264
0.235837
0.192834
0.134919
0.067929
-0.001853
-0.068462
-0.126976
-0.174090
-0.208451
-0.230653
-0.242899
-0.248358
-0.250367
-0.251619
-0.253515
-0.255824
-0.256698
-0.253067
-0.241318
-0.218128
-0.181289
-0.130365
-0.067064
0.004740
0.079335
0.149803
0.208860
0.249828
0.267606
0.259557
0.226163
0.171319
0.102136
0.028159
-0.039967
-0.092249
-0.121207
-0.123449
-0.100565
-0.059030
-0.009024
0.037653
0.070153
0.081039
0.068037
0.034607
-0.010862
-0.057066
-0.092550
-0.108540
-0.101136
-0.072296
-0.029357
0.016800
0.054479
0.074111
0.070649
0.044827
0.002973
-0.044577
-0.086036
-0.111055
-0.113221
-0.091570
-0.050780
-0.000044
0.049048
0.085082
0.099218
0.086911
0.048612
-0.010586
-0.082160
-0.155883
-0.221633
-0.270937
-0.298018
-0.300269
-0.278195
-0.234959
-0.175674
-0.106586
-0.034245
0.035249
0.096871
0.147104
0.184148
0.207903
0.219731
0.222064
0.217938
0.210529
0.202756
0.196974
0.194775
0.196870
0.203042
0.212154
0.222227
0.230592
0.234154
0.229745
0.214568
0.186659
0.145309
0.091348
0.027250
-0.042989
-0.114184
-0.180459
-0.235854
-0.274983
-0.293683
-0.289609
-0.262705
-0.215489
-0.153037
-0.082608
-0.012866
0.047245
0.089806
0.109185
0.102988
0.072468
0.022291
-0.040311
-0.106833
-0.168959
-0.219892
-0.255312
-0.273821
-0.276848
-0.268094
-0.252679
-0.236151
-0.223513
-0.218403
-0.222502
-0.235234
-0.253799
-0.273560
-0.288750
-0.293475
-0.282850
-0.254114
-0.207489
-0.146562
-0.078023
-0.010719
0.045860
0.083407
0.096537
0.084052
0.049390
0.000124
-0.053421
-0.100134
-0.130242
-0.137108
-0.118340
-0.076003
-0.015965
0.053398
0.122797
0.183555
0.228778
0.254008
0.257364
0.239275
0.201985
0.148995
0.084573
0.013394
-0.059691
-0.129802
-0.192148
-0.242191
-0.275907
-0.290163
-0.283191
-0.255084
-0.208189
-0.147242
-0.079116
-0.012117
0.045129
0.085017
0.102269
0.094897
0.064574
0.016288
-0.042653
-0.104068
-0.160444
-0.206242
-0.238666
-0.257769
-0.265912
-0.266762
-0.264102
-0.260738
-0.257765
-0.254326
-0.247896
-0.234984
-0.212091
-0.176674
-0.127932
-0.067245
0.001806
0.073800
0.142158
0.200005
0.241090
0.260658
0.256173
0.227822
0.178718
0.114723
0.043855
-0.024712
-0.081954
-0.120399
-0.135361
-0.125723
-0.094065
-0.046064
0.010722
0.068413
0.120340
0.162201
0.192546
0.212527
0.224986
0.233177
0.239475
0.244433
0.246467
0.242267
0.227844
0.199953
0.157485
0.102443
0.040155
-0.021410
-0.073145
-0.106798
-0.116994
-0.102732
-0.067944
-0.020903
0.027447
0.065865
0.085341
0.081165
0.054016
0.009826
-0.041555
-0.088561
-0.120431
-0.129466
-0.112520
-0.071424
-0.012338
0.055749
0.122966
0.180493
0.222087
0.244946
0.249822
0.240487
0.222709
0.203010
0.187409
0.180347
0.183932
0.197579
0.218086
0.240146
0.257247
0.262863
0.251769
0.221264
0.172055
0.108548
0.038412
-0.028621
-0.082542
-0.115130
-0.121812
-0.102881
-0.063706
-0.013797
0.035139
0.071731
0.087500
0.078812
0.047747
0.001635
-0.048636
-0.091153
-0.115749
-0.116352
-0.092372
-0.048824
0.004807
0.056642
0.094931
0.110434
0.098179
0.058271
-0.004307
-0.080755
-0.160079
-0.230928
-0.283310
-0.309978
-0.307342
-0.275873
-0.219997
-0.147501
-0.068502
0.005959
0.065533
0.102202
0.111640
0.094037
0.054159
0.000585
-0.055795
-0.103724
-0.133586
-0.139065
-0.118128
-0.073168
-0.010350
0.061657
0.133221
0.195264
0.240467
0.264039
0.264001
0.241074
0.198276
0.140338
0.073030
0.002472
-0.065542
-0.126139
-0.175830
-0.212783
-0.236856
-0.249402
-0.252875
-0.250315
-0.244823
-0.239090
-0.235070
-0.233811
-0.235457
-0.239382
-0.244430
-0.249207
-0.252392
-0.253025
-0.250727
-0.245836
-0.239403
-0.233046
-0.228656
-0.227977
-0.232124
-0.241139
-0.253677
-0.266951
-0.277000
-0.279285
-0.269562
-0.244860
-0.204378
-0.150055
-0.086639
-0.021173
0.038060
0.082946
0.106995
0.106553
0.081473
0.035131
-0.026210
-0.094501
-0.161219
-0.218596
-0.260549
-0.283193
-0.284933
-0.266236
-0.229217
-0.177177
-0.114171
-0.044685
0.026609
0.095023
0.155996
0.205263
0.239067
0.254468
0.249721
0.224695
0.181228
0.123307
0.056947
-0.010309
-0.070261
-0.115169
-0.138935
-0.138094
-0.112416
-0.064979
-0.001716
0.069462
0.139773
0.200709
0.245044
0.267606
0.265771
0.239701
0.192321
0.129051
0.057284
-0.014392
-0.077187
-0.123212
-0.146549
-0.144095
-0.116026
-0.065797
0.000330
0.074130
0.146488
0.208514
0.252598
0.273268
0.267842
0.236796
0.183835
0.115603
0.040981
-0.030020
-0.087678
-0.124118
-0.134716
-0.119052
-0.081163
-0.028970
0.027051
0.075712
0.107106
0.114332
0.094631
0.049729
-0.014622
-0.089730
-0.165436
-0.231665
-0.279811
-0.303801
-0.300755
-0.271239
-0.219138
-0.151174
-0.076089
-0.003553
0.057108
0.098217
0.114862
0.105624
0.072724
0.021559
-0.040328
-0.104608
-0.163596
-0.211442
-0.244871
-0.263354
-0.268754
-0.264582
-0.255066
-0.244263
-0.235360
-0.230279
-0.229597
-0.232732
-0.238306
-0.244592
-0.249932
-0.253081
-0.253421
-0.251037
-0.246661
-0.241514
-0.237051
-0.234665
-0.235362
-0.239481
-0.246469
-0.254802
-0.262053
-0.265141
-0.260754
-0.245866
-0.218296
-0.177190
-0.123340
-0.059274
0.010905
0.081903
0.147790
0.202639
0.241182
0.259442
0.255268
0.228751
0.182448
0.121328
0.052395
-0.016058
-0.075487
-0.118301
-0.139016
-0.135109
-0.107399
-0.059850
0.001145
0.067841
0.132325
0.187567
0.228159
0.250652
0.253545
0.237024
0.202606
0.152806
0.090909
0.020844
-0.052873
-0.125202
-0.190732
-0.243976
-0.279857
-0.294351
-0.285227
-0.252741
-0.200104
-0.133530
-0.061709
0.005328
0.057826
0.088147
0.092408
0.071514
0.031238
-0.018772
-0.066924
-0.102165
-0.116446
-0.106571
-0.074968
-0.029151
0.020020
0.060879
0.083681
0.082868
0.058345
0.015466
-0.036210
-0.085077
-0.120004
-0.132631
-0.118949
-0.079867
-0.020742
0.049892
0.122059
0.186092
0.234072
0.260735
0.263799
0.243790
0.203523
0.147416
0.080785
0.009213
-0.061943
-0.127900
-0.184658
-0.229087
-0.258933
-0.272789
-0.270068
-0.251010
-0.216718
-0.169199
-0.111356
-0.046887
0.019934
0.084568
0.142583
0.190008
0.223623
0.241158
0.241404
0.224257
0.190721
0.142874
0.083789
0.017379
-0.051826
-0.118984
-0.179295
-0.228364
-0.262542
-0.279219
-0.277061
-0.256171
-0.218160
-0.166085
-0.104226
-0.037676
0.028227
0.088553
0.139403
0.178375
0.204768
0.219500
0.224738
0.223373
0.218422
0.212526
0.207593
0.204664
0.203974
0.205154
0.207507
0.210284
0.212879
0.214935
0.216343
0.217164
0.217516
0.217470
0.217003
0.216003
0.214359
0.212069
0.209348
0.206693
0.204839
0.204622
0.206738
0.211455
0.218341
0.226082
0.232477
0.234630
0.229343
0.213664
0.185474
0.144008
0.090185
0.026677
-0.042314
-0.111517
-0.175219
-0.227933
-0.265022
-0.283204
-0.280895
-0.258387
-0.217836
-0.163064
-0.099156
-0.031861
0.033129
0.090948
0.138203
0.173388
0.196925
0.210842
0.218107
0.221805
0.224313
0.226680
0.228360
0.227341
0.220656
0.205145
0.178291
0.138939
0.087730
0.027166
-0.038697
-0.104833
-0.165951
-0.217179
-0.254575
-0.275416
-0.278284
-0.263001
-0.230497
-0.182695
-0.122431
-0.053393
0.019932
0.092379
0.158344
0.212152
0.248593
0.263584
0.254894
0.222796
0.170503
0.104187
0.032453
-0.034766
-0.087787
-0.118959
-0.124276
-0.104396
-0.064766
-0.014705
0.034422
0.071582
0.088460
0.081302
0.051752
0.006475
-0.044349
-0.089304
-0.118232
-0.124352
-0.105538
-0.064476
-0.007759
0.055804
0.117213
0.169113
0.207058
0.229946
0.239639
0.239929
0.235194
0.229076
0.223514
0.218309
0.211292
0.198993
0.177639
0.144219
0.097389
0.038033
-0.030602
-0.103215
-0.173102
-0.233044
-0.276296
-0.297550
-0.293778
-0.264853
-0.213848
-0.146910
-0.072669
-0.001140
0.057731
0.095713
0.107785
0.093182
0.055709
0.003211
-0.053756
-0.103788
-0.136666
-0.145153
-0.126187
-0.081293
-0.016185
0.060300
0.137670
0.205383
0.254321
0.277981
0.273269
0.240876
0.185212
0.113887
0.036757
-0.035416
-0.092568
-0.126961
-0.134567
-0.115887
-0.075986
-0.023660
0.030160
0.074445
0.100139
0.101795
0.078443
0.033511
-0.026138
-0.091789
-0.154671
-0.207585
-0.246000
-0.268467
-0.276363
-0.273102
-0.263100
-0.250737
-0.239551
-0.231782
-0.228294
-0.228800
-0.232273
-0.237397
-0.242943
-0.247989
-0.251984
-0.254669
-0.255944
-0.255740
-0.253971
-0.250586
-0.245698
-0.239752
-0.233639
-0.228682
-0.226447
-0.228383
-0.235326
-0.247019
-0.261749
-0.276294
-0.286234
-0.286682
-0.273303
-0.243464
-0.197202
-0.137760
-0.071456
-0.006806
0.046986
0.081889
0.092844
0.079042
0.044346
-0.003326
-0.053529
-0.095421
-0.119984
-0.121799
-0.099984
-0.058070
-0.002904
0.057103
0.113923
0.161550
0.196957
0.220179
0.233587
0.240608
0.244302
0.246187
0.245664
0.240185
0.226122
0.200105
0.160447
0.108247
0.047821
-0.013724
-0.067735
-0.105813
-0.121757
-0.113142
-0.082139
-0.035330
0.017467
0.065087
0.097206
0.106323
0.089116
0.046913
-0.014738
-0.087246
-0.160573
-0.224910
-0.272104
-0.296660
-0.296221
-0.271558
-0.226170
-0.165589
-0.096510
-0.025845
0.040197
0.096887
0.141510
0.173537
0.194413
0.206970
0.214584
0.220245
0.225759
0.231257
0.235139
0.234479
0.225803
0.206053
0.173512
0.128448
0.073284
0.012254
-0.049410
-0.106553
-0.155158
-0.193117
-0.220481
-0.239147
-0.252027
-0.261960
-0.270648
-0.277946
-0.281715
-0.278335
-0.263772
-0.234949
-0.191065
-0.134461
-0.070757
-0.008108
0.044308
0.078275
0.088506
0.074099
0.039057
-0.008325
-0.057123
-0.096124
-0.116322
-0.112937
-0.086499
-0.042722
0.008783
0.056627
0.090078
0.101246
0.086540
0.047145
-0.011508
-0.081041
-0.151817
-0.214629
-0.262021
-0.289080
-0.293642
-0.276042
-0.238587
-0.184930
-0.119525
-0.047215
0.027014
0.098171
0.161357
0.211907
0.245652
0.259322
0.251079
0.221086
0.171958
0.108914
0.039486
-0.027325
-0.082344
-0.117810
-0.128896
-0.114818
-0.079220
-0.029677
0.023626
0.069775
0.099171
0.105282
0.085745
0.042605
-0.018286
-0.088518
-0.158687
-0.219926
-0.265125
-0.289651
-0.291583
-0.271503
-0.232023
-0.177189
-0.111879
-0.041282
0.029512
0.095808
0.153496
0.199165
0.230168
0.244681
0.241786
0.221575
0.185273
0.135300
0.075227
0.009549
-0.056727
-0.118637
-0.171884
-0.213375
-0.241598
-0.256744
-0.260564
-0.256012
-0.246732
-0.236488
-0.228611
-0.225524
-0.228387
-0.236905
-0.249320
-0.262606
-0.272880
-0.275982
-0.268183
-0.246891
-0.211234
-0.162377
-0.103470
-0.039199
0.025002
0.083910
0.133448
0.171362
0.197468
0.213429
0.222098
0.226609
0.229447
0.231727
0.232875
0.230774
0.222357
0.204479
0.174858
0.132848
0.079832
0.019136
-0.044512
-0.105855
-0.160081
-0.203665
-0.234888
-0.253920
-0.262504
-0.263353
-0.259440
-0.253381
-0.247033
-0.241397
-0.236783
-0.233150
-0.230487
-0.229086
-0.229604
-0.232883
-0.239559
-0.249577
-0.261766
-0.273646
-0.281585
-0.281339
-0.268930
-0.241672
-0.199106
-0.143584
-0.080291
-0.016607
0.039103
0.079045
0.097552
0.092240
0.064498
0.019140
-0.036676
-0.095005
-0.148755
-0.192993
-0.225620
-0.247259
-0.260456
-0.268433
-0.273771
-0.277396
-0.278158
-0.273131
-0.258566
-0.231236
-0.189821
-0.135914
-0.074327
-0.012538
0.040659
0.077019
0.090772
0.080135
0.047982
0.001480
-0.049273
-0.093291
-0.120944
-0.125877
-0.106158
-0.064432
-0.007081
0.057325
0.119897
0.173162
0.212285
0.235579
0.244288
0.241799
0.232556
0.220950
0.210465
0.203193
0.199784
0.199744
0.201941
0.205155
0.208513
0.211691
0.214870
0.218464
0.222715
0.227295
0.231023
0.231811
0.226870
0.213156
0.187982
0.149663
0.098065
0.034937
-0.036034
-0.109487
-0.178914
-0.237413
-0.278558
-0.297319
-0.290912
-0.259469
-0.206387
-0.138225
-0.064054
0.005750
0.061130
0.094148
0.100577
0.080915
0.040512
-0.011317
-0.063070
-0.103384
-0.123407
-0.118684
-0.090108
-0.043720
0.010577
0.061103
0.096789
0.109338
0.094726
0.053783
-0.008182
-0.082519
-0.158835
-0.226694
-0.277122
-0.303729
-0.303361
-0.276313
-0.226146
-0.159190
-0.083771
-0.009240
0.055149
0.101384
0.123731
0.119487
0.089337
0.037228
-0.030194
-0.104502
-0.176583
-0.237746
-0.280724
-0.300455
-0.294634
-0.263975
-0.212205
-0.145714
-0.072871
-0.003004
0.054865
0.093361
0.107912
0.097496
0.064748
0.015389
-0.042952
-0.102252
-0.155613
-0.198427
-0.228933
-0.248056
-0.258605
-0.264078
-0.267391
-0.269876
-0.270814
-0.267618
-0.256619
-0.234266
-0.198417
-0.149388
-0.090451
-0.027641
0.031148
0.077564
0.104404
0.107037
0.084344
0.038964
-0.023163
-0.093818
-0.163846
-0.224521
-0.268694
-0.291578
-0.291105
-0.267898
-0.224936
-0.166998
-0.099969
-0.030086
0.036819
0.095981
0.144189
0.180028
0.203815
0.217257
0.222912
0.223556
0.221625
0.218832
0.216035
0.213370
0.210576
0.207399
0.203958
0.200931
0.199504
0.201055
0.206659
0.216512
0.229470
0.242857
0.252659
0.254151
0.242872
0.215769
0.172241
0.114795
0.049083
-0.016787
-0.073613
-0.112875
-0.128548
-0.118545
-0.085398
-0.036008
0.019529
0.069779
0.104095
0.114585
0.097496
0.053804
-0.011073
-0.088285
-0.167053
-0.236356
-0.286539
-0.310645
-0.305334
-0.271339
-0.213412
-0.139743
-0.060881
0.011784
0.067808
0.099483
0.103290
0.080688
0.037983
-0.014794
-0.065831
-0.103940
-0.120900
-0.113194
-0.082748
-0.036464
0.015334
0.061169
0.090870
0.097638
0.079269
0.038306
-0.018844
-0.083535
-0.146810
-0.201155
-0.241716
-0.266759
-0.277400
-0.276771
-0.268939
-0.257853
-0.246594
-0.237047
-0.229977
-0.225422
-0.223182
-0.223240
-0.225928
-0.231799
-0.241225
-0.253868
-0.268209
-0.281339
-0.289173
-0.287114
-0.271090
-0.238736
-0.190421
-0.129792
-0.063594
-0.000681
0.049653
0.079693
0.085181
0.066568
0.029236
-0.017461
-0.062179
-0.094162
-0.105792
-0.094460
-0.063235
-0.020142
0.023829
0.057488
0.072300
0.064574
0.036429
-0.004739
-0.048169
-0.082523
-0.098839
-0.092875
-0.066217
-0.025874
0.017557
0.052657
0.070178
0.065463
0.039664
-0.000551
-0.044738
-0.081385
-0.100901
-0.098093
-0.073497
-0.033243
0.012521
0.052200
0.075668
0.076782
0.054872
0.014871
-0.033912
-0.080013
-0.112462
-0.123191
-0.108650
-0.070314
-0.014035
0.051486
0.116702
0.173170
0.215040
0.239818
0.248335
0.244051
0.231956
0.217337
0.204709
0.197068
0.195579
0.199661
0.207413
0.216223
0.223458
0.227070
0.226052
0.220657
0.212356
0.203533
0.196972
0.195194
0.199772
0.210747
0.226300
0.242779
0.255169
0.257959
0.246305
0.217266
0.170816
0.110380
0.042646
-0.023390
-0.078043
-0.112920
-0.122817
-0.107076
-0.070011
-0.020247
0.030963
0.072072
0.093726
0.090804
0.063560
0.017586
-0.037370
-0.089447
-0.127101
-0.141387
-0.127625
-0.086170
-0.022202
0.055317
0.135235
0.206039
0.257602
0.282616
0.277585
0.243291
0.184708
0.110356
0.031128
-0.041317
-0.096420
-0.126559
-0.128511
-0.104199
-0.060460
-0.007806
0.041676
0.076847
0.089935
0.078265
0.044865
-0.002225
-0.051813
-0.092162
-0.113730
-0.111380
-0.085549
-0.042106
0.009040
0.056205
0.088529
0.098259
0.082233
0.042266
-0.015553
-0.082414
-0.148739
-0.206079
-0.248541
-0.273530
-0.281727
-0.276464
-0.262696
-0.245867
-0.230877
-0.221323
-0.219069
-0.224147
-0.234926
-0.248464
-0.260982
-0.268383
-0.266788
-0.253037
-0.225127
-0.182549
-0.126473
-0.059770
0.013161
0.086740
0.154711
0.210758
0.249205
0.265743
0.258121
0.226718
0.174852
0.108715
0.036812
-0.031107
-0.085537
-0.118869
-0.126889
-0.109750
-0.072137
-0.022498
0.028535
0.070223
0.093839
0.094323
0.071110
0.027950
-0.028208
-0.088946
-0.146269
-0.194206
-0.229728
-0.252830
-0.265829
-0.272131
-0.274848
-0.275650
-0.274185
-0.268198
-0.254321
-0.229305
-0.191363
-0.141220
-0.082569
-0.021760
0.033255
0.074476
0.095543
0.093118
0.067629
0.023162
-0.033446
-0.094081
-0.151024
-0.198395
-0.233042
-0.254708
-0.265488
-0.268789
-0.268079
-0.265789
-0.262610
-0.257364
-0.247441
-0.229658
-0.201299
-0.161056
-0.109627
-0.049814
0.013898
0.076158
0.131759
0.176593
0.208325
0.226666
0.233213
0.230943
0.223510
0.214508
0.206862
0.202435
0.201891
0.204805
0.209943
0.215662
0.220320
0.222648
0.222017
0.218570
0.213200
0.207382
0.202868
0.201291
0.203745
0.210398
0.220247
0.231067
0.239620
0.242115
0.234867
0.215040
0.181322
0.134358
0.076828
0.013099
-0.051490
-0.111578
-0.162751
-0.202293
-0.229550
-0.245824
-0.253816
-0.256784
-0.257609
-0.258011
-0.258092
-0.256301
-0.249838
-0.235378
-0.209948
-0.171768
-0.120851
-0.059258
0.009046
0.078670
0.143523
0.197613
0.235818
0.254503
0.251950
0.228555
0.186790
0.130924
0.066501
-0.000375
-0.063893
-0.119371
-0.163925
-0.196808
-0.219303
-0.234174
-0.244762
-0.253941
-0.263189
-0.272018
-0.277948
-0.277070
-0.265105
-0.238731
-0.196833
-0.141368
-0.077532
-0.013140
0.042732
0.081569
0.097299
0.087773
0.055473
0.007250
-0.046892
-0.095689
-0.128759
-0.138547
-0.121644
-0.079265
-0.016853
0.057026
0.132207
0.198549
0.247369
0.272523
0.271052
0.243391
0.193205
0.126891
0.052796
-0.019792
-0.081799
-0.125536
-0.145730
-0.140221
-0.110211
-0.059998
0.003748
0.073018
0.139592
0.196063
0.236612
0.257452
0.256964
0.235607
0.195650
0.140831
0.075945
0.006385
-0.062361
-0.125234
-0.178104
-0.218184
-0.244289
-0.256903
-0.258046
-0.250951
-0.239607
-0.228190
-0.220464
-0.219190
-0.225612
-0.239115
-0.257126
-0.275350
-0.288372
-0.290589
-0.277363
-0.246185
-0.197589
-0.135551
-0.067182
-0.001672
0.051392
0.084000
0.091561
0.074129
0.036665
-0.011807
-0.060040
-0.096984
-0.114241
-0.107962
-0.079698
-0.036014
0.013056
0.056324
0.083946
0.089513
0.071238
0.031997
-0.021701
-0.081494
-0.139189
-0.188496
-0.226068
-0.251623
-0.267238
-0.276056
-0.280855
-0.282888
-0.281352
-0.273630
-0.256243
-0.226252
-0.182679
-0.127534
-0.066065
-0.006094
0.043498
0.074785
0.082818
0.067096
0.032045
-0.013702
-0.059119
-0.093286
-0.107971
-0.099630
-0.070304
-0.027159
0.019246
0.057532
0.078281
0.076322
0.051965
0.010894
-0.037241
-0.081127
-0.110404
-0.117948
-0.101267
-0.062731
-0.008671
0.052363
0.111676
0.162295
0.200191
0.224612
0.237543
0.242518
0.243170
0.241937
0.239264
0.233503
0.221525
0.199848
0.165980
0.119595
0.063218
0.002215
-0.055954
-0.103040
-0.131593
-0.136446
-0.115778
-0.071538
-0.009173
0.063238
0.136225
0.200299
0.247227
0.271052
0.268771
0.240657
0.190214
0.123782
0.049795
-0.022258
-0.083091
-0.124923
-0.142628
-0.134508
-0.102503
-0.051780
0.010234
0.075179
0.135182
0.184073
0.218183
0.236612
0.240981
0.234787
0.222544
0.208894
0.197830
0.192138
0.193083
0.200334
0.212102
0.225431
0.236627
0.241766
0.237249
0.220335
0.189600
0.145224
0.089077
0.024545
-0.043853
-0.111004
-0.171797
-0.221657
-0.256954
-0.275246
-0.275371
-0.257431
-0.222714
-0.173581
-0.113332
-0.046023
0.023754
0.091157
0.151409
0.200138
0.233705
0.249508
0.246245
0.224112
0.184902
0.131942
0.069828
0.003944
-0.060222
-0.117830
-0.165392
-0.201238
-0.225629
-0.240471
-0.248666
-0.253269
-0.256628
-0.259725
-0.261880
-0.260897
-0.253611
-0.236730
-0.207754
-0.165763
-0.111878
-0.049280
0.017227
0.081999
0.139520
0.185324
0.216712
0.233113
0.236065
0.228858
0.215917
0.202045
0.191640
0.187974
0.192631
0.205161
0.223031
0.241910
0.256301
0.260477
0.249612
0.220912
0.174514
0.113916
0.045754
-0.021130
-0.077210
-0.114139
-0.126528
-0.113245
-0.077888
-0.028252
0.025098
0.070887
0.099336
0.104027
0.083031
0.039062
-0.021321
-0.089214
-0.155212
-0.211168
-0.251516
-0.273953
-0.279433
-0.271579
-0.255707
-0.237689
-0.222873
-0.215200
-0.216618
-0.226827
-0.243364
-0.261997
-0.277395
-0.284000
-0.277014
-0.253352
-0.212418
-0.156514
-0.090781
-0.022610
0.039425
0.086927
0.113087
0.113862
0.088691
0.040607
-0.024240
-0.097526
-0.169968
-0.232569
-0.277722
-0.300060
-0.296990
-0.268931
-0.219248
-0.153912
-0.080857
-0.009082
0.052459
0.096043
0.116263
0.110803
0.080759
0.030410
-0.033502
-0.102837
-0.169248
-0.225273
-0.265156
-0.285300
-0.284370
-0.263109
-0.223974
-0.170678
-0.107716
-0.039922
0.027939
0.091490
0.146978
0.191403
0.222537
0.238879
0.239584
0.224425
0.193823
0.148943
0.091831
0.025527
-0.045905
-0.117482
-0.183580
-0.238377
-0.276449
-0.293475
-0.286969
-0.256924
-0.206234
-0.140720
-0.068652
0.000270
0.056376
0.091708
0.101573
0.085605
0.048045
-0.002904
-0.056554
-0.101762
-0.129061
-0.132430
-0.110322
-0.065736
-0.005374
0.061876
0.126770
0.181419
0.220559
0.242161
0.247373
0.239878
0.224899
0.208077
0.194419
0.187493
0.188931
0.198268
0.213105
0.229547
0.242843
0.248170
0.241452
0.220091
0.183502
0.133320
0.073213
0.008302
-0.055735
-0.113690
-0.161761
-0.198173
-0.223322
-0.239399
-0.249575
-0.256954
-0.263569
-0.269678
-0.273579
-0.271995
-0.260986
-0.237161
-0.198907
-0.147289
-0.086383
-0.022890
0.034929
0.078773
0.101941
0.100704
0.075080
0.028839
-0.031258
-0.096787
-0.159242
-0.211508
-0.248933
-0.269834
-0.275396
-0.269072
-0.255678
-0.240384
-0.227778
-0.221155
-0.222072
-0.230206
-0.243482
-0.258433
-0.270747
-0.275938
-0.270059
-0.250376
-0.215885
-0.167587
-0.108426
-0.042902
0.023619
0.085754
0.138951
0.180156
0.208171
0.223649
0.228742
0.226529
0.220351
0.213213
0.207349
0.204024
0.203548
0.205475
0.208898
0.212762
0.216130
0.218361
0.219184
0.218676
