-0.016234
-0.014767
-0.012819
-0.010203
-0.007271
-0.004989
-0.004834
-0.008520
-0.017621
-0.033166
-0.055320
-0.083232
-0.115088
-0.148385
-0.180348
-0.208414
-0.230659
-0.246087
-0.254725
-0.257515
-0.256056
-0.252249
-0.247935
-0.244595
-0.243149
-0.243875
-0.246458
-0.250124
-0.253853
-0.256616
-0.257610
-0.256448
-0.253287
-0.248840
-0.244279
-0.241024
-0.240420
-0.243375
-0.250006
-0.259390
-0.269482
-0.277278
-0.279215
-0.271770
-0.252158
-0.218981
-0.172669
-0.115594
-0.051800
0.013626
0.075409
0.128973
0.171173
0.200700
0.218092
0.225380
0.225474
0.221476
0.216064
0.211108
0.207536
0.205482
0.204597
0.204430
0.204750
0.205706
0.207786
0.211575
0.217391
0.224907
0.232870
0.239049
0.240439
0.233734
0.215983
0.185283
0.141345
0.085794
0.022091
-0.044916
-0.109736
-0.167120
-0.212896
-0.244599
-0.261777
-0.265948
-0.260248
-0.248847
-0.236248
-0.226572
-0.222901
-0.226772
-0.237867
-0.253965
-0.271183
-0.284526
-0.288712
-0.279167
-0.253040
-0.210037
-0.152860
-0.087099
-0.020518
0.038175
0.080866
0.101549
0.097485
0.069715
0.022824
-0.036016
-0.098472
-0.156617
-0.204288
-0.237933
-0.256845
-0.262774
-0.259117
-0.249912
-0.238911
-0.228913
-0.221489
-0.217057
-0.215247
-0.215373
-0.216858
-0.219490
-0.223415
-0.228916
-0.236021
-0.244119
-0.251685
-0.256278
-0.254821
-0.244175
-0.221854
-0.186724
-0.139478
-0.082745
-0.020741
0.041465
0.098930
0.147790
0.185968
0.213411
0.231796
0.243789
0.252033
0.258168
0.262156
0.262128
0.254836
0.236620
0.204684
0.158324
0.099770
0.034350
-0.030154
-0.084893
-0.121788
-0.135399
-0.124345
-0.091891
-0.045509
0.004543
0.047281
0.073235
0.076330
0.054977
0.012135
-0.045598
-0.109620
-0.171236
-0.223379
-0.261766
-0.285278
-0.295554
-0.295998
-0.290515
-0.282298
-0.272976
-0.262296
-0.248356
-0.228308
-0.199294
-0.159388
-0.108301
-0.047705
0.018889
0.086612
0.149963
0.203584
0.242942
0.264810
0.267522
0.251010
0.216698
0.167273
0.106410
0.038448
-0.031947
-0.100107
-0.161663
-0.212770
-0.250277
-0.271826
-0.275927
-0.262020
-0.230555
-0.183071
-0.122235
-0.051820
0.023440
0.098107
0.166414
0.222733
0.262098
0.280754
0.276688
0.250085
0.203597
0.142346
0.073556
0.005777
-0.052236
-0.092824
-0.110669
-0.103696
-0.073418
-0.024612
0.035609
0.099139
0.158322
0.207191
0.242247
0.262659
0.269915
0.267081
0.257879
0.245841
0.233689
0.223072
0.214629
0.208307
0.203787
0.200872
0.199702
0.200732
0.204480
0.211118
0.220045
0.229590
0.236972
0.238609
0.230748
0.210317
0.175814
0.128019
0.070304
0.008443
-0.050133
-0.097486
-0.126525
-0.132288
-0.112879
-0.069903
-0.008314
0.064252
0.138525
0.204858
0.254502
0.280765
0.279950
0.251951
0.200444
0.132571
0.058080
-0.012050
-0.067355
-0.099737
-0.105050
-0.084075
-0.042559
0.009757
0.061003
0.099585
0.116607
0.107766
0.074283
0.022656
-0.036716
-0.091698
-0.130882
-0.145801
-0.132445
-0.091797
-0.029397
0.045890
0.123570
0.193273
0.246276
0.276556
0.281314
0.260988
0.218861
0.160361
0.092182
0.021308
-0.045927
-0.104660
-0.152061
-0.187531
-0.212496
-0.229793
-0.242776
-0.254315
-0.265920
-0.277193
-0.285784
-0.287867
-0.279093
-0.255797
-0.216204
-0.161336
-0.095356
-0.025240
0.040208
0.091828
0.121737
0.124794
0.099593
0.048782
-0.021309
-0.101636
-0.181771
-0.251369
-0.301542
-0.325978
-0.321721
-0.289549
-0.233933
-0.162549
-0.085333
-0.013139
0.043879
0.077919
0.084943
0.065498
0.024750
-0.028380
-0.082845
-0.127554
-0.153461
-0.155212
-0.131974
-0.087300
-0.028086
0.037084
0.099784
0.153348
0.193888
0.220530
0.234932
0.240252
0.239909
0.236460
0.230876
0.222365
0.208760
0.187327
0.155754
0.113059
0.060160
-0.000039
-0.063062
-0.123666
-0.176835
-0.218702
-0.247208
-0.262343
-0.265978
-0.261351
-0.252362
-0.242840
-0.235920
-0.233615
-0.236612
-0.244281
-0.254839
-0.265646
-0.273558
-0.275339
-0.268075
-0.249582
-0.218752
-0.175792
-0.122313
-0.061243
0.003449
0.067156
0.125114
0.172887
0.206782
0.224183
0.223770
0.205647
0.171359
0.123800
0.066975
0.005612
-0.055355
-0.111385
-0.158884
-0.195626
-0.220943
-0.235634
-0.241635
-0.241528
-0.238005
-0.233410
-0.229441
-0.227051
-0.226537
-0.227757
-0.230390
-0.234157
-0.238937
-0.244745
-0.251574
-0.259164
-0.266759
-0.272954
-0.275688
-0.272447
-0.260640
-0.238114
-0.203665
-0.157457
-0.101207
-0.038097
0.027593
0.091046
0.147535
0.192977
0.224325
0.239732
0.238527
0.221066
0.188548
0.142860
0.086492
0.022504
-0.045486
-0.113335
-0.176495
-0.230232
-0.269991
-0.291868
-0.293193
-0.273102
-0.233020
-0.176876
-0.110957
-0.043308
0.017273
0.062512
0.085980
0.084173
0.057129
0.008449
-0.055287
-0.125567
-0.193243
-0.249812
-0.288493
-0.304955
-0.297651
-0.267784
-0.218959
-0.156587
-0.087107
-0.017102
0.047602
0.102727
0.146085
0.177733
0.199691
0.215221
0.227816
0.240110
0.252989
0.265134
0.273168
0.272431
0.258231
0.227320
0.179193
0.116867
0.046850
-0.021797
-0.079178
-0.116686
-0.129051
-0.115768
-0.081483
-0.035173
0.011776
0.048136
0.065468
0.060135
0.034178
-0.005188
-0.047365
-0.081011
-0.096879
-0.090143
-0.061621
-0.017602
0.031679
0.074538
0.100663
0.103593
0.082246
0.041176
-0.010472
-0.060997
-0.098673
-0.114162
-0.102322
-0.063065
-0.001193
0.074649
0.153590
0.224363
0.277022
0.304299
0.302495
0.271850
0.216410
0.143456
0.062518
-0.015903
-0.081801
-0.127093
-0.146803
-0.139748
-0.108579
-0.059135
0.000780
0.062924
0.120123
0.167429
0.202667
0.226311
0.240741
0.249135
0.254280
0.257630
0.258828
0.255812
0.245457
0.224565
0.190940
0.144251
0.086442
0.021572
-0.044887
-0.107126
-0.160162
-0.200791
-0.228097
-0.243381
-0.249567
-0.250238
-0.248573
-0.246471
-0.244062
-0.239747
-0.230719
-0.213846
-0.186662
-0.148216
-0.099549
-0.043677
0.014928
0.071214
0.120568
0.159718
0.187286
0.203873
0.211681
0.213771
0.213170
0.212038
0.211096
0.209435
0.204742
0.193867
0.173610
0.141548
0.096720
0.040061
-0.025496
-0.095257
-0.163272
-0.223025
-0.268235
-0.293659
-0.295843
-0.273736
-0.229081
-0.166496
-0.093152
-0.018030
0.049191
0.099485
0.125837
0.124351
0.094909
0.041234
-0.029639
-0.108371
-0.184632
-0.248486
-0.291678
-0.308668
-0.297343
-0.259340
-0.199939
-0.127495
-0.052384
0.014472
0.063342
0.087435
0.084290
0.056462
0.011253
-0.040599
-0.087060
-0.117376
-0.124484
-0.106680
-0.068099
-0.017817
0.032245
0.070141
0.086778
0.078120
0.046179
-0.001470
-0.053542
-0.097786
-0.123948
-0.126212
-0.104529
-0.064532
-0.016090
0.029078
0.060135
0.069510
0.054378
0.016946
-0.036443
-0.097071
-0.155960
-0.205807
-0.242262
-0.264328
-0.273871
-0.274481
-0.270048
-0.263467
-0.255810
-0.246149
-0.232034
-0.210443
-0.178930
-0.136609
-0.084712
-0.026553
0.033093
0.089026
0.136771
0.173535
0.198697
0.213705
0.221420
0.225081
0.227212
0.228753
0.228688
0.224267
0.211817
0.187916
0.150650
0.100609
0.041342
-0.020902
-0.078119
-0.121987
-0.145476
-0.144259
-0.117587
-0.068463
-0.003099
0.070178
0.142292
0.204760
0.250752
0.275734
0.277691
0.256974
0.215934
0.158435
0.089368
0.014190
-0.061475
-0.132181
-0.192969
-0.239633
-0.268968
-0.278986
-0.269117
-0.240351
-0.195280
-0.137975
-0.073635
-0.008002
0.053411
0.106155
0.147544
0.177039
0.196182
0.208043
0.216288
0.224072
0.233042
0.242726
0.250483
0.252094
0.242870
0.219043
0.179088
0.124620
0.060597
-0.005293
-0.063970
-0.106745
-0.127129
-0.122213
-0.093286
-0.045504
0.013291
0.074306
0.129651
0.173840
0.204600
0.222813
0.231670
0.235310
0.237325
0.239565
0.241531
0.240539
0.232585
0.213689
0.181347
0.135691
0.080031
0.020589
-0.034546
-0.077005
-0.099893
-0.099277
-0.075042
-0.030911
0.026358
0.088383
0.146819
0.194874
0.228366
0.246124
0.249738
0.242793
0.229833
0.215318
0.202800
0.194439
0.190913
0.191655
0.195300
0.200207
0.204922
0.208499
0.210624
0.211567
0.211983
0.212659
0.214242
0.217041
0.220914
0.225273
0.229196
0.231615
0.231567
0.228440
0.222185
0.213451
0.203583
0.194485
0.188305
0.187006
0.191854
0.202938
0.218841
0.236571
0.251831
0.259655
0.255323
0.235416
0.198767
0.147089
0.085072
0.019853
-0.040077
-0.086358
-0.112305
-0.114191
-0.091965
-0.049241
0.007419
0.069771
0.129399
0.179150
0.214228
0.232751
0.235762
0.226735
0.210740
0.193443
0.180090
0.174627
0.179044
0.193018
0.213895
0.237039
0.256529
0.266154
0.260565
0.236415
0.193264
0.134018
0.064764
-0.006062
-0.069059
-0.115540
-0.139162
-0.137135
-0.110719
-0.064873
-0.007159
0.053858
0.110326
0.156515
0.189645
0.209946
0.220022
0.223719
0.224813
0.225861
0.227474
0.228171
0.224813
0.213472
0.190519
0.153641
0.102573
0.039381
-0.031731
-0.105019
-0.174034
-0.232528
-0.275234
-0.298453
-0.300373
-0.281167
-0.242879
-0.189163
-0.124884
-0.055612
0.012958
0.075610
0.128162
0.167889
0.193748
0.206375
0.207873
0.201423
0.190800
0.179843
0.171937
0.169555
0.173879
0.184557
0.199629
0.215682
0.228258
0.232515
0.224087
0.200001
0.159497
0.104545
0.039903
-0.027379
-0.088942
-0.136469
-0.163097
-0.164642
-0.140347
-0.093031
-0.028621
0.044799
0.118204
0.182876
0.231470
0.258781
0.262169
0.241655
0.199736
0.140961
0.071327
-0.002489
-0.073964
-0.137555
-0.189386
-0.227663
-0.252733
-0.266758
-0.273054
-0.275243
-0.276370
-0.278183
-0.280720
-0.282282
-0.279794
-0.269482
-0.247731
-0.211958
-0.161331
-0.097220
-0.023288
0.054776
0.129857
0.194264
0.240745
0.263543
0.259386
0.228252
0.173754
0.102995
0.025784
-0.046747
-0.103989
-0.137827
-0.144330
-0.124729
-0.085355
-0.036460
0.009929
0.042660
0.054005
0.041494
0.008532
-0.036399
-0.081781
-0.115890
-0.129705
-0.119170
-0.086241
-0.038420
0.013080
0.056119
0.080623
0.081060
0.057768
0.016820
-0.031528
-0.075380
-0.104110
-0.110900
-0.094312
-0.058539
-0.012352
0.032977
0.066200
0.078498
0.065201
0.026527
-0.032722
-0.104329
-0.178336
-0.244813
-0.295378
-0.324226
-0.328608
-0.308784
-0.267595
-0.209803
-0.141311
-0.068398
0.002990
0.067814
0.122364
0.164469
0.193518
0.210286
0.216635
0.215129
0.208648
0.200037
0.191812
0.185934
0.183632
0.185278
0.190320
0.197283
0.203872
0.207200
0.204132
0.191737
0.167775
0.131157
0.082281
0.023190
-0.042501
-0.109885
-0.173239
-0.226618
-0.264529
-0.282614
-0.278294
-0.251298
-0.203993
-0.141406
-0.070857
-0.001173
0.058473
0.099913
0.117310
0.108151
0.073706
0.018808
-0.049001
-0.120786
-0.187730
-0.242529
-0.280421
-0.299707
-0.301709
-0.290266
-0.270878
-0.249686
-0.232417
-0.223451
-0.225093
-0.237154
-0.256891
-0.279367
-0.298212
-0.306736
-0.299234
-0.272281
-0.225737
-0.163214
-0.091808
-0.021062
0.038721
0.078489
0.092368
0.079041
0.042225
-0.009902
-0.066233
-0.114896
-0.145560
-0.151376
-0.130128
-0.084405
-0.020808
0.051523
0.122688
0.183698
0.227711
0.250669
0.251336
0.230884
0.192232
0.139346
0.076664
0.008710
-0.060091
-0.125470
-0.183321
-0.229747
-0.261229
-0.274937
-0.269180
-0.243913
-0.201160
-0.145215
-0.082455
-0.020702
0.031826
0.067813
0.082128
0.072786
0.041339
-0.007431
-0.066472
-0.127857
-0.184303
-0.230442
-0.263582
-0.283806
-0.293435
-0.296033
-0.295215
-0.293571
-0.291944
-0.289208
-0.282580
-0.268360
-0.242916
-0.203685
-0.149979
-0.083424
-0.007976
0.070477
0.144836
0.207707
0.252387
0.273786
0.269211
0.238903
0.186252
0.117605
0.041620
-0.031815
-0.092986
-0.133859
-0.149401
-0.138414
-0.103672
-0.051277
0.010635
0.073557
0.130253
0.175994
0.209106
0.230723
0.243867
0.252105
0.258184
0.263019
0.265299
0.261856
0.248679
0.222339
0.181409
0.127499
0.065534
0.003159
-0.050695
-0.087744
-0.102351
-0.093046
-0.063147
-0.020275
0.025197
0.062405
0.082435
0.080360
0.056360
0.015673
-0.032609
-0.077605
-0.109035
-0.119404
-0.105462
-0.068673
-0.014639
0.048291
0.110861
0.164759
0.204094
0.226236
0.231954
0.224900
0.210638
0.195428
0.184994
0.183473
0.192656
0.211633
0.236867
0.262720
0.282372
0.289045
0.277368
0.244646
0.191770
0.123527
0.048137
-0.024012
-0.082246
-0.117766
-0.125616
-0.105966
-0.064339
-0.010646
0.042836
0.084108
0.104119
0.098815
0.070057
0.025176
-0.024767
-0.067579
-0.092794
-0.094109
-0.070821
-0.027975
0.024787
0.075350
0.111715
0.124456
0.108529
0.064120
-0.003543
-0.085277
-0.169611
-0.244684
-0.300036
-0.328066
-0.325007
-0.291372
-0.231863
-0.154756
-0.070811
0.008225
0.071344
0.110017
0.119648
0.100430
0.057402
-0.000381
-0.061443
-0.113949
-0.147814
-0.156431
-0.137677
-0.094029
-0.031842
0.040004
0.111729
0.174218
0.220238
0.245169
0.247212
0.227191
0.188066
0.134310
0.071254
0.004459
-0.060837
-0.120189
-0.170293
-0.209194
-0.236327
-0.252396
-0.259115
-0.258856
-0.254262
-0.247887
-0.241892
-0.237829
-0.236533
-0.238105
-0.242002
-0.247213
-0.252503
-0.256707
-0.259007
-0.259169
-0.257651
-0.255569
-0.254476
-0.255981
-0.261270
-0.270615
-0.283008
-0.296028
-0.306025
-0.308663
-0.299742
-0.276167
-0.236857
-0.183362
-0.120018
-0.053509
0.008091
0.056651
0.085417
0.090230
0.070277
0.028214
-0.030318
-0.097667
-0.165376
-0.225381
-0.270985
-0.297480
-0.302412
-0.285532
-0.248532
-0.194678
-0.128381
-0.054793
0.020593
0.092294
0.155160
0.204666
0.237178
0.250219
0.242744
0.215399
0.170713
0.113140
0.048855
-0.014768
-0.069981
-0.109690
-0.128522
-0.123698
-0.095527
-0.047405
0.014681
0.083034
0.149323
0.205664
0.245535
0.264440
0.260293
0.233565
0.187196
0.126325
0.057809
-0.010466
-0.070442
-0.114874
-0.138271
-0.137678
-0.113123
-0.067646
-0.006913
0.061528
0.129209
0.187777
0.229979
0.250502
0.246621
0.218600
0.169806
0.106466
0.037021
-0.028930
-0.082010
-0.114587
-0.122166
-0.104339
-0.065053
-0.012069
0.044336
0.093176
0.124716
0.132177
0.112864
0.068503
0.004797
-0.069646
-0.144765
-0.210573
-0.258528
-0.282575
-0.279800
-0.250683
-0.198981
-0.131267
-0.056148
0.016796
0.078245
0.120428
0.138228
0.129931
0.097419
0.045761
-0.017740
-0.084848
-0.147778
-0.200383
-0.238915
-0.262271
-0.271729
-0.270296
-0.261874
-0.250417
-0.239254
-0.230663
-0.225725
-0.224438
-0.225987
-0.229122
-0.232534
-0.235170
-0.236450
-0.236369
-0.235473
-0.234725
-0.235291
-0.238255
-0.244317
-0.253507
-0.264975
-0.276909
-0.286618
-0.290811
-0.286042
-0.269279
-0.238481
-0.193102
-0.134390
-0.065437
0.009056
0.083253
0.150813
0.205598
0.242364
0.257378
0.248924
0.217653
0.166724
0.101685
0.030019
-0.039642
-0.098600
-0.139309
-0.156524
-0.148135
-0.115502
-0.063198
0.001783
0.071182
0.136726
0.191237
0.229381
0.248006
0.246081
0.224382
0.185053
0.131204
0.066604
-0.004501
-0.077488
-0.147443
-0.209297
-0.258093
-0.289393
-0.299831
-0.287745
-0.253776
-0.201261
-0.136248
-0.066999
-0.002928
0.046911
0.075529
0.079533
0.060072
0.022885
-0.022678
-0.065527
-0.095234
-0.104398
-0.090417
-0.056181
-0.009485
0.038742
0.076973
0.095811
0.090209
0.060692
0.013269
-0.041901
-0.092747
-0.127877
-0.138914
-0.122067
-0.078662
-0.014596
0.061030
0.137732
0.205466
0.256109
0.284373
0.288105
0.268062
0.227341
0.170632
0.103471
0.031586
-0.039605
-0.105336
-0.161675
-0.205593
-0.234939
-0.248390
-0.245407
-0.226228
-0.191914
-0.144391
-0.086464
-0.021736
0.045576
0.110938
0.169845
0.218173
0.252482
0.270236
0.269960
0.251325
0.215196
0.163634
0.099823
0.027926
-0.047170
-0.120192
-0.185879
-0.239395
-0.276714
-0.294961
-0.292686
-0.270047
-0.228895
-0.172696
-0.106266
-0.035300
0.034274
0.097037
0.148766
0.186950
0.211006
0.222166
0.223054
0.217088
0.207809
0.198315
0.190866
0.186728
0.186237
0.189013
0.194257
0.201039
0.208510
0.216014
0.223096
0.229425
0.234706
0.238601
0.240721
0.240693
0.238295
0.233617
0.227194
0.220040
0.213558
0.209294
0.208572
0.212083
0.219516
0.229347
0.238854
0.244419
0.242073
0.228203
0.200293
0.157525
0.101122
0.034338
-0.037900
-0.109627
-0.174622
-0.227197
-0.262856
-0.278760
-0.273966
-0.249457
-0.207983
-0.153737
-0.091892
-0.028000
0.032685
0.085875
0.128800
0.160515
0.181879
0.195179
0.203467
0.209737
0.216143
0.223411
0.230611
0.235326
0.234189
0.223674
0.200949
0.164607
0.115113
0.054871
-0.012071
-0.080607
-0.145284
-0.200985
-0.243463
-0.269652
-0.277776
-0.267311
-0.238880
-0.194154
-0.135780
-0.067335
0.006727
0.081198
0.150349
0.208303
0.249579
0.269765
0.266262
0.238964
0.190722
0.127395
0.057354
-0.009598
-0.063785
-0.097441
-0.106324
-0.090770
-0.055852
-0.010514
0.034212
0.067536
0.081280
0.071711
0.040399
-0.006130
-0.057864
-0.103543
-0.133129
-0.139913
-0.121787
-0.081423
-0.025381
0.037568
0.098446
0.149907
0.187497
0.210106
0.219587
0.219741
0.214965
0.208931
0.203601
0.198786
0.192289
0.180580
0.159780
0.126748
0.080004
0.020321
-0.049112
-0.122969
-0.194424
-0.256036
-0.300759
-0.322944
-0.319226
-0.289208
-0.235804
-0.165160
-0.086065
-0.008855
0.056084
0.100007
0.117375
0.106951
0.072181
0.020693
-0.036998
-0.089358
-0.125884
-0.138931
-0.124963
-0.085026
-0.024416
0.048335
0.122891
0.188708
0.236527
0.259616
0.254621
0.222014
0.166073
0.094406
0.016994
-0.055179
-0.111772
-0.144791
-0.150032
-0.127953
-0.083731
-0.026426
0.032650
0.082027
0.112202
0.117338
0.096175
0.051971
-0.008451
-0.076296
-0.142624
-0.199986
-0.243552
-0.271544
-0.284979
-0.286906
-0.281370
-0.272402
-0.263241
-0.255925
-0.251252
-0.249052
-0.248613
-0.249117
-0.249966
-0.250906
-0.251977
-0.253323
-0.254969
-0.256656
-0.257826
-0.257757
-0.255842
-0.251903
-0.246438
-0.240702
-0.236523
-0.235884
-0.240308
-0.250224
-0.264462
-0.280082
-0.292648
-0.296964
-0.288188
-0.263085
-0.221129
-0.165145
-0.101237
-0.037925
0.015397
0.050407
0.061742
0.048360
0.014026
-0.033280
-0.082917
-0.123763
-0.146509
-0.145527
-0.119863
-0.073158
-0.012554
0.053091
0.115209
0.167245
0.205693
0.230262
0.243207
0.248087
0.248330
0.246025
0.241256
0.232173
0.215741
0.188974
0.150285
0.100562
0.043634
-0.014071
-0.064651
-0.100396
-0.115611
-0.108113
-0.080014
-0.037558
0.009985
0.052126
0.079237
0.084436
0.064862
0.022097
-0.038305
-0.107985
-0.177356
-0.237213
-0.280084
-0.301125
-0.298495
-0.273259
-0.228918
-0.170713
-0.104792
-0.037363
0.026097
0.081487
0.126497
0.160713
0.185399
0.202951
0.216158
0.227383
0.237879
0.247381
0.254095
0.255101
0.247090
0.227271
0.194227
0.148495
0.092709
0.031229
-0.030662
-0.087816
-0.136257
-0.173928
-0.200935
-0.219217
-0.231727
-0.241336
-0.249783
-0.256952
-0.260727
-0.257484
-0.243156
-0.214593
-0.170882
-0.114239
-0.050164
0.013256
0.066828
0.102210
0.113875
0.100587
0.065974
0.017989
-0.032669
-0.074831
-0.099298
-0.100872
-0.079492
-0.040201
0.008003
0.054163
0.087693
0.100522
0.088572
0.052325
-0.003570
-0.071434
-0.142115
-0.206583
-0.257237
-0.288739
-0.298334
-0.285730
-0.252697
-0.202545
-0.139601
-0.068794
0.004673
0.075553
0.138744
0.189503
0.223727
0.238322
0.231669
0.204088
0.158209
0.099068
0.033808
-0.029099
-0.081051
-0.114770
-0.125705
-0.113062
-0.080164
-0.034011
0.015938
0.059508
0.087706
0.094365
0.077181
0.037954
-0.017965
-0.082821
-0.147921
-0.205050
-0.247604
-0.271263
-0.274188
-0.256824
-0.221464
-0.171693
-0.111863
-0.046639
0.019339
0.081700
0.136496
0.180309
0.210343
0.224530
0.221679
0.201647
0.165512
0.115670
0.055787
-0.009463
-0.074857
-0.135255
-0.186261
-0.224811
-0.249546
-0.260904
-0.260926
-0.252832
-0.240459
-0.227649
-0.217705
-0.212939
-0.214380
-0.221645
-0.232977
-0.245470
-0.255455
-0.259031
-0.252687
-0.233925
-0.201767
-0.157053
-0.102413
-0.041908
0.019637
0.077454
0.127653
0.167837
0.197366
0.217212
0.229454
0.236526
0.240444
0.242185
0.241390
0.236462
0.225034
0.204694
0.173773
0.131997
0.080818
0.023338
-0.036181
-0.093082
-0.143184
-0.183527
-0.212810
-0.231449
-0.241251
-0.244834
-0.244955
-0.243929
-0.243270
-0.243612
-0.244899
-0.246730
-0.248754
-0.250949
-0.253716
-0.257722
-0.263547
-0.271238
-0.279903
-0.287509
-0.290993
-0.286732
-0.271316
-0.242469
-0.199901
-0.145848
-0.085103
-0.024447
0.028449
0.066454
0.084402
0.080169
0.055119
0.013774
-0.037197
-0.090453
-0.139515
-0.179995
-0.210197
-0.230992
-0.244998
-0.255360
-0.264454
-0.272906
-0.279203
-0.280019
-0.271192
-0.249101
-0.212069
-0.161393
-0.101670
-0.040262
0.014041
0.052879
0.070258
0.064077
0.036837
-0.004687
-0.050759
-0.090681
-0.115006
-0.117440
-0.095997
-0.053169
0.004878
0.069816
0.132992
0.187123
0.227495
0.252456
0.263193
0.262944
0.255919
0.246228
0.237043
0.230172
0.226051
0.224082
0.223169
0.222281
0.220853
0.218958
0.217190
0.216328
0.216873
0.218614
0.220344
0.219835
0.214088
0.199855
0.174296
0.135671
0.083897
0.020866
-0.049552
-0.121820
-0.189321
-0.245147
-0.282980
-0.297997
-0.287683
-0.252444
-0.195913
-0.124805
-0.048255
0.023382
0.080128
0.114150
0.121317
0.102196
0.062171
0.010569
-0.041094
-0.081421
-0.101493
-0.096753
-0.067974
-0.021101
0.034006
0.085614
0.122484
0.136048
0.121941
0.080645
0.017193
-0.059891
-0.140134
-0.212798
-0.268414
-0.299970
-0.303679
-0.279300
-0.230060
-0.162214
-0.084287
-0.006049
0.062694
0.113359
0.139727
0.138773
0.111053
0.060562
-0.005903
-0.079733
-0.151684
-0.213047
-0.256648
-0.277605
-0.273796
-0.246039
-0.198005
-0.135830
-0.067441
-0.001609
0.053212
0.090091
0.104672
0.095849
0.065875
0.019855
-0.035316
-0.092319
-0.144801
-0.188437
-0.221455
-0.244491
-0.259869
-0.270512
-0.278778
-0.285558
-0.289854
-0.288979
-0.279323
-0.257505
-0.221607
-0.172167
-0.112654
-0.049243
0.010070
0.056873
0.083910
0.086506
0.063493
0.017465
-0.045657
-0.117635
-0.189228
-0.251549
-0.297214
-0.321151
-0.320983
-0.297055
-0.252144
-0.190945
-0.119413
-0.044013
0.029042
0.094494
0.148574
0.189311
0.216540
0.231633
0.237019
0.235593
0.230159
0.223014
0.215742
0.209232
0.203873
0.199841
0.197373
0.196926
0.199157
0.204717
0.213895
0.226208
0.240080
0.252737
0.260418
0.258945
0.244583
0.215030
0.170314
0.113330
0.049818
-0.012340
-0.064418
-0.098536
-0.109370
-0.095480
-0.059907
-0.009865
0.044472
0.091816
0.121880
0.127289
0.104907
0.056347
-0.012388
-0.091989
-0.171401
-0.239541
-0.286911
-0.306901
-0.296668
-0.257528
-0.194833
-0.117331
-0.036021
0.037407
0.092402
0.121358
0.121070
0.093497
0.045580
-0.011964
-0.066681
-0.106889
-0.124095
-0.114784
-0.081153
-0.030586
0.025983
0.076466
0.110179
0.119994
0.103593
0.063606
0.006663
-0.058319
-0.122154
-0.177212
-0.218664
-0.244926
-0.257325
-0.259189
-0.254667
-0.247626
-0.240872
-0.235846
-0.232782
-0.231192
-0.230462
-0.230351
-0.231209
-0.233847
-0.239094
-0.247191
-0.257234
-0.266883
-0.272495
-0.269747
-0.254647
-0.224720
-0.180065
-0.123939
-0.062643
-0.004586
0.041317
0.067619
0.070197
0.049504
0.010806
-0.036723
-0.081944
-0.114283
-0.126247
-0.115283
-0.084458
-0.041763
0.001844
0.035180
0.049668
0.041534
0.012798
-0.029228
-0.073805
-0.109515
-0.127209
-0.122353
-0.096188
-0.055391
-0.010317
0.027689
0.049238
0.049309
0.028509
-0.007133
-0.047785
-0.082403
-0.101613
-0.100130
-0.078106
-0.041043
0.001653
0.039114
0.061795
0.063884
0.044743
0.009041
-0.034417
-0.074831
-0.101944
-0.108351
-0.091025
-0.051754
0.003547
0.066378
0.127633
0.179492
0.216832
0.237870
0.244018
0.239084
0.228094
0.216049
0.206901
0.202915
0.204497
0.210447
0.218505
0.226049
0.230771
0.231229
0.227159
0.219540
0.210409
0.202443
0.198409
0.200526
0.209862
0.225868
0.246163
0.266663
0.282096
0.286888
0.276284
0.247531
0.200832
0.139825
0.071374
0.004602
-0.050714
-0.086100
-0.096269
-0.080472
-0.042942
0.007739
0.060285
0.103013
0.126316
0.124727
0.098107
0.051687
-0.005024
-0.060204
-0.102104
-0.121327
-0.112563
-0.075459
-0.014561
0.061589
0.141941
0.214723
0.269225
0.297349
0.294775
0.261613
0.202473
0.125913
0.043257
-0.033112
-0.091790
-0.124400
-0.127239
-0.102144
-0.056285
-0.000840
0.051272
0.088131
0.101430
0.088346
0.052183
0.001614
-0.051343
-0.094144
-0.116663
-0.113552
-0.085464
-0.038851
0.015570
0.065294
0.098823
0.108108
0.090102
0.047102
-0.014077
-0.083837
-0.151950
-0.209600
-0.250905
-0.273627
-0.279077
-0.271322
-0.256005
-0.239059
-0.225588
-0.219090
-0.221070
-0.231037
-0.246783
-0.264849
-0.281073
-0.291155
-0.291195
-0.278159
-0.250272
-0.207288
-0.150632
-0.083374
-0.010037
0.063755
0.131769
0.187759
0.226134
0.242654
0.235101
0.203830
0.152083
0.085939
0.013786
-0.054712
-0.110056
-0.144542
-0.153744
-0.137509
-0.100163
-0.049823
0.003106
0.047935
0.075760
0.081123
0.062882
0.024133
-0.028782
-0.087875
-0.145311
-0.194950
-0.233298
-0.259670
-0.275631
-0.283915
-0.287184
-0.286980
-0.283165
-0.273990
-0.256784
-0.229041
-0.189609
-0.139628
-0.082907
-0.025600
0.024808
0.060972
0.077263
0.071040
0.043282
-0.001594
-0.056696
-0.114141
-0.166699
-0.209169
-0.239167
-0.257165
-0.265825
-0.268845
-0.269650
-0.270284
-0.270779
-0.269156
-0.262014
-0.245567
-0.216806
-0.174513
-0.119830
-0.056263
0.010899
0.075586
0.132121
0.176274
0.205966
0.221472
0.225136
0.220698
0.212426
0.204266
0.199173
0.198740
0.203135
0.211326
0.221495
0.231528
0.239503
0.244074
0.244720
0.241827
0.236595
0.230807
0.226466
0.225368
0.228652
0.236429
0.247533
0.259506
0.268834
0.271439
0.263381
0.241636
0.204798
0.153544
0.090716
0.020970
-0.049957
-0.116233
-0.172941
-0.216893
-0.247046
-0.264455
-0.271768
-0.272406
-0.269636
-0.265748
-0.261524
-0.256108
-0.247281
-0.232082
-0.207606
-0.171818
-0.124192
-0.066065
-0.000631
0.067386
0.132327
0.188321
0.230040
0.253383
0.256007
0.237663
0.200290
0.147823
0.085710
0.020166
-0.042748
-0.098067
-0.142686
-0.175774
-0.198688
-0.214394
-0.226489
-0.238061
-0.250661
-0.263669
-0.274255
-0.277986
-0.269976
-0.246330
-0.205517
-0.149314
-0.083021
-0.014809
0.045709
0.089411
0.109656
0.103868
0.074296
0.027761
-0.025596
-0.074273
-0.107635
-0.117927
-0.101639
-0.060000
0.001444
0.073978
0.147303
0.211201
0.257007
0.278692
0.273485
0.242051
0.188279
0.118748
0.041920
-0.032873
-0.096581
-0.141586
-0.162711
-0.157898
-0.128437
-0.078688
-0.015357
0.053540
0.119800
0.176050
0.216502
0.237394
0.237108
0.216063
0.176454
0.121911
0.057107
-0.012671
-0.081993
-0.145783
-0.199801
-0.241055
-0.268090
-0.281096
-0.281827
-0.273342
-0.259580
-0.244823
-0.233075
-0.227432
-0.229513
-0.239040
-0.253690
-0.269286
-0.280393
-0.281278
-0.267109
-0.235181
-0.185887
-0.123166
-0.054207
0.011613
0.064456
0.096052
0.101609
0.081094
0.039536
-0.013811
-0.067324
-0.109476
-0.131357
-0.128635
-0.102479
-0.059226
-0.008865
0.037263
0.068993
0.079469
0.066395
0.032156
-0.017138
-0.073380
-0.128457
-0.175997
-0.212443
-0.237253
-0.252264
-0.260481
-0.264680
-0.266263
-0.264687
-0.257634
-0.241874
-0.214571
-0.174646
-0.123778
-0.066697
-0.010600
0.036234
0.066335
0.074953
0.061470
0.029887
-0.011825
-0.053418
-0.084726
-0.098102
-0.090326
-0.063453
-0.024362
0.016913
0.049659
0.065159
0.058882
0.031635
-0.010598
-0.058081
-0.099633
-0.125229
-0.128231
-0.106735
-0.063735
-0.006139
0.057045
0.116838
0.166202
0.201267
0.221636
0.229795
0.229854
0.226025
0.221253
0.216366
0.209946
0.198919
0.179697
0.149536
0.107754
0.056455
0.000572
-0.052831
-0.095826
-0.121169
-0.123771
-0.101761
-0.056921
0.005552
0.077875
0.150879
0.215336
0.263187
0.288536
0.288300
0.262533
0.214401
0.149824
0.076814
0.004503
-0.058022
-0.102964
-0.124934
-0.121739
-0.094663
-0.048171
0.010926
0.074673
0.135288
0.186349
0.223638
0.245508
0.252798
0.248357
0.236322
0.221311
0.207652
0.198742
0.196594
0.201600
0.212506
0.226607
0.240138
0.248822
0.248524
0.235923
0.209094
0.167891
0.114069
0.051091
-0.016332
-0.082881
-0.143308
-0.193038
-0.228585
-0.247747
-0.249610
-0.234426
-0.203441
-0.158741
-0.103125
-0.040017
0.026632
0.092472
0.152944
0.203546
0.240170
0.259494
0.259404
0.239370
0.200711
0.146639
0.082020
0.012814
-0.054741
-0.115076
-0.164161
-0.200100
-0.223293
-0.236099
-0.242085
-0.245009
-0.247807
-0.251805
-0.256368
-0.259048
-0.256220
-0.244033
-0.219458
-0.181183
-0.130123
-0.069452
-0.004110
0.060051
0.117329
0.163160
0.194870
0.212023
0.216353
0.211328
0.201449
0.191441
0.185433
0.186274
0.195024
0.210704
0.230347
0.249363
0.262219
0.263388
0.248448
0.215153
0.164255
0.099852
0.029087
-0.038842
-0.094256
-0.128869
-0.137573
-0.119704
-0.079457
-0.025281
0.031644
0.079552
0.108371
0.111637
0.087611
0.039405
-0.025892
-0.098808
-0.169419
-0.229183
-0.272310
-0.296458
-0.302706
-0.294922
-0.278737
-0.260345
-0.245371
-0.237947
-0.240097
-0.251476
-0.269452
-0.289530
-0.306049
-0.313109
-0.305603
-0.280228
-0.236292
-0.176160
-0.105192
-0.031128
0.037015
0.090356
0.121621
0.126368
0.103741
0.056608
-0.008916
-0.084418
-0.160409
-0.227604
-0.278040
-0.305955
-0.308350
-0.285247
-0.239654
-0.177242
-0.105732
-0.034013
0.028952
0.075306
0.099387
0.098533
0.073435
0.027964
-0.031495
-0.097058
-0.160511
-0.214387
-0.252811
-0.271996
-0.270403
-0.248608
-0.208986
-0.155273
-0.092086
-0.024449
0.042659
0.104689
0.157800
0.199024
0.226292
0.238369
0.234740
0.215517
0.181407
0.133767
0.074707
0.007205
-0.064854
-0.136741
-0.203114
-0.258408
-0.297387
-0.315802
-0.311107
-0.283101
-0.234365
-0.170337
-0.098895
-0.029417
0.028610
0.067211
0.081445
0.070485
0.037956
-0.008614
-0.059146
-0.102915
-0.130592
-0.135970
-0.117011
-0.076005
-0.018861
0.046274
0.110692
0.166754
0.209117
0.235385
0.246125
0.244353
0.234660
0.222192
0.211674
0.206624
0.208832
0.218146
0.232557
0.248553
0.261693
0.267337
0.261430
0.241244
0.205932
0.156782
0.097094
0.031663
-0.034042
-0.094865
-0.146865
-0.187942
-0.218023
-0.238742
-0.252718
-0.262589
-0.270081
-0.275352
-0.276815
-0.271510
-0.255966
-0.227348
-0.184615
-0.129362
-0.066091
-0.001782
0.055199
0.096636
0.116096
0.110280
0.079750
0.028869
-0.035037
-0.103084
-0.166474
-0.218005
-0.253155
-0.270553
-0.271828
-0.260946
-0.243237
-0.224327
-0.209171
-0.201318
-0.202462
-0.212307
-0.228698
-0.247995
-0.265623
-0.276746
-0.276998
-0.263172
-0.233769
-0.189311
-0.132346
-0.067114
0.001083
0.066687
0.124730
0.171533
0.205164
0.225548
0.234276
0.234165
0.228685
0.221360
0.215239
0.212485
0.214127
0.219945
0.228527
0.237448
0.243599
0.243621
0.234421
0.213711
0.180471
0.135248
0.080214
0.018921
-0.044196
-0.104504
-0.157900
-0.201415
-0.233590
-0.254537
-0.265714
-0.269475
-0.268537
-0.265461
-0.262276
-0.260275
-0.260001
-0.261383
-0.263952
-0.267084
-0.270192
-0.272850
-0.274831
-0.276069
-0.276596
-0.276458
-0.275670
-0.274203
-0.272016
-0.269114
-0.265594
-0.261679
-0.257694
-0.254007
-0.250924
-0.248592
-0.246927
-0.245605
-0.244134
-0.241998
-0.238849
-0.234691
-0.230004
-0.225749
-0.223222
-0.223763
-0.228362
-0.237235
-0.249498
-0.263016
-0.274536
-0.280104
-0.275726
-0.258156
-0.225644
-0.178456
-0.119026
-0.051675
0.018066
0.084394
0.142222
0.187993
0.220142
0.239141
0.247123
0.247241
0.242911
0.237143
0.232081
0.228832
0.227581
0.227890
0.229102
0.230686
0.232454
0.234566
0.237351
0.240988
0.245150
0.248742
0.249818
0.245750
0.233649
0.210953
0.176071
0.128911
0.071158
0.006203
-0.061284
-0.126066
-0.183174
-0.228709
-0.260421
-0.277996
-0.282988
-0.278460
-0.268409
-0.257091
-0.248330
-0.244917
-0.248145
-0.257546
-0.270877
-0.284373
-0.293287
-0.292673
-0.278335
-0.247774
-0.200971
-0.140786
-0.072841
-0.004818
0.054732
0.097884
0.118797
0.114837
0.087080
0.040069
-0.019110
-0.082223
-0.141420
-0.190552
-0.226020
-0.246999
-0.255078
-0.253477
-0.246078
-0.236515
-0.227537
-0.220722
-0.216551
-0.214753
-0.214752
-0.216073
-0.218582
-0.222468
-0.228019
-0.235241
-0.243477
-0.251149
-0.255768
-0.254227
-0.243377
-0.220748
-0.185240
-0.137598
-0.080504
-0.018228
0.044126
0.101592
0.150307
0.188215
0.215296
0.233278
0.244873
0.252770
0.258645
0.262482
0.262418
0.255198
0.237145
0.205435
0.159337
0.101053
0.035890
-0.028388
-0.082939
-0.119682
-0.133168
-0.122002
-0.089439
-0.042935
0.007256
0.050148
0.076264
0.079516
0.058295
0.015543
-0.042162
-0.106228
-0.167963
-0.220297
-0.258934
-0.282731
-0.293303
-0.294032
-0.288801
-0.280794
-0.271639
-0.261093
-0.247271
-0.227341
-0.198463
-0.158721
-0.107829
-0.047452
0.018907
0.086395
0.149525
0.202951
0.242149
0.263894
0.266520
0.249957
0.215623
0.166207
0.105383
0.037492
-0.032794
-0.100805
-0.162164
-0.213030
-0.250252
-0.271482
-0.275241
-0.260985
-0.229183
-0.181389
-0.120288
-0.049661
0.025750
0.100509
0.168852
0.225161
0.264477
0.283054
0.278888
0.252164
0.205537
0.144130
0.075169
0.007210
-0.050982
-0.091734
-0.109711
-0.102824
-0.072575
-0.023736
0.036572
0.100231
0.159565
0.208581
0.243759
0.264248
0.271529
0.268669
0.259403
0.247282
0.235052
0.224382
0.215925
0.209634
0.205182
0.202357
0.201276
0.202370
0.206135
0.212734
0.221564
0.230963
0.238170
0.239628
0.231609
0.211060
0.176493
0.128688
0.071014
0.009228
-0.049254
-0.096511
-0.125464
-0.131158
-0.111700
-0.068689
-0.007074
0.065515
0.139813
0.206176
0.255850
0.282144
0.281352
0.253364
0.201852
0.133954
0.059418
-0.010775
-0.066157
-0.098622
-0.104017
-0.083112
-0.041642
0.010659
0.061927
0.100568
0.117679
0.108945
0.075570
0.024031
-0.035293
-0.090277
-0.129520
-0.144550
-0.131340
-0.090851
-0.028599
0.046580
0.124207
0.193922
0.246998
0.277399
0.282306
0.262137
0.220152
0.161767
0.093665
0.022830
-0.044400
-0.103157
-0.150605
-0.186141
-0.211188
-0.228581
-0.241673
-0.253327
-0.265044
-0.276417
-0.285082
-0.287204
-0.278427
-0.255086
-0.215414
-0.160444
-0.094356
-0.024146
0.041371
0.093024
0.122927
0.125948
0.100695
0.049833
-0.020292
-0.100620
-0.180720
-0.250251
-0.300337
-0.324685
-0.320354
-0.288135
-0.232507
-0.161138
-0.083955
-0.011794
0.045203
0.079246
0.086295
0.066893
0.026191
-0.026905
-0.081360
-0.126087
-0.152037
-0.153843
-0.130656
-0.086012
-0.026795
0.038411
0.101172
0.154809
0.195412
0.222094
0.236504
0.241802
0.241418
0.237928
0.232318
0.223809
0.210238
0.188863
0.157358
0.114720
0.061847
0.001629
-0.061464
-0.122183
-0.175497
-0.217519
-0.246167
-0.261413
-0.265116
-0.260509
-0.251497
-0.241920
-0.234931
-0.232558
-0.235503
-0.243145
-0.253704
-0.264534
-0.272483
-0.274301
-0.267062
-0.248573
-0.217719
-0.174712
-0.121171
-0.060035
0.004713
0.068456
0.126426
0.174186
0.208054
0.225422
0.224980
0.206838
0.172543
0.124984
0.068158
0.006784
-0.054213
-0.110293
-0.157860
-0.194683
-0.220082
-0.234846
-0.240905
-0.240836
-0.237332
-0.232746
-0.228783
-0.226407
-0.225923
-0.227192
-0.229887
-0.233721
-0.238560
-0.244402
-0.251229
-0.258773
-0.266278
-0.272345
-0.274927
-0.271525
-0.259570
-0.236922
-0.202392
-0.156151
-0.099918
-0.036870
0.028723
0.092061
0.148430
0.193770
0.225044
0.240414
0.239208
0.221773
0.189292
0.143633
0.087266
0.023235
-0.044848
-0.112835
-0.176163
-0.230076
-0.269988
-0.291974
-0.293342
-0.273222
-0.233043
-0.176751
-0.110654
-0.042826
0.017911
0.063268
0.086803
0.085011
0.057936
0.009190
-0.054636
-0.125017
-0.192790
-0.249444
-0.288188
-0.304687
-0.297391
-0.267508
-0.218648
-0.156232
-0.086714
-0.016687
0.048014
0.103111
0.146420
0.178012
0.199924
0.215432
0.228042
0.240395
0.253370
0.265637
0.273798
0.273173
0.259051
0.228168
0.180015
0.117612
0.047475
-0.021322
-0.078863
-0.116521
-0.129011
-0.115810
-0.081556
-0.035221
0.011803
0.048282
0.065758
0.060577
0.034760
-0.004496
-0.046604
-0.080228
-0.096122
-0.089450
-0.061024
-0.017123
0.032028
0.074749
0.100729
0.103511
0.082017
0.040807
-0.010960
-0.061570
-0.099282
-0.114748
-0.102824
-0.063429
-0.001380
0.074652
0.153767
0.224671
0.277395
0.304663
0.302779
0.271997
0.216389
0.143266
0.062192
-0.016310
-0.082213
-0.127432
-0.146997
-0.139744
-0.108352
-0.058690
0.001404
0.063662
0.120896
0.168153
0.203269
0.226739
0.240972
0.249176
0.254166
0.257413
0.258566
0.255561
0.245258
0.224438
0.190885
0.144247
0.086456
0.021565
-0.044953
-0.107281
-0.160423
-0.201166
-0.228583
-0.243970
-0.250247
-0.250991
-0.249382
-0.247312
-0.244905
-0.240555
-0.231451
-0.214461
-0.187124
-0.148499
-0.099643
-0.043592
0.015165
0.071559
0.120973
0.160133
0.187669
0.204196
0.211932
0.213955
0.213305
0.212147
0.211202
0.209557
0.204887
0.194035
0.173793
0.141731
0.096891
0.040211
-0.025376
-0.095170
-0.163218
-0.223007
-0.268254
-0.293720
-0.295951
-0.273896
-0.229300
-0.166776
-0.093494
-0.018432
0.048737
0.098992
0.125320
0.123829
0.094403
0.040763
-0.030058
-0.108727
-0.184919
-0.248705
-0.291833
-0.308766
-0.297394
-0.259356
-0.199936
-0.127491
-0.052402
0.014404
0.063197
0.087185
0.083917
0.055963
0.010642
-0.041287
-0.087775
-0.118057
-0.125073
-0.107133
-0.068395
-0.017963
0.032213
0.070168
0.086803
0.078090
0.046063
-0.001679
-0.053823
-0.098098
-0.124245
-0.126457
-0.104707
-0.064654
-0.016195
0.028934
0.059895
0.069128
0.053836
0.016259
-0.037229
-0.097888
-0.156734
-0.206473
-0.242779
-0.264683
-0.274085
-0.274596
-0.270121
-0.263554
-0.255957
-0.246382
-0.232354
-0.210830
-0.179342
-0.136994
-0.085016
-0.026731
0.033073
0.089170
0.137061
0.173929
0.199137
0.214128
0.221765
0.225303
0.227288
0.228685
0.228498
0.223995
0.211509
0.187616
0.150392
0.100414
0.041216
-0.020967
-0.078138
-0.121981
-0.145465
-0.144257
-0.117603
-0.068498
-0.003146
0.070134
0.142271
0.204784
0.250841
0.275909
0.277963
0.257350
0.216409
0.158996
0.089990
0.014839
-0.060834
-0.131586
-0.192454
-0.239223
-0.268677
-0.278817
-0.269061
-0.240387
-0.195382
-0.138110
-0.073773
-0.008114
0.053348
0.106157
0.147622
0.177199
0.196431
0.208388
0.216738
0.224632
0.233715
0.243502
0.251337
0.252986
0.243747
0.219848
0.179766
0.125133
0.060928
-0.005132
-0.063943
-0.106801
-0.127207
-0.122261
-0.093265
-0.045395
0.013487
0.074575
0.129974
0.174204
0.205003
0.223265
0.232192
0.235923
0.238048
0.240398
0.242457
0.241523
0.233578
0.214641
0.182214
0.136450
0.080684
0.021162
-0.034005
-0.076439
-0.099247
-0.098512
-0.074146
-0.029898
0.027450
0.089499
0.147902
0.195879
0.229267
0.246920
0.250450
0.243454
0.230481
0.215983
0.203497
0.195163
0.191645
0.192365
0.195956
0.200784
0.205408
0.208899
0.210959
0.211868
0.212290
0.213009
0.214665
0.217557
0.221530
0.225985
0.229988
0.232467
0.232453
0.229332
0.223053
0.214266
0.204318
0.195117
0.188823
0.187407
0.192152
0.203163
0.219038
0.236792
0.252127
0.260067
0.255877
0.236111
0.199579
0.147974
0.085974
0.020719
-0.039290
-0.085672
-0.111720
-0.113683
-0.091493
-0.048758
0.007960
0.070405
0.130145
0.180012
0.215193
0.233798
0.236862
0.227861
0.211869
0.194558
0.181181
0.175689
0.180075
0.194017
0.214860
0.237968
0.257422
0.267011
0.261390
0.237214
0.194042
0.134782
0.065517
-0.005322
-0.068338
-0.114845
-0.138503
-0.136520
-0.110151
-0.064354
-0.006688
0.054285
0.110709
0.156855
0.189941
0.210199
0.220239
0.223915
0.225014
0.226100
0.227791
0.228606
0.225399
0.214230
0.191451
0.154728
0.103778
0.040657
-0.030438
-0.103760
-0.172855
-0.231459
-0.274296
-0.297653
-0.299710
-0.280634
-0.242466
-0.188857
-0.124669
-0.055468
0.013059
0.075703
0.128289
0.168096
0.194078
0.206862
0.208539
0.202271
0.191815
0.180993
0.173180
0.170845
0.175172
0.185814
0.200823
0.216796
0.229281
0.233446
0.224927
0.200756
0.160178
0.105170
0.040495
-0.026786
-0.088313
-0.135764
-0.162285
-0.163702
-0.139278
-0.091848
-0.027358
0.046096
0.119485
0.184094
0.232588
0.259777
0.263036
0.242397
0.200364
0.141491
0.071769
-0.002126
-0.073672
-0.137328
-0.189213
-0.227529
-0.252615
-0.266632
-0.272897
-0.275041
-0.276119
-0.277895
-0.280419
-0.281999
-0.279560
-0.269318
-0.247644
-0.211937
-0.161350
-0.097245
-0.023285
0.054831
0.129971
0.194427
0.240933
0.263724
0.259532
0.228349
0.173806
0.103025
0.025832
-0.046637
-0.103776
-0.137486
-0.143857
-0.124138
-0.084679
-0.035738
0.010657
0.043361
0.054662
0.042104
0.009103
-0.035850
-0.081238
-0.115340
-0.129143
-0.118601
-0.085675
-0.037875
0.013590
0.056580
0.081032
0.081424
0.058104
0.017153
-0.031167
-0.074964
-0.103620
-0.110332
-0.093680
-0.057878
-0.011713
0.033535
0.066620
0.078735
0.065233
0.026360
-0.033051
-0.104760
-0.178793
-0.245218
-0.295664
-0.324352
-0.328561
-0.308581
-0.267280
-0.209430
-0.140935
-0.068060
0.003267
0.068035
0.122550
0.164655
0.193738
0.210566
0.216980
0.215524
0.209061
0.200428
0.192141
0.186176
0.183783
0.185362
0.190386
0.197399
0.204112
0.207627
0.204789
0.192632
0.168883
0.132418
0.083610
0.024492
-0.041317
-0.108891
-0.172476
-0.226092
-0.264209
-0.282442
-0.278193
-0.251189
-0.203804
-0.141087
-0.070385
-0.000553
0.059211
0.100726
0.118146
0.108960
0.074447
0.019452
-0.048466
-0.120361
-0.187403
-0.242280
-0.280225
-0.299537
-0.301542
-0.290086
-0.270681
-0.249476
-0.232210
-0.223269
-0.224959
-0.237081
-0.256882
-0.279409
-0.298278
-0.306789
-0.299236
-0.272198
-0.225550
-0.162919
-0.091419
-0.020607
0.039205
0.078963
0.092799
0.079403
0.042506
-0.009700
-0.066091
-0.114784
-0.145442
-0.151212
-0.129886
-0.084060
-0.020352
0.052081
0.123321
0.184369
0.228377
0.251287
0.251871
0.231312
0.192542
0.139537
0.076745
0.008696
-0.060185
-0.125629
-0.183531
-0.229999
-0.261515
-0.275251
-0.269518
-0.244269
-0.201527
-0.145582
-0.082805
-0.021013
0.031579
0.067656
0.082082
0.072863
0.041539
-0.007122
-0.066080
-0.127422
-0.183866
-0.230044
-0.263258
-0.283578
-0.293313
-0.296009
-0.295268
-0.293672
-0.292055
-0.289294
-0.282608
-0.268310
-0.242781
-0.203480
-0.149734
-0.083186
-0.007801
0.070532
0.144723
0.207399
0.251879
0.273103
0.268404
0.238039
0.185405
0.116844
0.040999
-0.032265
-0.093258
-0.133967
-0.149374
-0.138290
-0.103488
-0.051064
0.010851
0.073759
0.130426
0.176126
0.209184
0.230738
0.243810
0.251976
0.257993
0.262787
0.265060
0.261649
0.248547
0.222316
0.181520
0.127748
0.065907
0.003623
-0.050185
-0.087241
-0.101905
-0.092699
-0.062926
-0.020188
0.025159
0.062265
0.082228
0.080120
0.056121
0.015460
-0.032785
-0.077740
-0.109139
-0.119489
-0.105544
-0.068760
-0.014732
0.048200
0.110788
0.164727
0.204125
0.226345
0.232146
0.225167
0.210959
0.195773
0.185331
0.183771
0.192894
0.211800
0.236965
0.262760
0.282368
0.289011
0.277313
0.244574
0.191678
0.123412
0.047995
-0.024180
-0.082429
-0.117949
-0.125778
-0.106086
-0.064402
-0.010647
0.042888
0.084192
0.104201
0.098855
0.070019
0.025027
-0.025044
-0.067985
-0.093312
-0.094704
-0.071445
-0.028574
0.024268
0.074956
0.111480
0.124391
0.108625
0.064350
-0.003221
-0.084911
-0.169247
-0.244357
-0.299770
-0.327867
-0.324867
-0.291276
-0.231793
-0.154700
-0.070764
0.008255
0.071342
0.109968
0.119540
0.100266
0.057203
-0.000577
-0.061587
-0.113987
-0.147702
-0.156145
-0.137222
-0.093442
-0.031185
0.040651
0.112283
0.174610
0.220424
0.245135
0.246980
0.226811
0.187609
0.133852
0.070866
0.004193
-0.060956
-0.120166
-0.170159
-0.209003
-0.236141
-0.252277
-0.259111
-0.258992
-0.254539
-0.248281
-0.242359
-0.238317
-0.236990
-0.238488
-0.242288
-0.247395
-0.252594
-0.256727
-0.258980
-0.259109
-0.257562
-0.255439
-0.254281
-0.255694
-0.260866
-0.270081
-0.282349
-0.295264
-0.305194
-0.307812
-0.298915
-0.275401
-0.236173
-0.182767
-0.119501
-0.053054
0.008504
0.057037
0.085781
0.090565
0.070568
0.028443
-0.030169
-0.097608
-0.165407
-0.225491
-0.271151
-0.297671
-0.302593
-0.285664
-0.248585
-0.194623
-0.128202
-0.054485
0.021022
0.092821
0.155751
0.205278
0.237761
0.250726
0.243135
0.215645
0.170803
0.113085
0.048684
-0.015009
-0.070233
-0.109892
-0.128616
-0.123640
-0.095293
-0.046997
0.015234
0.083678
0.149989
0.206277
0.246026
0.264758
0.260419
0.233511
0.187013
0.126090
0.057615
-0.010524
-0.070288
-0.114460
-0.137592
-0.136768
-0.112053
-0.066510
-0.005812
0.062504
0.129991
0.188328
0.230294
0.250605
0.246553
0.218410
0.169540
0.106157
0.036691
-0.029273
-0.082364
-0.114950
-0.122527
-0.104679
-0.065341
-0.012265
0.044270
0.093273
0.124992
0.132631
0.113471
0.069218
0.005568
-0.068876
-0.144044
-0.209936
-0.257990
-0.282130
-0.279427
-0.250350
-0.198655
-0.130920
-0.055760
0.017231
0.078723
0.120933
0.138740
0.130425
0.097870
0.046148
-0.017430
-0.084620
-0.147628
-0.200297
-0.238873
-0.262249
-0.271701
-0.270241
-0.261778
-0.250274
-0.239067
-0.230441
-0.225481
-0.224182
-0.225727
-0.228860
-0.232265
-0.234885
-0.236143
-0.236034
-0.235110
-0.234339
-0.234892
-0.237853
-0.243921
-0.253119
-0.264592
-0.276519
-0.286208
-0.290364
-0.285548
-0.268730
-0.237879
-0.192454
-0.133709
-0.064736
0.009765
0.083958
0.151505
0.206270
0.243010
0.257992
0.249501
0.218186
0.167208
0.102116
0.030398
-0.039312
-0.098313
-0.139056
-0.156296
-0.147923
-0.115299
-0.062998
0.001985
0.071391
0.136952
0.191487
0.229663
0.248327
0.246445
0.224788
0.185499
0.131686
0.067119
-0.003956
-0.076914
-0.146839
-0.208665
-0.257440
-0.288730
-0.299175
-0.287119
-0.253199
-0.200749
-0.135806
-0.066620
-0.002596
0.047220
0.075842
0.079874
0.060457
0.023320
-0.022196
-0.065010
-0.094694
-0.103850
-0.089867
-0.055629
-0.008920
0.039334
0.077609
0.096503
0.090962
0.061499
0.014110
-0.041053
-0.091925
-0.127112
-0.138232
-0.121485
-0.078185
-0.014218
0.061326
0.137971
0.205680
0.256331
0.284637
0.288436
0.268480
0.227849
0.171222
0.104121
0.032264
-0.038935
-0.104706
-0.161115
-0.205120
-0.234564
-0.248114
-0.245225
-0.226134
-0.191898
-0.144442
-0.086570
-0.021884
0.045402
0.110755
0.169675
0.218038
0.252401
0.270226
0.270029
0.251470
0.215406
0.163886
0.100091
0.028183
-0.046944
-0.120006
-0.185724
-0.239247
-0.276537
-0.294713
-0.292329
-0.269557
-0.228267
-0.171950
-0.105445
-0.034466
0.035053
0.097694
0.149252
0.187241
0.211106
0.222108
0.222894
0.216893
0.207647
0.198241
0.190915
0.186913
0.186546
0.189418
0.194722
0.201524
0.208983
0.216454
0.223490
0.229772
0.235012
0.238874
0.240972
0.240930
0.238528
0.233854
0.227441
0.220304
0.213841
0.209593
0.208881
0.212391
0.219808
0.229609
0.239078
0.244606
0.242231
0.228351
0.200453
0.157719
0.101361
0.034623
-0.037583
-0.109302
-0.174318
-0.226939
-0.262659
-0.278623
-0.273873
-0.249380
-0.207890
-0.153602
-0.091701
-0.027750
0.032981
0.086199
0.129130
0.160835
0.182182
0.195465
0.203740
0.210005
0.216407
0.223666
0.230844
0.235519
0.234324
0.223738
0.200936
0.164522
0.114969
0.054690
-0.012261
-0.080776
-0.145403
-0.201027
-0.243405
-0.269479
-0.277480
-0.266896
-0.238361
-0.193559
-0.135150
-0.066718
0.007278
0.081636
0.150633
0.208407
0.249496
0.269507
0.265857
0.238455
0.190160
0.126834
0.056845
-0.010011
-0.064072
-0.097583
-0.106319
-0.090628
-0.055596
-0.010173
0.034604
0.067944
0.081672
0.072061
0.040691
-0.005904
-0.057703
-0.103437
-0.133065
-0.139877
-0.121769
-0.081420
-0.025397
0.037520
0.098344
0.149731
0.187232
0.209749
0.219149
0.219251
0.214462
0.208460
0.203204
0.198493
0.192112
0.180510
0.159792
0.126807
0.080075
0.020376
-0.049087
-0.122972
-0.194436
-0.256032
-0.300712
-0.322831
-0.319038
-0.288950
-0.235495
-0.164829
-0.085747
-0.008586
0.056276
0.100104
0.117369
0.106850
0.072003
0.020469
-0.037233
-0.089567
-0.126032
-0.138988
-0.124910
-0.084860
-0.024147
0.048681
0.123279
0.189095
0.236874
0.259891
0.254805
0.222106
0.166090
0.094377
0.016953
-0.055194
-0.111731
-0.144675
-0.149832
-0.127672
-0.083381
-0.026021
0.033093
0.082489
0.112665
0.117784
0.096586
0.052330
-0.008158
-0.076082
-0.142495
-0.199945
-0.243596
-0.271666
-0.285171
-0.287157
-0.281667
-0.272734
-0.263595
-0.256286
-0.251606
-0.249381
-0.248904
-0.249360
-0.250159
-0.251056
-0.252103
-0.253452
-0.255128
-0.256872
-0.258115
-0.258121
-0.256267
-0.252360
-0.246890
-0.241109
-0.236852
-0.236110
-0.240419
-0.250218
-0.264347
-0.279871
-0.292356
-0.296608
-0.287787
-0.262664
-0.220718
-0.164777
-0.100947
-0.037746
0.015444
0.050319
0.061531
0.048059
0.013677
-0.033628
-0.083222
-0.123993
-0.146651
-0.145584
-0.119849
-0.073092
-0.012453
0.053217
0.115362
0.167434
0.205932
0.230561
0.243567
0.248495
0.248760
0.246441
0.241623
0.232461
0.215937
0.189085
0.150336
0.100594
0.043694
-0.013941
-0.064424
-0.100067
-0.115198
-0.107654
-0.079563
-0.037175
0.010246
0.052223
0.079149
0.084163
0.064424
0.021529
-0.038955
-0.108668
-0.178020
-0.237813
-0.280584
-0.301500
-0.298735
-0.273365
-0.228908
-0.170614
-0.104638
-0.037192
0.026252
0.081601
0.126556
0.160719
0.185365
0.202903
0.216128
0.227404
0.237982
0.247588
0.254415
0.255531
0.247610
0.227849
0.194821
0.149060
0.093201
0.031618
-0.030390
-0.087654
-0.136177
-0.173888
-0.200886
-0.219117
-0.231549
-0.241081
-0.249478
-0.256645
-0.260475
-0.257342
-0.243156
-0.214737
-0.171140
-0.114549
-0.050447
0.013078
0.066819
0.102402
0.114263
0.101131
0.066605
0.018623
-0.032115
-0.074420
-0.099068
-0.100828
-0.079606
-0.040424
0.007734
0.053912
0.087512
0.100446
0.088613
0.052473
-0.003338
-0.071150
-0.141813
-0.206291
-0.256974
-0.288516
-0.298155
-0.285595
-0.252605
-0.202494
-0.139592
-0.068824
0.004611
0.075471
0.138662
0.189448
0.223726
0.238401
0.231847
0.204373
0.158598
0.099544
0.034347
-0.028524
-0.080466
-0.114193
-0.125142
-0.112510
-0.079615
-0.033454
0.016510
0.060092
0.088289
0.094925
0.077691
0.038386
-0.017633
-0.082605
-0.147823
-0.205067
-0.247728
-0.271484
-0.274494
-0.257208
-0.221917
-0.172204
-0.112418
-0.047217
0.018766
0.081163
0.136024
0.179928
0.210071
0.224377
0.221643
0.201716
0.165668
0.115893
0.056054
-0.009169
-0.074549
-0.134938
-0.185933
-0.224467
-0.249178
-0.260504
-0.260492
-0.252368
-0.239974
-0.227161
-0.217236
-0.212514
-0.214023
-0.221376
-0.232810
-0.245407
-0.255489
-0.259145
-0.252855
-0.234115
-0.201949
-0.157201
-0.102511
-0.041950
0.019644
0.077494
0.127704
0.167873
0.197362
0.217150
0.229319
0.236313
0.240154
0.241825
0.240973
0.236007
0.224568
0.204246
0.173377
0.131685
0.080616
0.023260
-0.036135
-0.092928
-0.142954
-0.183260
-0.212549
-0.231228
-0.241092
-0.244740
-0.244913
-0.243914
-0.243252
-0.243562
-0.244795
-0.246563
-0.248524
-0.250668
-0.253400
-0.257389
-0.263218
-0.270928
-0.279624
-0.287266
-0.290786
-0.286557
-0.271165
-0.242332
-0.199767
-0.145708
-0.084950
-0.024279
0.028634
0.066657
0.084625
0.080417
0.055400
0.014098
-0.036823
-0.090024
-0.139035
-0.179476
-0.209662
-0.230467
-0.244514
-0.254941
-0.264118
-0.272660
-0.279040
-0.279923
-0.271143
-0.249078
-0.212058
-0.161389
-0.101680
-0.040304
0.013941
0.052696
0.069975
0.063694
0.036374
-0.005192
-0.051253
-0.091103
-0.115304
-0.117578
-0.095966
-0.052988
0.005164
0.070147
0.133301
0.187349
0.227597
0.252414
0.263013
0.262649
0.255548
0.245824
0.236649
0.229823
0.225772
0.223888
0.223066
0.222264
0.220911
0.219072
0.217336
0.216477
0.216998
0.218689
0.220349
0.219755
0.213918
0.199594
0.173953
0.135258
0.083431
0.020366
-0.050064
-0.122322
-0.189794
-0.245569
-0.283336
-0.298278
-0.287886
-0.252578
-0.195996
-0.124865
-0.048326
0.023265
0.079934
0.113854
0.120908
0.101674
0.061550
0.009870
-0.041842
-0.082190
-0.102254
-0.097479
-0.068642
-0.021691
0.033508
0.085213
0.122180
0.135832
0.121793
0.080540
0.017101
-0.060000
-0.140287
-0.213015
-0.268700
-0.300318
-0.304069
-0.279700
-0.230431
-0.162517
-0.084491
-0.006135
0.062729
0.113502
0.139950
0.139044
0.111338
0.060829
-0.005676
-0.079559
-0.151569
-0.212991
-0.256648
-0.277659
-0.273902
-0.246198
-0.198216
-0.136088
-0.067739
-0.001932
0.052882
0.089775
0.104388
0.095608
0.065682
0.019702
-0.035441
-0.092435
-0.144923
-0.188576
-0.221612
-0.244656
-0.260027
-0.270640
-0.278858
-0.285575
-0.289803
-0.288865
-0.279162
-0.257320
-0.221423
-0.172013
-0.112552
-0.049215
0.010010
0.056712
0.083644
0.086134
0.063020
0.016906
-0.046283
-0.118300
-0.189898
-0.252188
-0.297788
-0.321628
-0.321342
-0.297287
-0.252249
-0.190940
-0.119324
-0.043876
0.029190
0.094615
0.148639
0.189303
0.216459
0.231500
0.236870
0.235476
0.230128
0.223113
0.215999
0.209648
0.204420
0.200465
0.198003
0.197485
0.199580
0.204963
0.213954
0.226105
0.239871
0.252495
0.260223
0.258866
0.244664
0.215282
0.170711
0.113816
0.050313
-0.011918
-0.064141
-0.098450
-0.109483
-0.095763
-0.060300
-0.010290
0.044090
0.091537
0.121735
0.127273
0.104984
0.056460
-0.012303
-0.091990
-0.171527
-0.239801
-0.287289
-0.307357
-0.297150
-0.257981
-0.195211
-0.117606
-0.036187
0.037336
0.092395
0.121371
0.121055
0.093407
0.045375
-0.012314
-0.067193
-0.107562
-0.124913
-0.115716
-0.082150
-0.031592
0.025031
0.075623
0.109486
0.119469
0.103228
0.063367
0.006494
-0.058480
-0.122364
-0.177509
-0.219057
-0.245392
-0.257818
-0.259646
-0.255029
-0.247847
-0.240934
-0.235763
-0.232597
-0.230961
-0.230246
-0.230197
-0.231143
-0.233863
-0.239162
-0.247266
-0.257266
-0.266833
-0.272345
-0.269503
-0.254338
-0.224395
-0.179776
-0.123739
-0.062567
-0.004653
0.041110
0.067294
0.069792
0.049064
0.010380
-0.037090
-0.082216
-0.114434
-0.126262
-0.115156
-0.084197
-0.041383
0.002321
0.035726
0.050249
0.042116
0.013344
-0.028751
-0.073421
-0.109240
-0.127045
-0.122286
-0.096191
-0.055425
-0.010341
0.027710
0.049327
0.049467
0.028714
-0.006921
-0.047620
-0.082339
-0.101693
-0.100379
-0.078519
-0.041591
0.001019
0.038455
0.061171
0.063343
0.044315
0.008734
-0.034614
-0.074943
-0.102000
-0.108376
-0.091037
-0.051753
0.003572
0.066448
0.127772
0.179722
0.217161
0.238291
0.244506
0.239597
0.228577
0.216448
0.207169
0.203021
0.204437
0.210241
0.218198
0.225698
0.230444
0.230983
0.227038
0.219568
0.210582
0.202742
0.198799
0.200970
0.210326
0.226331
0.246618
0.267117
0.282566
0.287393
0.276837
0.248135
0.201478
0.140492
0.072033
0.005223
-0.050153
-0.085611
-0.095851
-0.080112
-0.042619
0.008049
0.060602
0.103350
0.126677
0.125105
0.098486
0.052047
-0.004708
-0.059956
-0.101945
-0.121273
-0.112623
-0.075633
-0.014838
0.061230
0.141537
0.214320
0.268874
0.297103
0.294678
0.261694
0.202741
0.126354
0.043836
-0.032448
-0.091104
-0.123752
-0.126679
-0.101700
-0.055964
-0.000621
0.051429
0.088274
0.101607
0.088592
0.052512
0.002017
-0.050898
-0.093703
-0.116276
-0.113265
-0.085306
-0.038832
0.015461
0.065084
0.098551
0.107818
0.089833
0.046890
-0.014209
-0.083877
-0.151892
-0.209453
-0.250681
-0.273351
-0.278775
-0.271025
-0.255744
-0.238860
-0.225470
-0.219064
-0.221138
-0.231194
-0.247020
-0.265155
-0.281436
-0.291566
-0.291642
-0.278631
-0.250753
-0.207761
-0.151078
-0.083773
-0.010376
0.063485
0.131567
0.187617
0.226039
0.242593
0.235064
0.203810
0.152082
0.085962
0.013843
-0.054613
-0.109909
-0.144342
-0.153494
-0.137214
-0.099835
-0.049477
0.003450
0.048256
0.076035
0.081332
0.063012
0.024178
-0.028817
-0.087975
-0.145447
-0.195090
-0.233404
-0.259709
-0.275579
-0.283759
-0.286929
-0.286645
-0.282779
-0.273590
-0.256403
-0.228705
-0.189330
-0.139403
-0.082720
-0.025424
0.025003
0.061213
0.077568
0.071413
0.043716
-0.001121
-0.056210
-0.113672
-0.166274
-0.208805
-0.238871
-0.256936
-0.265655
-0.268722
-0.269565
-0.270230
-0.270756
-0.269165
-0.262058
-0.245644
-0.216912
-0.174638
-0.119964
-0.056397
0.010772
0.075466
0.132001
0.176145
0.205819
0.221305
0.224958
0.220532
0.212312
0.204254
0.199317
0.199086
0.203710
0.212129
0.222489
0.232647
0.240654
0.245155
0.245637
0.242507
0.237001
0.230939
0.226362
0.225093
0.228287
0.236053
0.247215
0.259296
0.268755
0.271493
0.263549
0.241885
0.205088
0.153833
0.090967
0.021157
-0.049846
-0.116194
-0.172958
-0.216935
-0.247080
-0.264448
-0.271695
-0.272257
-0.269416
-0.265475
-0.261226
-0.255813
-0.247015
-0.231858
-0.207427
-0.171677
-0.124077
-0.065962
-0.000531
0.067487
0.132424
0.188406
0.230103
0.253416
0.256007
0.237634
0.200241
0.147765
0.085653
0.020117
-0.042789
-0.098103
-0.142728
-0.175832
-0.198772
-0.214508
-0.226634
-0.238231
-0.250845
-0.263853
-0.274426
-0.278131
-0.270087
-0.246399
-0.205541
-0.149293
-0.082959
-0.014715
0.045821
0.089519
0.109736
0.103895
0.074249
0.027626
-0.025822
-0.074582
-0.108009
-0.118341
-0.102068
-0.060422
0.001044
0.073608
0.146963
0.210890
0.256727
0.278450
0.273297
0.241942
0.188279
0.118883
0.042206
-0.032437
-0.096020
-0.140945
-0.162051
-0.157285
-0.127933
-0.078340
-0.015186
0.053540
0.119658
0.175808
0.216210
0.237093
0.236825
0.215805
0.176213
0.121667
0.056839
-0.012979
-0.082345
-0.146168
-0.200199
-0.241442
-0.268443
-0.281398
-0.282074
-0.273538
-0.259738
-0.244954
-0.233191
-0.227540
-0.229613
-0.239131
-0.253770
-0.269357
-0.280460
-0.281351
-0.267201
-0.235302
-0.186044
-0.123358
-0.054427
0.011380
0.064226
0.095844
0.101441
0.080983
0.039497
-0.013766
-0.067188
-0.109250
-0.131053
-0.128278
-0.102109
-0.058891
-0.008618
0.037378
0.068949
0.079262
0.066050
0.031726
-0.017586
-0.073774
-0.128740
-0.176137
-0.212445
-0.237158
-0.252142
-0.260409
-0.264731
-0.266484
-0.265088
-0.258186
-0.242516
-0.215225
-0.175232
-0.124232
-0.066981
-0.010709
0.036275
0.066479
0.075140
0.061643
0.030001
-0.011796
-0.053476
-0.084850
-0.098256
-0.090466
-0.063535
-0.024352
0.017032
0.049884
0.065470
0.059240
0.031994
-0.010286
-0.057858
-0.099530
-0.125261
-0.128398
-0.107023
-0.064119
-0.006586
0.056568
0.116363
0.165755
0.200866
0.221290
0.229505
0.229613
0.225820
0.221064
0.216174
0.209729
0.198660
0.179382
0.149161
0.107322
0.055977
0.000064
-0.053350
-0.096337
-0.121655
-0.124218
-0.102157
-0.057254
0.005294
0.077706
0.150810
0.215374
0.263332
0.288775
0.288609
0.262878
0.214742
0.150125
0.077045
0.004647
-0.057965
-0.102980
-0.124998
-0.121821
-0.094731
-0.048197
0.010963
0.074783
0.135474
0.186607
0.223957
0.245874
0.253195
0.248763
0.236716
0.221671
0.207956
0.198971
0.196735
0.201646
0.212457
0.226471
0.239929
0.248559
0.248230
0.235623
0.208812
0.167651
0.113890
0.050983
-0.016365
-0.082842
-0.143211
-0.192905
-0.228442
-0.247623
-0.249536
-0.234429
-0.203545
-0.158961
-0.103466
-0.040471
0.026089
0.091877
0.152346
0.203003
0.239739
0.259224
0.259325
0.239488
0.201000
0.147048
0.082474
0.013229
-0.054447
-0.114962
-0.164257
-0.200398
-0.223746
-0.236636
-0.242619
-0.245461
-0.248116
-0.251944
-0.256344
-0.258901
-0.256011
-0.243830
-0.219321
-0.181149
-0.130202
-0.069624
-0.004336
0.059824
0.117148
0.163059
0.194859
0.212089
0.216463
0.211440
0.201523
0.191449
0.185370
0.186158
0.194894
0.210613
0.230349
0.249500
0.262513
0.263834
0.249014
0.215787
0.164896
0.100440
0.029580
-0.038462
-0.093976
-0.128650
-0.137357
-0.119430
-0.079073
-0.024758
0.032304
0.080316
0.109181
0.112419
0.088295
0.039936
-0.025540
-0.098629
-0.169374
-0.229213
-0.272347
-0.296438
-0.302584
-0.294680
-0.278385
-0.259918
-0.244921
-0.237534
-0.239774
-0.251282
-0.269407
-0.289630
-0.306271
-0.313412
-0.305936
-0.280537
-0.236527
-0.176284
-0.105182
-0.030980
0.037283
0.090712
0.122020
0.126763
0.104091
0.056880
-0.008735
-0.084322
-0.160378
-0.227604
-0.278037
-0.305921
-0.308271
-0.285128
-0.239519
-0.177128
-0.105681
-0.034060
0.028784
0.075016
0.098994
0.098075
0.072960
0.027520
-0.031871
-0.097346
-0.160709
-0.214512
-0.252892
-0.272061
-0.270470
-0.248681
-0.209046
-0.155283
-0.092000
-0.024220
0.043070
0.105299
0.158605
0.199995
0.227383
0.239519
0.235885
0.216591
0.182352
0.134533
0.075257
0.007514
-0.064794
-0.136922
-0.203510
-0.258976
-0.298067
-0.316524
-0.311793
-0.283674
-0.234756
-0.170491
-0.098781
-0.029030
0.029247
0.068045
0.082401
0.071472
0.038877
-0.007847
-0.058599
-0.102627
-0.130565
-0.136172
-0.117382
-0.076470
-0.019340
0.045848
0.110368
0.166554
0.209038
0.235406
0.246217
0.244487
0.234817
0.222369
0.211883
0.206885
0.209165
0.218565
0.233061
0.249125
0.262300
0.267932
0.261964
0.241671
0.206213
0.156893
0.097027
0.031429
-0.034420
-0.095349
-0.147409
-0.188497
-0.218541
-0.239182
-0.253049
-0.262794
-0.270158
-0.275315
-0.276689
-0.271331
-0.255771
-0.227176
-0.184499
-0.129326
-0.066151
-0.001944
0.054939
0.096287
0.115675
0.109805
0.079244
0.028356
-0.035532
-0.103534
-0.166852
-0.218286
-0.253320
-0.270592
-0.271740
-0.260744
-0.242946
-0.223979
-0.208805
-0.200968
-0.202157
-0.212063
-0.228522
-0.247881
-0.265558
-0.276716
-0.276990
-0.263176
-0.233778
-0.189323
-0.132360
-0.067127
0.001076
0.066694
0.124758
0.171592
0.205260
0.225685
0.234454
0.234379
0.228927
0.221617
0.215494
0.212724
0.214329
0.220094
0.228607
0.237449
0.243514
0.243450
0.234174
0.213405
0.180132
0.134908
0.079908
0.018683
-0.044337
-0.104535
-0.157824
-0.201257
-0.233397
-0.254372
-0.265647
-0.269573
-0.268845
-0.265999
-0.263027
-0.261184
-0.260984
-0.262337
-0.264774
-0.267685
-0.270515
-0.272876
-0.274581
-0.275601
-0.275992
-0.275808
-0.275058
-0.273691
-0.271639
-0.268871
-0.265457
-0.261601
-0.257623
-0.253894
-0.250741
-0.248330
-0.246600
-0.245241
-0.243767
-0.241658
-0.238553
-0.234441
-0.229789
-0.225548
-0.223016
-0.223541
-0.228122
-0.236988
-0.249259
-0.262804
-0.274359
-0.279959
-0.275593
-0.258005
-0.225439
-0.178165
-0.118630
-0.051176
0.018648
0.085022
0.142850
0.188575
0.220646
0.239549
0.247438
0.247481
0.243103
0.237316
0.232256
0.229021
0.227777
0.228081
0.229265
0.230804
0.232513
0.234565
0.237301
0.240909
0.245071
0.248692
0.249820
0.245820
0.233790
0.211156
0.176315
0.129166
0.071393
0.006388
-0.061170
-0.126029
-0.183207
-0.228790
-0.260521
-0.278081
-0.283030
-0.278439
-0.268320
-0.256940
-0.248133
-0.244696
-0.247922
-0.257342
-0.270706
-0.284242
-0.293193
-0.292609
-0.278284
-0.247716
-0.200886
-0.140656
-0.072654
-0.004576
0.055018
0.098189
0.119091
0.115088
0.087265
0.040176
-0.019077
-0.082245
-0.141469
-0.190601
-0.226047
-0.246996
-0.255053
-0.253449
-0.246073
-0.236557
-0.227642
-0.220891
-0.216773
-0.215001
-0.214991
-0.216269
-0.218702
-0.222489
-0.227928
-0.235041
-0.243183
-0.250791
-0.255385
-0.253864
-0.243079
-0.220551
-0.185167
-0.137651
-0.080664
-0.018455
0.043882
0.101382
0.150176
0.188189
0.215383
0.233462
0.245127
0.253060
0.258938
0.262753
0.262653
0.255389
0.237288
0.205524
0.159359
0.100991
0.035723
-0.028677
-0.083355
-0.120215
-0.133791
-0.122673
-0.090104
-0.043542
0.006751
0.049774
0.076031
0.079411
0.058288
0.015594
-0.042093
-0.106174
-0.167942
-0.220309
-0.258962
-0.282750
-0.293285
-0.293955
-0.288656
-0.280587
-0.271389
-0.260823
-0.247006
-0.227097
-0.198242
-0.158513
-0.107615
-0.047210
0.019194
0.086733
0.149906
0.203355
0.242547
0.264261
0.266836
0.250218
0.215839
0.166401
0.105585
0.037730
-0.032504
-0.100463
-0.161790
-0.212658
-0.249928
-0.271250
-0.275137
-0.261026
-0.229364
-0.181685
-0.120655
-0.050050
0.025390
0.100215
0.168647
0.225046
0.264438
0.283064
0.278915
0.252177
0.205515
0.144064
0.075060
0.007069
-0.051137
-0.091887
-0.109851
-0.102946
-0.072681
-0.023837
0.036467
0.100112
0.159427
0.208429
0.243601
0.264097
0.271399
0.268570
0.259340
0.247253
0.235053
0.224406
0.215967
0.209691
0.205256
0.202452
0.201395
0.202516
0.206307
0.212923
0.221757
0.231142
0.238315
0.239724
0.231643
0.211031
0.176407
0.128559
0.070863
0.009078
-0.049379
-0.096592
-0.125489
-0.131123
-0.111608
-0.068553
-0.006913
0.065680
0.139962
0.206293
0.255930
0.282191
0.281380
0.253392
0.201900
0.134037
0.059543
-0.010611
-0.065968
-0.098426
-0.103837
-0.082965
-0.041543
0.010701
0.061911
0.100499
0.117567
0.108804
0.075419
0.023895
-0.035384
-0.090292
-0.129429
-0.144329
-0.130978
-0.090352
-0.027983
0.047280
0.124950
0.194669
0.247718
0.278076
0.282938
0.262732
0.220727
0.162334
0.094231
0.023392
-0.043855
-0.102648
-0.150148
-0.185746
-0.210852
-0.228292
-0.241406
-0.253054
-0.264738
-0.276058
-0.284659
-0.286716
-0.277883
-0.254498
-0.214796
-0.159806
-0.093701
-0.023472
0.042066
0.093742
0.123661
0.126681
0.101397
0.050466
-0.019767
-0.100236
-0.180493
-0.250176
-0.300386
-0.324809
-0.320495
-0.288238
-0.232529
-0.161063
-0.083791
-0.011574
0.045430
0.079433
0.086406
0.066915
0.026140
-0.026985
-0.081409
-0.126043
-0.151847
-0.153478
-0.130119
-0.085335
-0.026034
0.039190
0.101908
0.155457
0.195952
0.222532
0.236869
0.242135
0.241761
0.238311
0.232755
0.224293
0.210744
0.189356
0.157803
0.115088
0.062123
0.001814
-0.061351
-0.122114
-0.175438
-0.217437
-0.246037
-0.261220
-0.264859
-0.260200
-0.251159
-0.241587
-0.234635
-0.232331
-0.235367
-0.243108
-0.253758
-0.264654
-0.272631
-0.274431
-0.267129
-0.248539
-0.217559
-0.174417
-0.120752
-0.059513
0.005309
0.069094
0.127081
0.174839
0.208694
0.226045
0.225583
0.207419
0.173098
0.125508
0.068647
0.007239
-0.053784
-0.109876
-0.157435
-0.194229
-0.219582
-0.234292
-0.240299
-0.240194
-0.236681
-0.232115
-0.228203
-0.225902
-0.225505
-0.226858
-0.229624
-0.233503
-0.238357
-0.244185
-0.250976
-0.258472
-0.265933
-0.271970
-0.274549
-0.271175
-0.259277
-0.236711
-0.202276
-0.156127
-0.099969
-0.036966
0.028621
0.091989
0.148422
0.193844
0.225205
0.240652
0.239504
0.222104
0.189637
0.143981
0.087616
0.023594
-0.044465
-0.112418
-0.175706
-0.229586
-0.269483
-0.291477
-0.292879
-0.272811
-0.232689
-0.176445
-0.110377
-0.042551
0.018207
0.063597
0.087163
0.085385
0.058295
0.009501
-0.054403
-0.124883
-0.192765
-0.249524
-0.288363
-0.304939
-0.297705
-0.267865
-0.219033
-0.156632
-0.087112
-0.017066
0.047673
0.102826
0.146205
0.177872
0.199850
0.215405
0.228030
0.240358
0.253273
0.265451
0.273513
0.272795
0.258609
0.227705
0.179579
0.117252
0.047233
-0.021416
-0.078791
-0.116281
-0.128607
-0.115260
-0.080882
-0.034450
0.012639
0.049146
0.066615
0.061393
0.035508
-0.003833
-0.046029
-0.079734
-0.095691
-0.089062
-0.060657
-0.016759
0.032402
0.075137
0.101136
0.103940
0.082474
0.041305
-0.010406
-0.060944
-0.098571
-0.113950
-0.101953
-0.062516
-0.000473
0.075497
0.154494
0.225233
0.277766
0.304843
0.302793
0.271891
0.216223
0.143097
0.062065
-0.016370
-0.082208
-0.127385
-0.146947
-0.139733
-0.108414
-0.058841
0.001173
0.063385
0.120625
0.167948
0.203186
0.226817
0.241227
0.249594
0.254709
0.258024
0.259182
0.256125
0.245729
0.224798
0.191141
0.144428
0.086603
0.021726
-0.044740
-0.106990
-0.160050
-0.200721
-0.228090
-0.243456
-0.249734
-0.250493
-0.248899
-0.246835
-0.244423
-0.240059
-0.230942
-0.213952
-0.186640
-0.148074
-0.099314
-0.043388
0.015222
0.071463
0.120734
0.159777
0.187234
0.203729
0.211482
0.213568
0.213018
0.211985
0.211174
0.209653
0.205083
0.194291
0.174063
0.141969
0.097054
0.040270
-0.025428
-0.095322
-0.163437
-0.223245
-0.268458
-0.293838
-0.295944
-0.273744
-0.229004
-0.166362
-0.093003
-0.017916
0.049221
0.099393
0.125598
0.123959
0.094374
0.040582
-0.030372
-0.109144
-0.185404
-0.249221
-0.292344
-0.309244
-0.297815
-0.259703
-0.200200
-0.127667
-0.052490
0.014400
0.063270
0.087323
0.084102
0.056168
0.010836
-0.041139
-0.087705
-0.118089
-0.125212
-0.107366
-0.068683
-0.018251
0.031992
0.070077
0.086888
0.078370
0.046521
-0.001092
-0.053180
-0.097485
-0.123741
-0.126120
-0.104566
-0.064701
-0.016392
0.028648
0.059591
0.068876
0.053693
0.016260
-0.037073
-0.097589
-0.156326
-0.206002
-0.242297
-0.264245
-0.273735
-0.274368
-0.270032
-0.263605
-0.256134
-0.246657
-0.232692
-0.211191
-0.179693
-0.137306
-0.085271
-0.026918
0.032954
0.089119
0.137075
0.174006
0.199275
0.214321
0.222003
0.225571
0.227563
0.228941
0.228710
0.224142
0.211580
0.187614
0.150331
0.100322
0.041125
-0.021023
-0.078134
-0.121901
-0.145310
-0.144045
-0.117362
-0.068264
-0.002951
0.070268
0.142338
0.204799
0.250835
0.275919
0.278026
0.257486
0.216617
0.159253
0.090254
0.015061
-0.060700
-0.131567
-0.192550
-0.239406
-0.268894
-0.279001
-0.269142
-0.240312
-0.195118
-0.137659
-0.073164
-0.007405
0.054084
0.106843
0.148183
0.177577
0.196586
0.208303
0.216418
0.224105
0.233023
0.242701
0.250494
0.252168
0.243019
0.219262
0.179359
0.124918
0.060895
-0.005016
-0.063728
-0.106541
-0.126956
-0.122060
-0.093134
-0.045332
0.013501
0.074574
0.129994
0.174275
0.205140
0.223469
0.232445
0.236196
0.238305
0.240605
0.242584
0.241548
0.233489
0.214431
0.181887
0.136015
0.080159
0.020572
-0.034629
-0.077059
-0.099825
-0.099010
-0.074533
-0.030157
0.027322
0.089486
0.147970
0.195981
0.229352
0.246941
0.250378
0.243284
0.230235
0.215707
0.203250
0.195007
0.191628
0.192512
0.196263
0.201220
0.205922
0.209430
0.211451
0.212279
0.212600
0.213219
0.214798
0.217647
0.221616
0.226103
0.230164
0.232715
0.232774
0.229717
0.223489
0.214735
0.204807
0.195615
0.189323
0.187910
0.192658
0.203671
0.219545
0.237289
0.252600
0.260497
0.256241
0.236389
0.199754
0.148040
0.085934
0.020588
-0.039488
-0.085905
-0.111952
-0.113881
-0.091631
-0.048820
0.007978
0.070492
0.130280
0.180166
0.215332
0.233891
0.236889
0.227810
0.211745
0.194378
0.180970
0.175478
0.179894
0.193887
0.214793
0.237963
0.257466
0.267085
0.261473
0.237289
0.194103
0.134833
0.065574
-0.005238
-0.068206
-0.114652
-0.138250
-0.136220
-0.109828
-0.064034
-0.006389
0.054557
0.110969
0.157134
0.190277
0.210630
0.220786
0.224577
0.225762
0.226882
0.228539
0.229250
0.225878
0.214501
0.191498
0.154560
0.103427
0.040169
-0.031006
-0.104349
-0.173406
-0.231918
-0.274611
-0.297778
-0.299608
-0.280278
-0.241846
-0.187984
-0.123577
-0.054218
0.014383
0.077003
0.129462
0.169049
0.194741
0.207203
0.208563
0.202025
0.191377
0.180457
0.172643
0.170386
0.174843
0.185635
0.200784
0.216863
0.229413
0.233602
0.225080
0.200894
0.160305
0.105299
0.040642
-0.026614
-0.088120
-0.135568
-0.162114
-0.163589
-0.139247
-0.091913
-0.027513
0.045876
0.119239
0.183868
0.232427
0.259714
0.263089
0.242565
0.200626
0.141813
0.072111
-0.001801
-0.073398
-0.137122
-0.189081
-0.227462
-0.252597
-0.266637
-0.272903
-0.275024
-0.276063
-0.277790
-0.280264
-0.281801
-0.279334
-0.269089
-0.247438
-0.211782
-0.161268
-0.097248
-0.023370
0.054685
0.129802
0.194284
0.240866
0.263777
0.259731
0.228695
0.174275
0.103570
0.026390
-0.046128
-0.103371
-0.137220
-0.143741
-0.124163
-0.084820
-0.035964
0.010379
0.043055
0.054345
0.041784
0.008785
-0.036161
-0.081532
-0.115601
-0.129352
-0.118740
-0.085731
-0.037845
0.013693
0.056731
0.081195
0.081558
0.058172
0.017125
-0.031305
-0.075206
-0.103944
-0.110699
-0.094043
-0.058189
-0.011931
0.033432
0.066639
0.078860
0.065431
0.026592
-0.032827
-0.104577
-0.178668
-0.245154
-0.295649
-0.324362
-0.328570
-0.308564
-0.267220
-0.209320
-0.140780
-0.067874
0.003468
0.068233
0.122734
0.164821
0.193890
0.210715
0.217144
0.215721
0.209307
0.200731
0.192504
0.186590
0.184233
0.185826
0.190836
0.197805
0.204444
0.207859
0.204901
0.192617
0.168743
0.132172
0.083293
0.024144
-0.041651
-0.109170
-0.172675
-0.226202
-0.264246
-0.282437
-0.278192
-0.251237
-0.203943
-0.141343
-0.070764
-0.001037
0.058656
0.100149
0.117600
0.108497
0.074107
0.019258
-0.048511
-0.120276
-0.187225
-0.242055
-0.280007
-0.299371
-0.301461
-0.290104
-0.270791
-0.249651
-0.232411
-0.223450
-0.225078
-0.237111
-0.256813
-0.279250
-0.298056
-0.306540
-0.298997
-0.272000
-0.225411
-0.162843
-0.091398
-0.020625
0.039165
0.078917
0.092757
0.079371
0.042485
-0.009708
-0.066086
-0.114762
-0.145396
-0.151138
-0.129778
-0.083919
-0.020185
0.052258
0.123490
0.184504
0.228454
0.251288
0.251791
0.231160
0.192343
0.139331
0.076577
0.008611
-0.060151
-0.125458
-0.183225
-0.229580
-0.261021
-0.274731
-0.269020
-0.243833
-0.201183
-0.145343
-0.082670
-0.020969
0.031551
0.067578
0.081975
0.072746
0.041427
-0.007217
-0.066149
-0.127457
-0.183864
-0.230006
-0.263189
-0.283491
-0.293225
-0.295942
-0.295243
-0.293706
-0.292160
-0.289468
-0.282841
-0.268573
-0.243037
-0.203679
-0.149822
-0.083109
-0.007516
0.071053
0.145483
0.208374
0.253017
0.274328
0.269624
0.239160
0.186343
0.117535
0.041413
-0.032123
-0.093350
-0.134233
-0.149741
-0.138686
-0.103855
-0.051362
0.010643
0.073642
0.130393
0.176166
0.209288
0.230904
0.244038
0.252265
0.258337
0.263168
0.265447
0.261999
0.248810
0.222446
0.181482
0.127531
0.065526
0.003119
-0.050746
-0.087783
-0.102352
-0.092984
-0.063008
-0.020055
0.025489
0.062748
0.082797
0.080703
0.056644
0.015866
-0.032533
-0.077654
-0.109202
-0.119666
-0.105784
-0.069010
-0.014944
0.048060
0.110738
0.164766
0.204237
0.226507
0.232331
0.225354
0.211132
0.195925
0.185464
0.183891
0.193009
0.211913
0.237073
0.262853
0.282430
0.289023
0.277258
0.244440
0.191463
0.123125
0.047655
-0.024544
-0.082787
-0.118271
-0.126041
-0.106275
-0.064516
-0.010695
0.042890
0.084222
0.104241
0.098892
0.070047
0.025053
-0.025003
-0.067907
-0.093176
-0.094494
-0.071161
-0.028230
0.024635
0.075301
0.111749
0.124537
0.108618
0.064184
-0.003525
-0.085307
-0.169672
-0.244746
-0.300064
-0.328028
-0.324884
-0.291168
-0.231602
-0.154486
-0.070591
0.008328
0.071272
0.109733
0.119140
0.099722
0.056551
-0.001294
-0.062323
-0.114703
-0.148366
-0.156739
-0.137738
-0.093883
-0.031561
0.040329
0.112004
0.174367
0.220216
0.244968
0.246860
0.226743
0.187591
0.133874
0.070904
0.004216
-0.060982
-0.120272
-0.170369
-0.209321
-0.236556
-0.252761
-0.259623
-0.259487
-0.254972
-0.248618
-0.242581
-0.238423
-0.236995
-0.238423
-0.242190
-0.247302
-0.252538
-0.256728
-0.259045
-0.259229
-0.257719
-0.255610
-0.254443
-0.255829
-0.260965
-0.270146
-0.282389
-0.295292
-0.305224
-0.307851
-0.298966
-0.275457
-0.236222
-0.182795
-0.119493
-0.053000
0.008606
0.057180
0.085949
0.090737
0.070716
0.028541
-0.030143
-0.097669
-0.165559
-0.225729
-0.271460
-0.298030
-0.302976
-0.286051
-0.248954
-0.194964
-0.128511
-0.054763
0.020766
0.092578
0.155512
0.205036
0.237517
0.250485
0.242905
0.215437
0.170625
0.112939
0.048564
-0.015114
-0.070341
-0.110021
-0.128785
-0.123860
-0.095570
-0.047327
0.014865
0.083292
0.149613
0.205944
0.245768
0.264605
0.260392
0.233620
0.187251
0.126433
0.058022
-0.010103
-0.069908
-0.114170
-0.137423
-0.136733
-0.112136
-0.066674
-0.006003
0.062344
0.129916
0.188373
0.230471
0.250901
0.246935
0.218832
0.169953
0.106523
0.036983
-0.029061
-0.082222
-0.114860
-0.122467
-0.104629
-0.065293
-0.012224
0.044290
0.093248
0.124899
0.132452
0.113198
0.068860
0.005145
-0.069330
-0.144489
-0.210334
-0.258309
-0.282354
-0.279554
-0.250397
-0.198653
-0.130909
-0.055783
0.017135
0.078526
0.120626
0.138332
0.129946
0.097365
0.045669
-0.017833
-0.084907
-0.147776
-0.200304
-0.238755
-0.262038
-0.271433
-0.269951
-0.261492
-0.250005
-0.238817
-0.230202
-0.225244
-0.223941
-0.225483
-0.228623
-0.232052
-0.234715
-0.236028
-0.235979
-0.235104
-0.234364
-0.234922
-0.237863
-0.243895
-0.253056
-0.264506
-0.276442
-0.286176
-0.290417
-0.285713
-0.269019
-0.238283
-0.192948
-0.134253
-0.065289
0.009239
0.083483
0.151089
0.205904
0.242673
0.257659
0.249148
0.217798
0.166779
0.101650
0.029909
-0.039806
-0.098792
-0.139503
-0.156696
-0.148269
-0.115588
-0.063234
0.001794
0.071233
0.136813
0.191352
0.229521
0.248169
0.246266
0.224588
0.185281
0.131455
0.066879
-0.004202
-0.077166
-0.147099
-0.208939
-0.257731
-0.289044
-0.299515
-0.287487
-0.253596
-0.201172
-0.136256
-0.067096
-0.003096
0.046697
0.075298
0.079315
0.059890
0.022756
-0.022745
-0.065531
-0.095178
-0.104287
-0.090254
-0.055965
-0.009209
0.039088
0.077403
0.096334
0.090828
0.061399
0.014046
-0.041081
-0.091919
-0.127075
-0.138172
-0.121411
-0.078109
-0.014157
0.061355
0.137948
0.205585
0.256150
0.284358
0.288062
0.268024
0.227338
0.170693
0.103617
0.031826
-0.039274
-0.104930
-0.161222
-0.205126
-0.234495
-0.248005
-0.245107
-0.226032
-0.191827
-0.144406
-0.086563
-0.021891
0.045400
0.110780
0.169743
0.218163
0.252590
0.270477
0.270335
0.251818
0.215778
0.164261
0.100451
0.028511
-0.046661
-0.119773
-0.185543
-0.239113
-0.276443
-0.294651
-0.292291
-0.269536
-0.228259
-0.171951
-0.105451
-0.034472
0.035056
0.097716
0.149305
0.187334
0.211246
0.222295
0.223122
0.217150
0.207918
0.198509
0.191164
0.187133
0.186730
0.189564
0.194827
0.201588
0.209002
0.216419
0.223394
0.229606
0.234771
0.238562
0.240598
0.240515
0.238094
0.233430
0.227052
0.219970
0.213575
0.209402
0.208764
0.212343
0.219825
0.229687
0.239214
0.244799
0.242481
0.228655
0.200805
0.158109
0.101777
0.035052
-0.037154
-0.108883
-0.173917
-0.226560
-0.262304
-0.278291
-0.273562
-0.249087
-0.207608
-0.153328
-0.091431
-0.027487
0.033233
0.086427
0.129320
0.160972
0.182254
0.195471
0.203689
0.209915
0.216303
0.223575
0.230788
0.235510
0.234363
0.223817
0.201045
0.164651
0.115115
0.054861
-0.012053
-0.080515
-0.145077
-0.200637
-0.242969
-0.269026
-0.277054
-0.266541
-0.238117
-0.193450
-0.135178
-0.066862
0.007062
0.081407
0.150457
0.208349
0.249608
0.269821
0.266381
0.239170
0.191025
0.127789
0.057819
-0.009091
-0.063271
-0.096952
-0.105886
-0.090402
-0.055560
-0.010294
0.034371
0.067651
0.081369
0.071791
0.040483
-0.006034
-0.057754
-0.103425
-0.133013
-0.139817
-0.121734
-0.081437
-0.025486
0.037353
0.098113
0.149462
0.186964
0.209525
0.219010
0.219223
0.214555
0.208659
0.203476
0.198787
0.192375
0.180690
0.159851
0.126723
0.079839
0.019996
-0.049599
-0.123599
-0.195165
-0.256848
-0.301600
-0.323769
-0.319997
-0.289891
-0.236371
-0.165589
-0.086347
-0.008993
0.056075
0.100098
0.117524
0.107112
0.072307
0.020746
-0.037043
-0.089507
-0.126123
-0.139228
-0.125277
-0.085313
-0.024639
0.048197
0.122843
0.188735
0.236604
0.259708
0.254701
0.222063
0.166090
0.094406
0.017006
-0.055121
-0.111637
-0.144559
-0.149700
-0.127536
-0.083260
-0.025939
0.033113
0.082433
0.112528
0.117576
0.096327
0.052048
-0.008436
-0.076332
-0.142699
-0.200093
-0.243684
-0.271692
-0.285132
-0.287048
-0.281487
-0.272481
-0.263278
-0.255923
-0.251226
-0.249024
-0.248612
-0.249178
-0.250119
-0.251176
-0.252380
-0.253862
-0.255628
-0.257404
-0.258615
-0.258528
-0.256532
-0.252452
-0.246805
-0.240868
-0.236504
-0.235723
-0.240077
-0.250006
-0.264339
-0.280121
-0.292886
-0.297407
-0.288807
-0.263828
-0.221930
-0.165936
-0.101961
-0.038545
0.014900
0.050033
0.061475
0.048177
0.013899
-0.033379
-0.083013
-0.123880
-0.146670
-0.145749
-0.120154
-0.073514
-0.012956
0.052676
0.114828
0.166948
0.205524
0.230250
0.243356
0.248375
0.248709
0.246430
0.241620
0.232437
0.215868
0.188954
0.150135
0.100324
0.043361
-0.014326
-0.064846
-0.100509
-0.115643
-0.108086
-0.079968
-0.037538
0.009935
0.051972
0.078963
0.084042
0.064367
0.021529
-0.038910
-0.108592
-0.177936
-0.237747
-0.280564
-0.301554
-0.298887
-0.273629
-0.229287
-0.171094
-0.105194
-0.037788
0.025656
0.081045
0.126070
0.160321
0.185060
0.202679
0.215961
0.227262
0.237829
0.247390
0.254149
0.255184
0.247185
0.227367
0.194315
0.148574
0.092782
0.031305
-0.030569
-0.087692
-0.136088
-0.173704
-0.200652
-0.218881
-0.231352
-0.240949
-0.249420
-0.256653
-0.260533
-0.257430
-0.243264
-0.214867
-0.171309
-0.114784
-0.050780
0.012623
0.066234
0.101700
0.113480
0.100319
0.065828
0.017940
-0.032656
-0.074793
-0.099270
-0.100879
-0.079540
-0.040283
0.007911
0.054092
0.087678
0.100589
0.088737
0.052586
-0.003232
-0.071052
-0.141731
-0.206238
-0.256962
-0.288553
-0.298240
-0.285717
-0.252744
-0.202628
-0.139702
-0.068901
0.004561
0.075429
0.138597
0.189324
0.223510
0.238073
0.231402
0.203828
0.157984
0.098909
0.033743
-0.029048
-0.080872
-0.114461
-0.125277
-0.112534
-0.079570
-0.033389
0.016546
0.060059
0.088164
0.094707
0.077399
0.038054
-0.017961
-0.082884
-0.148016
-0.205148
-0.247683
-0.271314
-0.274212
-0.256836
-0.221483
-0.171740
-0.111957
-0.046793
0.019123
0.081428
0.136182
0.179974
0.210014
0.224235
0.221443
0.201492
0.165454
0.115716
0.055933
-0.009227
-0.074550
-0.134897
-0.185874
-0.224417
-0.249160
-0.260536
-0.260581
-0.252509
-0.240148
-0.227338
-0.217375
-0.212570
-0.213953
-0.221148
-0.232410
-0.244851
-0.254817
-0.258424
-0.252169
-0.233551
-0.201581
-0.157076
-0.102638
-0.042296
0.019148
0.076944
0.127206
0.167524
0.197234
0.217278
0.229696
0.236890
0.240852
0.242549
0.241628
0.236517
0.224884
0.204358
0.173308
0.131486
0.080354
0.023002
-0.036330
-0.093025
-0.142940
-0.183146
-0.212363
-0.231007
-0.240873
-0.244555
-0.244784
-0.243852
-0.243257
-0.243629
-0.244914
-0.246722
-0.248713
-0.250874
-0.253609
-0.257582
-0.263372
-0.271019
-0.279626
-0.287160
-0.290563
-0.286220
-0.270733
-0.241838
-0.199257
-0.145231
-0.084555
-0.024005
0.028763
0.066636
0.084471
0.080166
0.055100
0.013806
-0.037055
-0.090157
-0.139046
-0.179364
-0.209444
-0.230175
-0.244184
-0.254609
-0.263810
-0.272390
-0.278810
-0.279727
-0.270968
-0.248911
-0.211888
-0.161210
-0.101487
-0.040095
0.014169
0.052946
0.070250
0.063990
0.036683
-0.004888
-0.050978
-0.090889
-0.115178
-0.117562
-0.096065
-0.053190
0.004891
0.069845
0.133021
0.187137
0.227485
0.252420
0.263132
0.262862
0.255825
0.246130
0.236952
0.230099
0.226006
0.224076
0.223215
0.222385
0.221017
0.219177
0.217448
0.216601
0.217131
0.218826
0.220483
0.219880
0.214031
0.199695
0.174042
0.135339
0.083503
0.020427
-0.050020
-0.122302
-0.189801
-0.245603
-0.283386
-0.298324
-0.287898
-0.252519
-0.195828
-0.124556
-0.047855
0.023901
0.080717
0.114751
0.121874
0.102660
0.062514
0.010785
-0.040985
-0.081381
-0.101469
-0.096691
-0.067827
-0.020839
0.034391
0.086104
0.123044
0.136628
0.122485
0.081102
0.017525
-0.059703
-0.140090
-0.212879
-0.268584
-0.300186
-0.303896
-0.279480
-0.230175
-0.162251
-0.084246
-0.005944
0.062843
0.113528
0.139894
0.138924
0.111183
0.060670
-0.005810
-0.079647
-0.151599
-0.212962
-0.256568
-0.277540
-0.273758
-0.246041
-0.198058
-0.135936
-0.067597
-0.001800
0.053010
0.089907
0.104539
0.095796
0.065923
0.020011
-0.035058
-0.091979
-0.144405
-0.188016
-0.221029
-0.244072
-0.259453
-0.270082
-0.278310
-0.285026
-0.289240
-0.288278
-0.278548
-0.256682
-0.220772
-0.171360
-0.111910
-0.048588
0.010622
0.057316
0.084250
0.086751
0.063649
0.017540
-0.045660
-0.117711
-0.189368
-0.251739
-0.297436
-0.321380
-0.321196
-0.297232
-0.252271
-0.191021
-0.119447
-0.044024
0.029030
0.094455
0.148489
0.189167
0.216336
0.231382
0.236741
0.235315
0.229906
0.222806
0.215588
0.209127
0.203800
0.199775
0.197284
0.196787
0.198952
0.204444
0.213565
0.225849
0.239729
0.252436
0.260207
0.258856
0.244629
0.215210
0.170605
0.113699
0.050219
-0.011949
-0.064076
-0.098269
-0.109187
-0.095373
-0.059861
-0.009856
0.044462
0.091799
0.121856
0.127245
0.104823
0.056201
-0.012613
-0.092301
-0.171793
-0.239989
-0.287379
-0.307344
-0.297041
-0.257791
-0.194961
-0.117315
-0.035874
0.037657
0.092712
0.121678
0.121351
0.093699
0.045670
-0.012001
-0.066849
-0.107177
-0.124479
-0.115233
-0.081628
-0.031048
0.025573
0.076141
0.109961
0.119893
0.103607
0.063720
0.006853
-0.058078
-0.121883
-0.176926
-0.218368
-0.244616
-0.256995
-0.258835
-0.254293
-0.247246
-0.240514
-0.235547
-0.232581
-0.231120
-0.230534
-0.230559
-0.231523
-0.234213
-0.239447
-0.247465
-0.257372
-0.266848
-0.272276
-0.269358
-0.254122
-0.224108
-0.179417
-0.123303
-0.062055
-0.004071
0.041748
0.067968
0.070475
0.049725
0.010987
-0.036566
-0.081799
-0.114140
-0.126100
-0.115128
-0.084292
-0.041586
0.002034
0.035383
0.049881
0.041752
0.013008
-0.029042
-0.073660
-0.109428
-0.127189
-0.122398
-0.096283
-0.055505
-0.010416
0.027642
0.049267
0.049422
0.028694
-0.006910
-0.047569
-0.082242
-0.101545
-0.100178
-0.078267
-0.041292
0.001357
0.038823
0.061558
0.063740
0.044714
0.009132
-0.034221
-0.074555
-0.101618
-0.108001
-0.090668
-0.051391
0.003925
0.066792
0.128101
0.180028
0.217433
0.238514
0.244660
0.239661
0.228534
0.216287
0.206889
0.202632
0.203961
0.209710
0.217646
0.225160
0.229945
0.230541
0.226657
0.219243
0.210304
0.202502
0.198594
0.200802
0.210208
0.226275
0.246635
0.267208
0.282718
0.287576
0.277013
0.248261
0.201517
0.140423
0.071858
0.004968
-0.050445
-0.085885
-0.096054
-0.080202
-0.042576
0.008222
0.060881
0.103695
0.127041
0.125444
0.098768
0.052254
-0.004574
-0.059879
-0.101894
-0.121213
-0.112514
-0.075444
-0.014549
0.061625
0.142020
0.214851
0.269395
0.297543
0.294966
0.261769
0.202565
0.125921
0.043174
-0.033277
-0.092014
-0.124648
-0.127470
-0.102319
-0.056374
-0.000827
0.051387
0.088327
0.101671
0.088583
0.052364
0.001689
-0.051411
-0.094377
-0.117059
-0.114089
-0.086100
-0.039533
0.014898
0.064684
0.098313
0.107721
0.089843
0.046964
-0.014110
-0.083787
-0.151837
-0.209447
-0.250729
-0.273450
-0.278918
-0.271202
-0.255944
-0.239072
-0.225685
-0.219268
-0.221318
-0.231332
-0.247096
-0.265143
-0.281314
-0.291315
-0.291255
-0.278113
-0.250128
-0.207066
-0.150361
-0.083091
-0.009780
0.063950
0.131873
0.187753
0.226011
0.242421
0.234777
0.203445
0.151672
0.085539
0.013430
-0.054999
-0.110260
-0.144663
-0.153793
-0.137509
-0.100145
-0.049819
0.003066
0.047832
0.075586
0.080886
0.062604
0.023847
-0.029040
-0.088073
-0.145428
-0.194981
-0.233255
-0.259580
-0.275528
-0.283834
-0.287154
-0.287017
-0.283270
-0.274152
-0.256982
-0.229250
-0.189810
-0.139807
-0.083062
-0.025736
0.024680
0.060840
0.077119
0.070884
0.043124
-0.001740
-0.056809
-0.114206
-0.166706
-0.209118
-0.239068
-0.257039
-0.265699
-0.268747
-0.269606
-0.270313
-0.270894
-0.269357
-0.262293
-0.245905
-0.217180
-0.174895
-0.120195
-0.056589
0.010626
0.075372
0.131960
0.176154
0.205867
0.221375
0.225025
0.220565
0.212275
0.204112
0.199040
0.198654
0.203119
0.211398
0.221659
0.231776
0.239816
0.244427
0.245089
0.242188
0.236932
0.231109
0.226726
0.225580
0.228811
0.236525
0.247560
0.259460
0.268713
0.271253
0.263145
0.241371
0.204530
0.153296
0.090504
0.020806
-0.050072
-0.116306
-0.172984
-0.216920
-0.247071
-0.264489
-0.271818
-0.272474
-0.269718
-0.265835
-0.261602
-0.256156
-0.247276
-0.232000
-0.207429
-0.171534
-0.123806
-0.065596
-0.000116
0.067898
0.132781
0.188667
0.230244
0.253429
0.255906
0.237452
0.200024
0.147565
0.085521
0.020094
-0.042675
-0.097846
-0.142338
-0.175340
-0.198220
-0.213948
-0.226117
-0.237801
-0.250535
-0.263681
-0.274391
-0.278217
-0.270263
-0.246629
-0.205785
-0.149514
-0.083126
-0.014806
0.045818
0.089608
0.109912
0.104141
0.074543
0.027938
-0.025527
-0.074336
-0.107839
-0.118261
-0.102075
-0.060494
0.000947
0.073533
0.146956
0.210984
0.256929
0.278741
0.273628
0.242241
0.188467
0.118890
0.041986
-0.032895
-0.096682
-0.141742
-0.162884
-0.158050
-0.128534
-0.078713
-0.015305
0.053654
0.119946
0.176189
0.216594
0.237403
0.237007
0.215841
0.176114
0.121469
0.056590
-0.013232
-0.082569
-0.146349
-0.200339
-0.241558
-0.268556
-0.281524
-0.282215
-0.273684
-0.259862
-0.245025
-0.233176
-0.227416
-0.229373
-0.238784
-0.253341
-0.268882
-0.279980
-0.280900
-0.266803
-0.234968
-0.185771
-0.123131
-0.054227
0.011572
0.064424
0.096052
0.101651
0.081179
0.039657
-0.013665
-0.067163
-0.109307
-0.131184
-0.128461
-0.102309
-0.059067
-0.008725
0.037375
0.069071
0.079513
0.066414
0.032166
-0.017115
-0.073324
-0.128353
-0.175840
-0.212240
-0.237021
-0.252028
-0.260263
-0.264495
-0.266117
-0.264574
-0.257542
-0.241788
-0.214483
-0.174557
-0.123698
-0.066646
-0.010601
0.036159
0.066172
0.074698
0.061133
0.029487
-0.012259
-0.053854
-0.085128
-0.098438
-0.090569
-0.063580
-0.024356
0.017059
0.049945
0.065576
0.059410
0.032245
-0.009942
-0.057424
-0.099022
-0.124708
-0.127838
-0.106495
-0.063656
-0.006208
0.056858
0.116578
0.165926
0.201029
0.221486
0.229765
0.229957
0.226250
0.221567
0.216721
0.210284
0.199186
0.179846
0.149542
0.107610
0.056181
0.000206
-0.053238
-0.096216
-0.121487
-0.123970
-0.101808
-0.056802
0.005838
0.078314
0.151447
0.216001
0.263917
0.289297
0.289063
0.263272
0.215095
0.150461
0.077382
0.004996
-0.057608
-0.102629
-0.124677
-0.121554
-0.094539
-0.048088
0.010994
0.074754
0.135411
0.186539
0.223912
0.245872
0.253245
0.248864
0.236857
0.221833
0.208118
0.199113
0.196840
0.201707
0.212481
0.226477
0.239949
0.248632
0.248398
0.235920
0.209256
0.168242
0.114606
0.051786
-0.015527
-0.082022
-0.142454
-0.192240
-0.227879
-0.247152
-0.249129
-0.234049
-0.203154
-0.158526
-0.102967
-0.039903
0.026715
0.092538
0.153014
0.203645
0.240328
0.259740
0.259762
0.239848
0.201301
0.147311
0.082727
0.013498
-0.054141
-0.114613
-0.163866
-0.199981
-0.223328
-0.236244
-0.242280
-0.245193
-0.247926
-0.251822
-0.256267
-0.258834
-0.255911
-0.243656
-0.219041
-0.180747
-0.129686
-0.069021
-0.003691
0.060456
0.117714
0.163518
0.195191
0.212297
0.216572
0.211490
0.201560
0.191513
0.185486
0.186329
0.195101
0.210823
0.230521
0.249596
0.262507
0.263718
0.248800
0.215501
0.164574
0.100120
0.029295
-0.038688
-0.094131
-0.128729
-0.137365
-0.119372
-0.078958
-0.024595
0.032505
0.080542
0.109413
0.112634
0.088465
0.040032
-0.025545
-0.098751
-0.169618
-0.229566
-0.272781
-0.296913
-0.303051
-0.295087
-0.278682
-0.260064
-0.244887
-0.237303
-0.239349
-0.250679
-0.268662
-0.288794
-0.305407
-0.312591
-0.305228
-0.280002
-0.236207
-0.176192
-0.105297
-0.031250
0.036941
0.090395
0.121827
0.126776
0.104360
0.057414
-0.007973
-0.083407
-0.159410
-0.226693
-0.277281
-0.305387
-0.307986
-0.285074
-0.239637
-0.177333
-0.105876
-0.034157
0.028849
0.075272
0.099433
0.098654
0.073612
0.028167
-0.031303
-0.096915
-0.160451
-0.214433
-0.252972
-0.272263
-0.270747
-0.248984
-0.209337
-0.155540
-0.092217
-0.024408
0.042889
0.105101
0.158367
0.199705
0.227040
0.239139
0.235490
0.216214
0.182025
0.134285
0.075107
0.007471
-0.064734
-0.136772
-0.203293
-0.258720
-0.297805
-0.316287
-0.311611
-0.283572
-0.234752
-0.170595
-0.098992
-0.029339
0.028855
0.067594
0.081915
0.070977
0.038397
-0.008290
-0.058989
-0.102952
-0.130819
-0.136354
-0.117497
-0.076528
-0.019353
0.045866
0.110404
0.166599
0.209089
0.235464
0.246284
0.244567
0.234909
0.222466
0.211973
0.206955
0.209206
0.218573
0.233046
0.249106
0.262305
0.267993
0.262112
0.241926
0.206586
0.157380
0.097610
0.032078
-0.033746
-0.094696
-0.146823
-0.188020
-0.218203
-0.239001
-0.253024
-0.262906
-0.270371
-0.275584
-0.276968
-0.271575
-0.255946
-0.227261
-0.184486
-0.129216
-0.065952
-0.001665
0.055286
0.096691
0.116120
0.110272
0.079706
0.028781
-0.035177
-0.103280
-0.166715
-0.218266
-0.253393
-0.270713
-0.271858
-0.260811
-0.242933
-0.223893
-0.208690
-0.200901
-0.202227
-0.212343
-0.229034
-0.248576
-0.266306
-0.277325
-0.277245
-0.262905
-0.232916
-0.187968
-0.130793
-0.065784
0.001689
0.066131
0.122783
0.168313
0.201199
0.221748
0.231784
0.234092
0.231775
0.227659
0.223863
0.221585
0.221115
0.222015
0.223415
0.224324
0.223898
0.221626
0.217409
0.211546
